#t= 1.880000
    2.5000000000E-02     1.0000000000E+00
    7.5000000000E-02     1.0000000000E+00
    1.2500000000E-01     1.0000000000E+00
    1.7500000000E-01     1.0000000000E+00
    2.2500000000E-01     1.0000000000E+00
    2.7500000000E-01     1.0000000000E+00
    3.2500000000E-01     1.0000000000E+00
    3.7500000000E-01     1.0000000000E+00
    4.2500000000E-01     1.0000000000E+00
    4.7500000000E-01     1.0000000000E+00
    5.2500000000E-01     1.0000000000E+00
    5.7500000000E-01     1.0000000000E+00
    6.2500000000E-01     1.0000000000E+00
    6.7500000000E-01     1.0000000000E+00
    7.2500000000E-01     1.0000000000E+00
    7.7500000000E-01     1.0000000000E+00
    8.2500000000E-01     1.0000000000E+00
    8.7500000000E-01     1.0000000000E+00
    9.2500000000E-01     1.0000000000E+00
    9.7500000000E-01     1.0000000000E+00
    1.0250000000E+00     1.0000000000E+00
    1.0750000000E+00     1.0000000000E+00
    1.1250000000E+00     1.0000000000E+00
    1.1750000000E+00     1.0000000000E+00
    1.2250000000E+00     1.0000000000E+00
    1.2750000000E+00     1.0000000000E+00
    1.3250000000E+00     1.0000000000E+00
    1.3750000000E+00     1.0000000000E+00
    1.4250000000E+00     1.0000000000E+00
    1.4750000000E+00     1.0000000000E+00
    1.5250000000E+00     1.0000000000E+00
    1.5750000000E+00     1.0000000000E+00
    1.6250000000E+00     1.0000000000E+00
    1.6750000000E+00     1.0000000000E+00
    1.7250000000E+00     1.0000000000E+00
    1.7750000000E+00     1.0000000000E+00
    1.8250000000E+00     1.0000000000E+00
    1.8750000000E+00     1.0000000000E+00
    1.9250000000E+00     1.0000000000E+00
    1.9750000000E+00     1.0000000000E+00
    2.0250000000E+00     1.0000000000E+00
    2.0750000000E+00     1.0000000000E+00
    2.1250000000E+00     1.0000000000E+00
    2.1750000000E+00     1.0000000000E+00
    2.2250000000E+00     1.0000000000E+00
    2.2750000000E+00     1.0000000000E+00
    2.3250000000E+00     9.9999999998E-01
    2.3750000000E+00     9.9999999992E-01
    2.4250000000E+00     9.9999999967E-01
    2.4750000000E+00     9.9999999876E-01
    2.5250000000E+00     9.9999999548E-01
    2.5750000000E+00     9.9999998415E-01
    2.6250000000E+00     9.9999994672E-01
    2.6750000000E+00     9.9999982818E-01
    2.7250000000E+00     9.9999946848E-01
    2.7750000000E+00     9.9999842311E-01
    2.8250000000E+00     9.9999551418E-01
    2.8750000000E+00     9.9998776626E-01
    2.9250000000E+00     9.9996802162E-01
    2.9750000000E+00     9.9991990124E-01
    3.0250000000E+00     9.9980780158E-01
    3.0750000000E+00     9.9955832564E-01
    3.1250000000E+00     9.9902826206E-01
    3.1750000000E+00     9.9795378442E-01
    3.2250000000E+00     9.9587744504E-01
    3.2750000000E+00     9.9205576405E-01
    3.3250000000E+00     9.8536236858E-01
    3.3750000000E+00     9.7421926678E-01
    3.4250000000E+00     9.5660732833E-01
    3.4750000000E+00     9.3021642035E-01
    3.5250000000E+00     8.9278236331E-01
    3.5750000000E+00     8.4261108065E-01
    3.6250000000E+00     7.7921172134E-01
    3.6750000000E+00     7.0387274804E-01
    3.7250000000E+00     6.1996043668E-01
    3.7750000000E+00     5.3274379132E-01
    3.8250000000E+00     4.4867438375E-01
    3.8750000000E+00     3.7424482454E-01
    3.9250000000E+00     3.1473539641E-01
    3.9750000000E+00     2.7323842936E-01
    4.0250000000E+00     2.5026775033E-01
    4.0750000000E+00     2.4404184888E-01
    4.1250000000E+00     2.5127708023E-01
    4.1750000000E+00     2.6816398141E-01
    4.2250000000E+00     2.9119519578E-01
    4.2750000000E+00     3.1764606527E-01
    4.3250000000E+00     3.4568885968E-01
    4.3750000000E+00     3.7425394539E-01
    4.4250000000E+00     4.0279094701E-01
    4.4750000000E+00     4.3104638903E-01
    4.5250000000E+00     4.5890964875E-01
    4.5750000000E+00     4.8632782185E-01
    4.6250000000E+00     5.1326749246E-01
    4.6750000000E+00     5.3970082769E-01
    4.7250000000E+00     5.6560156114E-01
    4.7750000000E+00     5.9094411493E-01
    4.8250000000E+00     6.1570347823E-01
    4.8750000000E+00     6.3985521652E-01
    4.9250000000E+00     6.6337549497E-01
    4.9750000000E+00     6.8624110189E-01
    5.0250000000E+00     7.0842947170E-01
    5.0750000000E+00     7.2991870715E-01
    5.1250000000E+00     7.5068760096E-01
    5.1750000000E+00     7.7071565673E-01
    5.2250000000E+00     7.8998310921E-01
    5.2750000000E+00     8.0847094373E-01
    5.3250000000E+00     8.2616091504E-01
    5.3750000000E+00     8.4303556527E-01
    5.4250000000E+00     8.5907824117E-01
    5.4750000000E+00     8.7427311057E-01
    5.5250000000E+00     8.8860517796E-01
    5.5750000000E+00     9.0206029933E-01
    5.6250000000E+00     9.1462519608E-01
    5.6750000000E+00     9.2628746820E-01
    5.7250000000E+00     9.3703560641E-01
    5.7750000000E+00     9.4685900361E-01
    5.8250000000E+00     9.5574796528E-01
    5.8750000000E+00     9.6369371911E-01
    5.9250000000E+00     9.7068842358E-01
    5.9750000000E+00     9.7672517577E-01
    6.0250000000E+00     9.8179801813E-01
    6.0750000000E+00     9.8590194439E-01
    6.1250000000E+00     9.8903290445E-01
    6.1750000000E+00     9.9118780845E-01
    6.2250000000E+00     9.9236452974E-01
    6.2750000000E+00     9.9256190705E-01
    6.3250000000E+00     9.9177974560E-01
    6.3750000000E+00     9.9001881727E-01
    6.4250000000E+00     9.8728085990E-01
    6.4750000000E+00     9.8356857552E-01
    6.5250000000E+00     9.7888562770E-01
    6.5750000000E+00     9.7323663795E-01
    6.6250000000E+00     9.6662718113E-01
    6.6750000000E+00     9.5906377999E-01
    6.7250000000E+00     9.5055389869E-01
    6.7750000000E+00     9.4110593546E-01
    6.8250000000E+00     9.3072921428E-01
    6.8750000000E+00     9.1943397574E-01
    6.9250000000E+00     9.0723136687E-01
    6.9750000000E+00     8.9413343017E-01
    7.0250000000E+00     8.8015309173E-01
    7.0750000000E+00     8.6530414845E-01
    7.1250000000E+00     8.4960125444E-01
    7.1750000000E+00     8.3305990657E-01
    7.2250000000E+00     8.1569642914E-01
    7.2750000000E+00     7.9752795782E-01
    7.3250000000E+00     7.7857242270E-01
    7.3750000000E+00     7.5884853059E-01
    7.4250000000E+00     7.3837574659E-01
    7.4750000000E+00     7.1717427488E-01
    7.5250000000E+00     6.9526503875E-01
    7.5750000000E+00     6.7266965997E-01
    7.6250000000E+00     6.4941043744E-01
    7.6750000000E+00     6.2551032521E-01
    7.7250000000E+00     6.0099290982E-01
    7.7750000000E+00     5.7588238697E-01
    7.8250000000E+00     5.5020353775E-01
    7.8750000000E+00     5.2398170405E-01
    7.9250000000E+00     4.9724276368E-01
    7.9750000000E+00     4.7001310473E-01
    8.0250000000E+00     4.4231959959E-01
    8.0750000000E+00     4.1418957840E-01
    8.1250000000E+00     3.8565080211E-01
    8.1750000000E+00     3.5673143504E-01
    8.2250000000E+00     3.2746001711E-01
    8.2750000000E+00     2.9786543568E-01
    8.3250000000E+00     2.6797689703E-01
    8.3750000000E+00     2.3782389753E-01
    8.4250000000E+00     2.0743619455E-01
    8.4750000000E+00     1.7684377710E-01
    8.5250000000E+00     1.4607683619E-01
    8.5750000000E+00     1.1516573508E-01
    8.6250000000E+00     8.4140979291E-02
    8.6750000000E+00     5.3033186515E-02
    8.7250000000E+00     2.1873056387E-02
    8.7750000000E+00    -9.3086598077E-03
    8.8250000000E+00    -4.0481189479E-02
    8.8750000000E+00    -7.1613769103E-02
    8.9250000000E+00    -1.0267567458E-01
    8.9750000000E+00    -1.3363625157E-01
    9.0250000000E+00    -1.6446494571E-01
    9.0750000000E+00    -1.9513133280E-01
    9.1250000000E+00    -2.2560514883E-01
    9.1750000000E+00    -2.5585631981E-01
    9.2250000000E+00    -2.8585499150E-01
    9.2750000000E+00    -3.1557155882E-01
    9.3250000000E+00    -3.4497669511E-01
    9.3750000000E+00    -3.7404138105E-01
    9.4250000000E+00    -4.0273693331E-01
    9.4750000000E+00    -4.3103503284E-01
    9.5250000000E+00    -4.5890775283E-01
    9.5750000000E+00    -4.8632758627E-01
    9.6250000000E+00    -5.1326747310E-01
    9.6750000000E+00    -5.3970082690E-01
    9.7250000000E+00    -5.6560156114E-01
    9.7750000000E+00    -5.9094411493E-01
    9.8250000000E+00    -6.1570347823E-01
    9.8750000000E+00    -6.3985521652E-01
    9.9250000000E+00    -6.6337549497E-01
    9.9750000000E+00    -6.8624110189E-01
