#t= 0.480000
    2.5000000000E-02     1.0000000000E+00
    7.5000000000E-02     1.0000000000E+00
    1.2500000000E-01     1.0000000000E+00
    1.7500000000E-01     1.0000000000E+00
    2.2500000000E-01     9.9999999995E-01
    2.7500000000E-01     9.9999999924E-01
    3.2500000000E-01     9.9999999016E-01
    3.7500000000E-01     9.9999989683E-01
    4.2500000000E-01     9.9999910417E-01
    4.7500000000E-01     9.9999347272E-01
    5.2500000000E-01     9.9995972109E-01
    5.7500000000E-01     9.9978812179E-01
    6.2500000000E-01     9.9904573054E-01
    6.7500000000E-01     9.9631015948E-01
    7.2500000000E-01     9.8773506987E-01
    7.7500000000E-01     9.6494714922E-01
    8.2500000000E-01     9.1391814631E-01
    8.7500000000E-01     8.1852403403E-01
    9.2500000000E-01     6.7170599534E-01
    9.7500000000E-01     4.8955218216E-01
    1.0250000000E+00     3.1352682630E-01
    1.0750000000E+00     1.8954739820E-01
    1.1250000000E+00     1.3700328049E-01
    1.1750000000E+00     1.3920778809E-01
    1.2250000000E+00     1.6541063719E-01
    1.2750000000E+00     1.9624678815E-01
    1.3250000000E+00     2.2688926722E-01
    1.3750000000E+00     2.5730783398E-01
    1.4250000000E+00     2.8747246898E-01
    1.4750000000E+00     3.1735340335E-01
    1.5250000000E+00     3.4692114823E-01
    1.5750000000E+00     3.7614652382E-01
    1.6250000000E+00     4.0500068820E-01
    1.6750000000E+00     4.3345516580E-01
    1.7250000000E+00     4.6148187549E-01
    1.7750000000E+00     4.8905315828E-01
    1.8250000000E+00     5.1614180464E-01
    1.8750000000E+00     5.4272108136E-01
    1.9250000000E+00     5.6876475789E-01
    1.9750000000E+00     5.9424713228E-01
    2.0250000000E+00     6.1914305649E-01
    2.0750000000E+00     6.4342796126E-01
    2.1250000000E+00     6.6707788031E-01
    2.1750000000E+00     6.9006947402E-01
    2.2250000000E+00     7.1238005248E-01
    2.2750000000E+00     7.3398759784E-01
    2.3250000000E+00     7.5487078605E-01
    2.3750000000E+00     7.7500900793E-01
    2.4250000000E+00     7.9438238949E-01
    2.4750000000E+00     8.1297181154E-01
    2.5250000000E+00     8.3075892856E-01
    2.5750000000E+00     8.4772618682E-01
    2.6250000000E+00     8.6385684168E-01
    2.6750000000E+00     8.7913497413E-01
    2.7250000000E+00     8.9354550650E-01
    2.7750000000E+00     9.0707421733E-01
    2.8250000000E+00     9.1970775543E-01
    2.8750000000E+00     9.3143365300E-01
    2.9250000000E+00     9.4224033802E-01
    2.9750000000E+00     9.5211714558E-01
    3.0250000000E+00     9.6105432847E-01
    3.0750000000E+00     9.6904306676E-01
    3.1250000000E+00     9.7607547654E-01
    3.1750000000E+00     9.8214461767E-01
    3.2250000000E+00     9.8724450064E-01
    3.2750000000E+00     9.9137009248E-01
    3.3250000000E+00     9.9451732172E-01
    3.3750000000E+00     9.9668308244E-01
    3.4250000000E+00     9.9786523729E-01
    3.4750000000E+00     9.9806261962E-01
    3.5250000000E+00     9.9727503464E-01
    3.5750000000E+00     9.9550325961E-01
    3.6250000000E+00     9.9274904304E-01
    3.6750000000E+00     9.8901510303E-01
    3.7250000000E+00     9.8430512452E-01
    3.7750000000E+00     9.7862375569E-01
    3.8250000000E+00     9.7197660336E-01
    3.8750000000E+00     9.6437022747E-01
    3.9250000000E+00     9.5581213459E-01
    3.9750000000E+00     9.4631077054E-01
    4.0250000000E+00     9.3587551200E-01
    4.0750000000E+00     9.2451665732E-01
    4.1250000000E+00     9.1224541633E-01
    4.1750000000E+00     8.9907389924E-01
    4.2250000000E+00     8.8501510476E-01
    4.2750000000E+00     8.7008290722E-01
    4.3250000000E+00     8.5429204289E-01
    4.3750000000E+00     8.3765809547E-01
    4.4250000000E+00     8.2019748063E-01
    4.4750000000E+00     8.0192742990E-01
    4.5250000000E+00     7.8286597362E-01
    4.5750000000E+00     7.6303192314E-01
    4.6250000000E+00     7.4244485227E-01
    4.6750000000E+00     7.2112507797E-01
    4.7250000000E+00     6.9909364028E-01
    4.7750000000E+00     6.7637228157E-01
    4.8250000000E+00     6.5298342507E-01
    4.8750000000E+00     6.2895015277E-01
    4.9250000000E+00     6.0429618261E-01
    4.9750000000E+00     5.7904584507E-01
    5.0250000000E+00     5.5322405919E-01
    5.0750000000E+00     5.2685630796E-01
    5.1250000000E+00     4.9996861315E-01
    5.1750000000E+00     4.7258750969E-01
    5.2250000000E+00     4.4474001941E-01
    5.2750000000E+00     4.1645362443E-01
    5.3250000000E+00     3.8775624000E-01
    5.3750000000E+00     3.5867618698E-01
    5.4250000000E+00     3.2924216386E-01
    5.4750000000E+00     2.9948321847E-01
    5.5250000000E+00     2.6942871931E-01
    5.5750000000E+00     2.3910832653E-01
    5.6250000000E+00     2.0855196270E-01
    5.6750000000E+00     1.7778978326E-01
    5.7250000000E+00     1.4685214677E-01
    5.7750000000E+00     1.1576958494E-01
    5.8250000000E+00     8.4572772501E-02
    5.8750000000E+00     5.3292496952E-02
    5.9250000000E+00     2.1959628142E-02
    5.9750000000E+00    -9.3949121697E-03
    6.0250000000E+00    -4.0740180837E-02
    6.0750000000E+00    -7.2045243865E-02
    6.1250000000E+00    -1.0327920694E-01
    6.1750000000E+00    -1.3441124590E-01
    6.2250000000E+00    -1.6541063719E-01
    6.2750000000E+00    -1.9624678815E-01
    6.3250000000E+00    -2.2688926722E-01
    6.3750000000E+00    -2.5730783398E-01
    6.4250000000E+00    -2.8747246898E-01
    6.4750000000E+00    -3.1735340335E-01
    6.5250000000E+00    -3.4692114823E-01
    6.5750000000E+00    -3.7614652382E-01
    6.6250000000E+00    -4.0500068820E-01
    6.6750000000E+00    -4.3345516580E-01
    6.7250000000E+00    -4.6148187549E-01
    6.7750000000E+00    -4.8905315828E-01
    6.8250000000E+00    -5.1614180464E-01
    6.8750000000E+00    -5.4272108136E-01
    6.9250000000E+00    -5.6876475789E-01
    6.9750000000E+00    -5.9424713228E-01
    7.0250000000E+00    -6.1914305649E-01
    7.0750000000E+00    -6.4342796126E-01
    7.1250000000E+00    -6.6707788031E-01
    7.1750000000E+00    -6.9006947402E-01
    7.2250000000E+00    -7.1238005248E-01
    7.2750000000E+00    -7.3398759784E-01
    7.3250000000E+00    -7.5487078605E-01
    7.3750000000E+00    -7.7500900793E-01
    7.4250000000E+00    -7.9438238949E-01
    7.4750000000E+00    -8.1297181154E-01
    7.5250000000E+00    -8.3075892856E-01
    7.5750000000E+00    -8.4772618682E-01
    7.6250000000E+00    -8.6385684168E-01
    7.6750000000E+00    -8.7913497413E-01
    7.7250000000E+00    -8.9354550650E-01
    7.7750000000E+00    -9.0707421733E-01
    7.8250000000E+00    -9.1970775543E-01
    7.8750000000E+00    -9.3143365300E-01
    7.9250000000E+00    -9.4224033802E-01
    7.9750000000E+00    -9.5211714558E-01
    8.0250000000E+00    -9.6105432847E-01
    8.0750000000E+00    -9.6904306676E-01
    8.1250000000E+00    -9.7607547654E-01
    8.1750000000E+00    -9.8214461767E-01
    8.2250000000E+00    -9.8724450064E-01
    8.2750000000E+00    -9.9137009248E-01
    8.3250000000E+00    -9.9451732172E-01
    8.3750000000E+00    -9.9668308244E-01
    8.4250000000E+00    -9.9786523729E-01
    8.4750000000E+00    -9.9806261962E-01
    8.5250000000E+00    -9.9727503464E-01
    8.5750000000E+00    -9.9550325961E-01
    8.6250000000E+00    -9.9274904304E-01
    8.6750000000E+00    -9.8901510303E-01
    8.7250000000E+00    -9.8430512452E-01
    8.7750000000E+00    -9.7862375569E-01
    8.8250000000E+00    -9.7197660336E-01
    8.8750000000E+00    -9.6437022747E-01
    8.9250000000E+00    -9.5581213459E-01
    8.9750000000E+00    -9.4631077054E-01
    9.0250000000E+00    -9.3587551200E-01
    9.0750000000E+00    -9.2451665732E-01
    9.1250000000E+00    -9.1224541633E-01
    9.1750000000E+00    -8.9907389924E-01
    9.2250000000E+00    -8.8501510476E-01
    9.2750000000E+00    -8.7008290722E-01
    9.3250000000E+00    -8.5429204289E-01
    9.3750000000E+00    -8.3765809547E-01
    9.4250000000E+00    -8.2019748063E-01
    9.4750000000E+00    -8.0192742990E-01
    9.5250000000E+00    -7.8286597362E-01
    9.5750000000E+00    -7.6303192314E-01
    9.6250000000E+00    -7.4244485227E-01
    9.6750000000E+00    -7.2112507797E-01
    9.7250000000E+00    -6.9909364028E-01
    9.7750000000E+00    -6.7637228157E-01
    9.8250000000E+00    -6.5298342507E-01
    9.8750000000E+00    -6.2895015277E-01
    9.9250000000E+00    -6.0429618261E-01
    9.9750000000E+00    -5.7904584507E-01
