#t= 4.680000
    2.5000000000E-02     1.0000000000E+00
    7.5000000000E-02     1.0000000000E+00
    1.2500000000E-01     1.0000000000E+00
    1.7500000000E-01     1.0000000000E+00
    2.2500000000E-01     1.0000000000E+00
    2.7500000000E-01     1.0000000000E+00
    3.2500000000E-01     1.0000000000E+00
    3.7500000000E-01     1.0000000000E+00
    4.2500000000E-01     1.0000000000E+00
    4.7500000000E-01     1.0000000000E+00
    5.2500000000E-01     1.0000000000E+00
    5.7500000000E-01     1.0000000000E+00
    6.2500000000E-01     1.0000000000E+00
    6.7500000000E-01     1.0000000000E+00
    7.2500000000E-01     1.0000000000E+00
    7.7500000000E-01     1.0000000000E+00
    8.2500000000E-01     1.0000000000E+00
    8.7500000000E-01     1.0000000000E+00
    9.2500000000E-01     1.0000000000E+00
    9.7500000000E-01     1.0000000000E+00
    1.0250000000E+00     1.0000000000E+00
    1.0750000000E+00     1.0000000000E+00
    1.1250000000E+00     1.0000000000E+00
    1.1750000000E+00     1.0000000000E+00
    1.2250000000E+00     1.0000000000E+00
    1.2750000000E+00     1.0000000000E+00
    1.3250000000E+00     1.0000000000E+00
    1.3750000000E+00     1.0000000000E+00
    1.4250000000E+00     1.0000000000E+00
    1.4750000000E+00     1.0000000000E+00
    1.5250000000E+00     1.0000000000E+00
    1.5750000000E+00     1.0000000000E+00
    1.6250000000E+00     1.0000000000E+00
    1.6750000000E+00     1.0000000000E+00
    1.7250000000E+00     1.0000000000E+00
    1.7750000000E+00     1.0000000000E+00
    1.8250000000E+00     1.0000000000E+00
    1.8750000000E+00     1.0000000000E+00
    1.9250000000E+00     1.0000000000E+00
    1.9750000000E+00     1.0000000000E+00
    2.0250000000E+00     1.0000000000E+00
    2.0750000000E+00     1.0000000000E+00
    2.1250000000E+00     1.0000000000E+00
    2.1750000000E+00     1.0000000000E+00
    2.2250000000E+00     1.0000000000E+00
    2.2750000000E+00     1.0000000000E+00
    2.3250000000E+00     1.0000000000E+00
    2.3750000000E+00     1.0000000000E+00
    2.4250000000E+00     1.0000000000E+00
    2.4750000000E+00     1.0000000000E+00
    2.5250000000E+00     1.0000000000E+00
    2.5750000000E+00     1.0000000000E+00
    2.6250000000E+00     1.0000000000E+00
    2.6750000000E+00     1.0000000000E+00
    2.7250000000E+00     1.0000000000E+00
    2.7750000000E+00     1.0000000000E+00
    2.8250000000E+00     1.0000000000E+00
    2.8750000000E+00     1.0000000000E+00
    2.9250000000E+00     1.0000000000E+00
    2.9750000000E+00     1.0000000000E+00
    3.0250000000E+00     1.0000000000E+00
    3.0750000000E+00     1.0000000000E+00
    3.1250000000E+00     1.0000000000E+00
    3.1750000000E+00     1.0000000000E+00
    3.2250000000E+00     1.0000000000E+00
    3.2750000000E+00     1.0000000000E+00
    3.3250000000E+00     1.0000000000E+00
    3.3750000000E+00     1.0000000000E+00
    3.4250000000E+00     1.0000000000E+00
    3.4750000000E+00     1.0000000000E+00
    3.5250000000E+00     1.0000000000E+00
    3.5750000000E+00     1.0000000000E+00
    3.6250000000E+00     1.0000000000E+00
    3.6750000000E+00     1.0000000000E+00
    3.7250000000E+00     1.0000000000E+00
    3.7750000000E+00     1.0000000000E+00
    3.8250000000E+00     1.0000000000E+00
    3.8750000000E+00     1.0000000000E+00
    3.9250000000E+00     1.0000000000E+00
    3.9750000000E+00     1.0000000000E+00
    4.0250000000E+00     1.0000000000E+00
    4.0750000000E+00     1.0000000000E+00
    4.1250000000E+00     1.0000000000E+00
    4.1750000000E+00     1.0000000000E+00
    4.2250000000E+00     1.0000000000E+00
    4.2750000000E+00     1.0000000000E+00
    4.3250000000E+00     1.0000000000E+00
    4.3750000000E+00     1.0000000000E+00
    4.4250000000E+00     1.0000000000E+00
    4.4750000000E+00     1.0000000000E+00
    4.5250000000E+00     1.0000000000E+00
    4.5750000000E+00     1.0000000000E+00
    4.6250000000E+00     1.0000000000E+00
    4.6750000000E+00     1.0000000000E+00
    4.7250000000E+00     1.0000000000E+00
    4.7750000000E+00     1.0000000000E+00
    4.8250000000E+00     1.0000000000E+00
    4.8750000000E+00     1.0000000000E+00
    4.9250000000E+00     1.0000000000E+00
    4.9750000000E+00     1.0000000000E+00
    5.0250000000E+00     1.0000000000E+00
    5.0750000000E+00     1.0000000000E+00
    5.1250000000E+00     1.0000000000E+00
    5.1750000000E+00     1.0000000000E+00
    5.2250000000E+00     1.0000000000E+00
    5.2750000000E+00     1.0000000000E+00
    5.3250000000E+00     1.0000000000E+00
    5.3750000000E+00     1.0000000000E+00
    5.4250000000E+00     1.0000000000E+00
    5.4750000000E+00     1.0000000000E+00
    5.5250000000E+00     1.0000000000E+00
    5.5750000000E+00     1.0000000000E+00
    5.6250000000E+00     1.0000000000E+00
    5.6750000000E+00     1.0000000000E+00
    5.7250000000E+00     1.0000000000E+00
    5.7750000000E+00     1.0000000000E+00
    5.8250000000E+00     1.0000000000E+00
    5.8750000000E+00     1.0000000000E+00
    5.9250000000E+00     1.0000000000E+00
    5.9750000000E+00     1.0000000000E+00
    6.0250000000E+00     1.0000000000E+00
    6.0750000000E+00     1.0000000000E+00
    6.1250000000E+00     1.0000000000E+00
    6.1750000000E+00     1.0000000000E+00
    6.2250000000E+00     1.0000000000E+00
    6.2750000000E+00     1.0000000000E+00
    6.3250000000E+00     1.0000000000E+00
    6.3750000000E+00     1.0000000000E+00
    6.4250000000E+00     1.0000000000E+00
    6.4750000000E+00     1.0000000000E+00
    6.5250000000E+00     1.0000000000E+00
    6.5750000000E+00     1.0000000000E+00
    6.6250000000E+00     1.0000000000E+00
    6.6750000000E+00     1.0000000000E+00
    6.7250000000E+00     1.0000000000E+00
    6.7750000000E+00     1.0000000000E+00
    6.8250000000E+00     1.0000000000E+00
    6.8750000000E+00     1.0000000000E+00
    6.9250000000E+00     1.0000000000E+00
    6.9750000000E+00     1.0000000000E+00
    7.0250000000E+00     1.0000000000E+00
    7.0750000000E+00     1.0000000000E+00
    7.1250000000E+00     9.9999999999E-01
    7.1750000000E+00     9.9999999998E-01
    7.2250000000E+00     9.9999999994E-01
    7.2750000000E+00     9.9999999985E-01
    7.3250000000E+00     9.9999999963E-01
    7.3750000000E+00     9.9999999910E-01
    7.4250000000E+00     9.9999999787E-01
    7.4750000000E+00     9.9999999501E-01
    7.5250000000E+00     9.9999998855E-01
    7.5750000000E+00     9.9999997418E-01
    7.6250000000E+00     9.9999994281E-01
    7.6750000000E+00     9.9999987563E-01
    7.7250000000E+00     9.9999973442E-01
    7.7750000000E+00     9.9999944320E-01
    7.8250000000E+00     9.9999885392E-01
    7.8750000000E+00     9.9999768418E-01
    7.9250000000E+00     9.9999540670E-01
    7.9750000000E+00     9.9999105784E-01
    8.0250000000E+00     9.9998291488E-01
    8.0750000000E+00     9.9996796580E-01
    8.1250000000E+00     9.9994106258E-01
    8.1750000000E+00     9.9989360753E-01
    8.2250000000E+00     9.9981157685E-01
    8.2750000000E+00     9.9967264244E-01
    8.3250000000E+00     9.9944212522E-01
    8.3750000000E+00     9.9906752023E-01
    8.4250000000E+00     9.9847140143E-01
    8.4750000000E+00     9.9754267232E-01
    8.5250000000E+00     9.9612640506E-01
    8.5750000000E+00     9.9401292210E-01
    8.6250000000E+00     9.9092731230E-01
    8.6750000000E+00     9.8652119122E-01
    8.7250000000E+00     9.8036911644E-01
    8.7750000000E+00     9.7197250453E-01
    8.8250000000E+00     9.6077397982E-01
    8.8750000000E+00     9.4618462043E-01
    8.9250000000E+00     9.2762540398E-01
    8.9750000000E+00     9.0458225127E-01
    9.0250000000E+00     8.7667154597E-01
    9.0750000000E+00     8.4371020242E-01
    9.1250000000E+00     8.0578178344E-01
    9.1750000000E+00     7.6328847695E-01
    9.2250000000E+00     7.1697854784E-01
    9.2750000000E+00     6.6794062117E-01
    9.3250000000E+00     6.1755989673E-01
    9.3750000000E+00     5.6743674573E-01
    9.4250000000E+00     5.1927423720E-01
    9.4750000000E+00     4.7474680075E-01
    9.5250000000E+00     4.3536620548E-01
    9.5750000000E+00     4.0236232986E-01
    9.6250000000E+00     3.7659436368E-01
    9.6750000000E+00     3.5850337277E-01
    9.7250000000E+00     3.4811049907E-01
    9.7750000000E+00     3.4505784960E-01
    9.8250000000E+00     3.4868284046E-01
    9.8750000000E+00     3.5811262435E-01
    9.9250000000E+00     3.7236388846E-01
    9.9750000000E+00     3.9043472240E-01
