#t= 8.280000
    2.5000000000E-02     1.4785881350E-01
    7.5000000000E-02     1.6550728039E-01
    1.2500000000E-01     1.8457907667E-01
    1.7500000000E-01     2.0508903564E-01
    2.2500000000E-01     2.2703674317E-01
    2.7500000000E-01     2.5040483354E-01
    3.2500000000E-01     2.7515742899E-01
    3.7500000000E-01     3.0123877528E-01
    4.2500000000E-01     3.2857212553E-01
    4.7500000000E-01     3.5705892365E-01
    5.2500000000E-01     3.8657833502E-01
    5.7500000000E-01     4.1698716768E-01
    6.2500000000E-01     4.4812022023E-01
    6.7500000000E-01     4.7979108431E-01
    7.2500000000E-01     5.1179341969E-01
    7.7500000000E-01     5.4390270827E-01
    8.2500000000E-01     5.7587848128E-01
    8.7500000000E-01     6.0746700044E-01
    9.2500000000E-01     6.3840436057E-01
    9.7500000000E-01     6.6841996772E-01
    1.0250000000E+00     6.9724033403E-01
    1.0750000000E+00     7.2459311902E-01
    1.1250000000E+00     7.5021133670E-01
    1.1750000000E+00     7.7383763963E-01
    1.2250000000E+00     7.9522858538E-01
    1.2750000000E+00     8.1415878739E-01
    1.3250000000E+00     8.3042485203E-01
    1.3750000000E+00     8.4384900594E-01
    1.4250000000E+00     8.5428232369E-01
    1.4750000000E+00     8.6160747382E-01
    1.5250000000E+00     8.6574091271E-01
    1.5750000000E+00     8.6663446885E-01
    1.6250000000E+00     8.6427627566E-01
    1.6750000000E+00     8.5869102757E-01
    1.7250000000E+00     8.4993955187E-01
    1.7750000000E+00     8.3811770651E-01
    1.8250000000E+00     8.2335463188E-01
    1.8750000000E+00     8.0581040106E-01
    1.9250000000E+00     7.8567312848E-01
    1.9750000000E+00     7.6315560997E-01
    2.0250000000E+00     7.3849157819E-01
    2.0750000000E+00     7.1193166565E-01
    2.1250000000E+00     6.8373917275E-01
    2.1750000000E+00     6.5418574060E-01
    2.2250000000E+00     6.2354702743E-01
    2.2750000000E+00     5.9209848419E-01
    2.3250000000E+00     5.6011131803E-01
    2.3750000000E+00     5.2784872432E-01
    2.4250000000E+00     4.9556245675E-01
    2.4750000000E+00     4.6348979311E-01
    2.5250000000E+00     4.3185094117E-01
    2.5750000000E+00     4.0084691511E-01
    2.6250000000E+00     3.7065789932E-01
    2.6750000000E+00     3.4144210284E-01
    2.7250000000E+00     3.1333509477E-01
    2.7750000000E+00     2.8644960001E-01
    2.8250000000E+00     2.6087572399E-01
    2.8750000000E+00     2.3668156713E-01
    2.9250000000E+00     2.1391418284E-01
    2.9750000000E+00     1.9260082835E-01
    3.0250000000E+00     1.7275045482E-01
    3.0750000000E+00     1.5435538185E-01
    3.1250000000E+00     1.3739310252E-01
    3.1750000000E+00     1.2182816697E-01
    3.2250000000E+00     1.0761409586E-01
    3.2750000000E+00     9.4695279585E-02
    3.3250000000E+00     8.3008824352E-02
    3.3750000000E+00     7.2486311724E-02
    3.4250000000E+00     6.3055444521E-02
    3.4750000000E+00     5.4641557873E-02
    3.5250000000E+00     4.7168980238E-02
    3.5750000000E+00     4.0562234788E-02
    3.6250000000E+00     3.4747076805E-02
    3.6750000000E+00     2.9651367288E-02
    3.7250000000E+00     2.5205787028E-02
    3.7750000000E+00     2.1344398702E-02
    3.8250000000E+00     1.8005067205E-02
    3.8750000000E+00     1.5129750391E-02
    3.9250000000E+00     1.2664673782E-02
    3.9750000000E+00     1.0560403520E-02
    4.0250000000E+00     8.7718321286E-03
    4.0750000000E+00     7.2580914263E-03
    4.1250000000E+00     5.9824063900E-03
    4.1750000000E+00     4.9119028997E-03
    4.2250000000E+00     4.0173812366E-03
    4.2750000000E+00     3.2730659892E-03
    4.3250000000E+00     2.6563417211E-03
    4.3750000000E+00     2.1474824312E-03
    4.4250000000E+00     1.7293815247E-03
    4.4750000000E+00     1.3872877606E-03
    4.5250000000E+00     1.1085514711E-03
    4.5750000000E+00     8.8238427916E-04
    4.6250000000E+00     6.9963459383E-04
    4.6750000000E+00     5.5258033367E-04
    4.7250000000E+00     4.3473962876E-04
    4.7750000000E+00     3.4069967026E-04
    4.8250000000E+00     2.6596341039E-04
    4.8750000000E+00     2.0681345454E-04
    4.9250000000E+00     1.6019221961E-04
    4.9750000000E+00     1.2359724798E-04
    5.0250000000E+00     9.4990451432E-05
    5.0750000000E+00     7.2720002923E-05
    5.1250000000E+00     5.5453584599E-05
    5.1750000000E+00     4.2121727894E-05
    5.2250000000E+00     3.1870036641E-05
    5.2750000000E+00     2.4019158763E-05
    5.3250000000E+00     1.8031459578E-05
    5.3750000000E+00     1.3483444360E-05
    5.4250000000E+00     1.0043074953E-05
    5.4750000000E+00     7.4512215072E-06
    5.5250000000E+00     5.5065830141E-06
    5.5750000000E+00     4.0534975084E-06
    5.6250000000E+00     2.9721432711E-06
    5.6750000000E+00     2.1707054553E-06
    5.7250000000E+00     1.5791479792E-06
    5.7750000000E+00     1.1442883342E-06
    5.8250000000E+00     8.2592344493E-07
    5.8750000000E+00     5.9379831997E-07
    5.9250000000E+00     4.2524653470E-07
    5.9750000000E+00     3.0336317826E-07
    6.0250000000E+00     2.1559743095E-07
    6.0750000000E+00     1.5267402968E-07
    6.1250000000E+00     1.0777113106E-07
    6.1750000000E+00     7.5897048847E-08
    6.2250000000E+00     5.3420532086E-08
    6.2750000000E+00     3.7719117172E-08
    6.3250000000E+00     2.6918032558E-08
    6.3750000000E+00     1.9698510167E-08
    6.4250000000E+00     1.5159466486E-08
    6.4750000000E+00     1.2720621045E-08
    6.5250000000E+00     1.2058445979E-08
    6.5750000000E+00     1.3069082637E-08
    6.6250000000E+00     1.5854690389E-08
    6.6750000000E+00     2.0731760740E-08
    6.7250000000E+00     2.8261876276E-08
    6.7750000000E+00     3.9307351481E-08
    6.8250000000E+00     5.5116292915E-08
    6.8750000000E+00     7.7443996094E-08
    6.9250000000E+00     1.0872040208E-07
    6.9750000000E+00     1.5227673065E-07
    7.0250000000E+00     2.1264857211E-07
    7.0750000000E+00     2.9597786546E-07
    7.1250000000E+00     4.1054255825E-07
    7.1750000000E+00     5.6745060756E-07
    7.2250000000E+00     7.8154466000E-07
    7.2750000000E+00     1.0725755967E-06
    7.3250000000E+00     1.4667175498E-06
    7.3750000000E+00     1.9985144326E-06
    7.4250000000E+00     2.7133689544E-06
    7.4750000000E+00     3.6707100336E-06
    7.5250000000E+00     4.9480039973E-06
    7.5750000000E+00     6.6458095063E-06
    7.6250000000E+00     8.8941162726E-06
    7.6750000000E+00     1.1860253792E-05
    7.7250000000E+00     1.5758708862E-05
    7.7750000000E+00     2.0863249801E-05
    7.8250000000E+00     2.7521820995E-05
    7.8750000000E+00     3.6174743492E-05
    7.9250000000E+00     4.7376835023E-05
    7.9750000000E+00     6.1824145169E-05
    8.0250000000E+00     8.0386086600E-05
    8.0750000000E+00     1.0414382916E-04
    8.1250000000E+00     1.3443590699E-04
    8.1750000000E+00     1.7291206610E-04
    8.2250000000E+00     2.2159644548E-04
    8.2750000000E+00     2.8296123412E-04
    8.3250000000E+00     3.6001197118E-04
    8.3750000000E+00     4.5638564988E-04
    8.4250000000E+00     5.7646273856E-04
    8.4750000000E+00     7.2549413482E-04
    8.5250000000E+00     9.0974391089E-04
    8.5750000000E+00     1.1366484790E-03
    8.6250000000E+00     1.4149924958E-03
    8.6750000000E+00     1.7551014216E-03
    8.7250000000E+00     2.1690501503E-03
    8.7750000000E+00     2.6708865145E-03
    8.8250000000E+00     3.2768677521E-03
    8.8750000000E+00     4.0057071886E-03
    8.9250000000E+00     4.8788274489E-03
    8.9750000000E+00     5.9206154773E-03
    9.0250000000E+00     7.1586735194E-03
    9.0750000000E+00     8.6240590410E-03
    9.1250000000E+00     1.0351505345E-02
    9.1750000000E+00     1.2379613440E-02
    9.2250000000E+00     1.4751004559E-02
    9.2750000000E+00     1.7512421687E-02
    9.3250000000E+00     2.0714767545E-02
    9.3750000000E+00     2.4413065869E-02
    9.4250000000E+00     2.8666332411E-02
    9.4750000000E+00     3.3537342157E-02
    9.5250000000E+00     3.9092279660E-02
    9.5750000000E+00     4.5400260381E-02
    9.6250000000E+00     5.2532712406E-02
    9.6750000000E+00     6.0562610034E-02
    9.7250000000E+00     6.9563553473E-02
    9.7750000000E+00     7.9608692217E-02
    9.8250000000E+00     9.0769493696E-02
    9.8750000000E+00     1.0311436329E-01
    9.9250000000E+00     1.1670712690E-01
    9.9750000000E+00     1.3160539256E-01
