#t= 2.440000
    2.5000000000E-02     9.3672014605E-01
    7.5000000000E-02     9.2242999827E-01
    1.2500000000E-01     9.0422544112E-01
    1.7500000000E-01     8.8234674897E-01
    2.2500000000E-01     8.5707857456E-01
    2.7500000000E-01     8.2874378692E-01
    3.2500000000E-01     7.9769661181E-01
    3.7500000000E-01     7.6431527842E-01
    4.2500000000E-01     7.2899438499E-01
    4.7500000000E-01     6.9213719787E-01
    5.2500000000E-01     6.5414809200E-01
    5.7500000000E-01     6.1542532751E-01
    6.2500000000E-01     5.7635433762E-01
    6.7500000000E-01     5.3730167795E-01
    7.2500000000E-01     4.9860975862E-01
    7.7500000000E-01     4.6059244908E-01
    8.2500000000E-01     4.2353161295E-01
    8.7500000000E-01     3.8767459778E-01
    9.2500000000E-01     3.5323267337E-01
    9.7500000000E-01     3.2038038416E-01
    1.0250000000E+00     2.8925575586E-01
    1.0750000000E+00     2.5996127583E-01
    1.1250000000E+00     2.3256555045E-01
    1.1750000000E+00     2.0710553125E-01
    1.2250000000E+00     1.8358919517E-01
    1.2750000000E+00     1.6199856213E-01
    1.3250000000E+00     1.4229293572E-01
    1.3750000000E+00     1.2441225828E-01
    1.4250000000E+00     1.0828048116E-01
    1.4750000000E+00     9.3808861834E-02
    1.5250000000E+00     8.0899112824E-02
    1.5750000000E+00     6.9446341213E-02
    1.6250000000E+00     5.9341731711E-02
    1.6750000000E+00     5.0474940213E-02
    1.7250000000E+00     4.2736177921E-02
    1.7750000000E+00     3.6017978054E-02
    1.8250000000E+00     3.0216647699E-02
    1.8750000000E+00     2.5233416236E-02
    1.9250000000E+00     2.0975298876E-02
    1.9750000000E+00     1.7355699289E-02
    2.0250000000E+00     1.4294779017E-02
    2.0750000000E+00     1.1719623580E-02
    2.1250000000E+00     9.5642360292E-03
    2.1750000000E+00     7.7693883646E-03
    2.2250000000E+00     6.2823599787E-03
    2.2750000000E+00     5.0565902664E-03
    2.3250000000E+00     4.0512700078E-03
    2.3750000000E+00     3.2308932580E-03
    2.4250000000E+00     2.5647884353E-03
    2.4750000000E+00     2.0266442369E-03
    2.5250000000E+00     1.5940430394E-03
    2.5750000000E+00     1.2480116570E-03
    2.6250000000E+00     9.7259679415E-04
    2.6750000000E+00     7.5447028361E-04
    2.7250000000E+00     5.8256726499E-04
    2.7750000000E+00     4.4775884167E-04
    2.8250000000E+00     3.4255943862E-04
    2.8750000000E+00     2.6086805621E-04
    2.9250000000E+00     1.9774184576E-04
    2.9750000000E+00     1.4919989048E-04
    3.0250000000E+00     1.1205472814E-04
    3.0750000000E+00     8.3768965425E-05
    3.1250000000E+00     6.2334276564E-05
    3.1750000000E+00     4.6170122246E-05
    3.2250000000E+00     3.4039641527E-05
    3.2750000000E+00     2.4980337831E-05
    3.3250000000E+00     1.8247380874E-05
    3.3750000000E+00     1.3267564000E-05
    3.4250000000E+00     9.6021789317E-06
    3.4750000000E+00     6.9172882279E-06
    3.5250000000E+00     4.9600830633E-06
    3.5750000000E+00     3.5402061500E-06
    3.6250000000E+00     2.5150939164E-06
    3.6750000000E+00     1.7785473820E-06
    3.7250000000E+00     1.2518773386E-06
    3.7750000000E+00     8.7708715149E-07
    3.8250000000E+00     6.1165690216E-07
    3.8750000000E+00     4.2457723231E-07
    3.9250000000E+00     2.9335178867E-07
    3.9750000000E+00     2.0174534740E-07
    4.0250000000E+00     1.3810219999E-07
    4.0750000000E+00     9.4097804468E-08
    4.1250000000E+00     6.3817498633E-08
    4.1750000000E+00     4.3080537256E-08
    4.2250000000E+00     2.8946988148E-08
    4.2750000000E+00     1.9360081937E-08
    4.3250000000E+00     1.2888284617E-08
    4.3750000000E+00     8.5403421635E-09
    4.4250000000E+00     5.6334025731E-09
    4.4750000000E+00     3.6995167961E-09
    4.5250000000E+00     2.4197300273E-09
    4.5750000000E+00     1.5778969773E-09
    4.6250000000E+00     1.0285244197E-09
    4.6750000000E+00     6.7454589043E-10
    4.7250000000E+00     4.5211008501E-10
    4.7750000000E+00     3.2032673043E-10
    4.8250000000E+00     2.5454638921E-10
    4.8750000000E+00     2.4221894117E-10
    4.9250000000E+00     2.8072981215E-10
    4.9750000000E+00     3.7689325095E-10
    5.0250000000E+00     5.4802102991E-10
    5.0750000000E+00     8.2471198364E-10
    5.1250000000E+00     1.2557508926E-09
    5.1750000000E+00     1.9157939750E-09
    5.2250000000E+00     2.9168863599E-09
    5.2750000000E+00     4.4253449508E-09
    5.3250000000E+00     6.6861988230E-09
    5.3750000000E+00     1.0058273783E-08
    5.4250000000E+00     1.5064222173E-08
    5.4750000000E+00     2.2461442747E-08
    5.5250000000E+00     3.3342049676E-08
    5.5750000000E+00     4.9273015663E-08
    5.6250000000E+00     7.2491562194E-08
    5.6750000000E+00     1.0617609034E-07
    5.7250000000E+00     1.5481980085E-07
    5.7750000000E+00     2.2474308993E-07
    5.8250000000E+00     3.2479237519E-07
    5.8750000000E+00     4.6728786571E-07
    5.9250000000E+00     6.6930173094E-07
    5.9750000000E+00     9.5437207468E-07
    6.0250000000E+00     1.3547881589E-06
    6.0750000000E+00     1.9146196753E-06
    6.1250000000E+00     2.6937088982E-06
    6.1750000000E+00     3.7729007673E-06
    6.2250000000E+00     5.2608539215E-06
    6.2750000000E+00     7.3028570558E-06
    6.3250000000E+00     1.0092171264E-05
    6.3750000000E+00     1.3884531674E-05
    6.4250000000E+00     1.9016571784E-05
    6.4750000000E+00     2.5929082036E-05
    6.5250000000E+00     3.5196180299E-05
    6.5750000000E+00     4.7561654818E-05
    6.6250000000E+00     6.3983937571E-05
    6.6750000000E+00     8.5691373650E-05
    6.7250000000E+00     1.1424966429E-04
    6.7750000000E+00     1.5164356892E-04
    6.8250000000E+00     2.0037514379E-04
    6.8750000000E+00     2.6358095753E-04
    6.9250000000E+00     3.4517083864E-04
    6.9750000000E+00     4.4999075684E-04
    7.0250000000E+00     5.8401239383E-04
    7.0750000000E+00     7.5455179233E-04
    7.1250000000E+00     9.7051915572E-04
    7.1750000000E+00     1.2427013719E-03
    7.2250000000E+00     1.5840781239E-03
    7.2750000000E+00     2.0101714946E-03
    7.3250000000E+00     2.5394277482E-03
    7.3750000000E+00     3.1936284573E-03
    7.4250000000E+00     3.9983263272E-03
    7.4750000000E+00     4.9832989553E-03
    7.5250000000E+00     6.1830113607E-03
    7.5750000000E+00     7.6370754767E-03
    7.6250000000E+00     9.3906919526E-03
    7.6750000000E+00     1.1495056670E-02
    7.7250000000E+00     1.4007711416E-02
    7.7750000000E+00     1.6992815346E-02
    7.8250000000E+00     2.0521311302E-02
    7.8750000000E+00     2.4670959012E-02
    7.9250000000E+00     2.9526205758E-02
    7.9750000000E+00     3.5177864553E-02
    8.0250000000E+00     4.1722570406E-02
    8.0750000000E+00     4.9261987043E-02
    8.1250000000E+00     5.7901739694E-02
    8.1750000000E+00     6.7750054388E-02
    8.2250000000E+00     7.8916090691E-02
    8.2750000000E+00     9.1507962999E-02
    8.3250000000E+00     1.0563045534E-01
    8.3750000000E+00     1.2138244588E-01
    8.4250000000E+00     1.3885406999E-01
    8.4750000000E+00     1.5812366396E-01
    8.5250000000E+00     1.7925454548E-01
    8.5750000000E+00     2.0229170074E-01
    8.6250000000E+00     2.2725846103E-01
    8.6750000000E+00     2.5415326342E-01
    8.7250000000E+00     2.8294659974E-01
    8.7750000000E+00     3.1357826499E-01
    8.8250000000E+00     3.4595501974E-01
    8.8750000000E+00     3.7994878045E-01
    8.9250000000E+00     4.1539544709E-01
    8.9750000000E+00     4.5209446745E-01
    9.0250000000E+00     4.8980922337E-01
    9.0750000000E+00     5.2826830522E-01
    9.1250000000E+00     5.6716771724E-01
    9.1750000000E+00     6.0617402992E-01
    9.2250000000E+00     6.4492846525E-01
    9.2750000000E+00     6.8305186912E-01
    9.3250000000E+00     7.2015049288E-01
    9.3750000000E+00     7.5582247433E-01
    9.4250000000E+00     7.8966487853E-01
    9.4750000000E+00     8.2128113298E-01
    9.5250000000E+00     8.5028866982E-01
    9.5750000000E+00     8.7632657227E-01
    9.6250000000E+00     8.9906301340E-01
    9.6750000000E+00     9.1820227421E-01
    9.7250000000E+00     9.3349113390E-01
    9.7750000000E+00     9.4472443987E-01
    9.8250000000E+00     9.5174968620E-01
    9.8750000000E+00     9.5447045789E-01
    9.9250000000E+00     9.5284863221E-01
    9.9750000000E+00     9.4690526685E-01
