#t= 6.920000
    2.5000000000E-02     2.9512460284E-01
    7.5000000000E-02     2.6835165297E-01
    1.2500000000E-01     2.4304168094E-01
    1.7500000000E-01     2.1924716169E-01
    2.2500000000E-01     1.9699855500E-01
    2.7500000000E-01     1.7630598228E-01
    3.2500000000E-01     1.5716111796E-01
    3.7500000000E-01     1.3953923174E-01
    4.2500000000E-01     1.2340132040E-01
    4.7500000000E-01     1.0869627216E-01
    5.2500000000E-01     9.5363011917E-02
    5.7500000000E-01     8.3332581626E-02
    6.2500000000E-01     7.2530117661E-02
    6.7500000000E-01     6.2876693596E-02
    7.2500000000E-01     5.4291004583E-02
    7.7500000000E-01     4.6690876392E-02
    8.2500000000E-01     3.9994588967E-02
    8.7500000000E-01     3.4122010408E-02
    9.2500000000E-01     2.8995542725E-02
    9.7500000000E-01     2.4540885351E-02
    1.0250000000E+00     2.0687626160E-02
    1.0750000000E+00     1.7369672729E-02
    1.1250000000E+00     1.4525538735E-02
    1.1750000000E+00     1.2098501761E-02
    1.2250000000E+00     1.0036649500E-02
    1.2750000000E+00     8.2928314519E-03
    1.3250000000E+00     6.8245327997E-03
    1.3750000000E+00     5.5936863264E-03
    1.4250000000E+00     4.5664370999E-03
    1.4750000000E+00     3.7128732837E-03
    1.5250000000E+00     3.0067349168E-03
    1.5750000000E+00     2.4251109303E-03
    1.6250000000E+00     1.9481330743E-03
    1.6750000000E+00     1.5586738894E-03
    1.7250000000E+00     1.2420544009E-03
    1.7750000000E+00     9.8576587386E-04
    1.8250000000E+00     7.7920876700E-04
    1.8750000000E+00     6.1345096834E-04
    1.9250000000E+00     4.8100649729E-04
    1.9750000000E+00     3.7563510634E-04
    2.0250000000E+00     2.9216260925E-04
    2.0750000000E+00     2.2632128891E-04
    2.1250000000E+00     1.7460938283E-04
    2.1750000000E+00     1.3416839545E-04
    2.2250000000E+00     1.0267682631E-04
    2.2750000000E+00     7.8258819162E-05
    2.3250000000E+00     5.9406213328E-05
    2.3750000000E+00     4.4912502807E-05
    2.4250000000E+00     3.3817269021E-05
    2.4750000000E+00     2.5359738813E-05
    2.5250000000E+00     1.8940222197E-05
    2.5750000000E+00     1.4088296809E-05
    2.6250000000E+00     1.0436722249E-05
    2.6750000000E+00     7.7001830573E-06
    2.7250000000E+00     5.6580704024E-06
    2.7750000000E+00     4.1406174021E-06
    2.8250000000E+00     3.0177997048E-06
    2.8750000000E+00     2.1905006432E-06
    2.9250000000E+00     1.5835186232E-06
    2.9750000000E+00     1.1400634545E-06
    3.0250000000E+00     8.1744844137E-07
    3.0750000000E+00     5.8373681292E-07
    3.1250000000E+00     4.1514515974E-07
    3.1750000000E+00     2.9404374850E-07
    3.2250000000E+00     2.0742468255E-07
    3.2750000000E+00     1.4573464572E-07
    3.3250000000E+00     1.0199014366E-07
    3.3750000000E+00     7.1110421653E-08
    3.4250000000E+00     4.9417208242E-08
    3.4750000000E+00     3.4261657001E-08
    3.5250000000E+00     2.3747815982E-08
    3.5750000000E+00     1.6529060094E-08
    3.6250000000E+00     1.1659531265E-08
    3.6750000000E+00     8.4870449574E-09
    3.7250000000E+00     6.5773925571E-09
    3.7750000000E+00     5.6627093991E-09
    3.8250000000E+00     5.6087658435E-09
    3.8750000000E+00     6.3978248179E-09
    3.9250000000E+00     8.1252232655E-09
    3.9750000000E+00     1.1009191784E-08
    4.0250000000E+00     1.5414731814E-08
    4.0750000000E+00     2.1893724654E-08
    4.1250000000E+00     3.1244954488E-08
    4.1750000000E+00     4.4599498633E-08
    4.2250000000E+00     6.3539094589E-08
    4.2750000000E+00     9.0257775257E-08
    4.3250000000E+00     1.2778043429E-07
    4.3750000000E+00     1.8025623522E-07
    4.4250000000E+00     2.5335013837E-07
    4.4750000000E+00     3.5476255585E-07
    4.5250000000E+00     4.9491557241E-07
    4.5750000000E+00     6.8785465209E-07
    4.6250000000E+00     9.5242770850E-07
    4.6750000000E+00     1.3138193269E-06
    4.7250000000E+00     1.8055373218E-06
    4.7750000000E+00     2.4719722839E-06
    4.8250000000E+00     3.3716789437E-06
    4.8750000000E+00     4.5815617264E-06
    4.9250000000E+00     6.2021864646E-06
    4.9750000000E+00     8.3644865323E-06
    5.0250000000E+00     1.1238185277E-05
    5.0750000000E+00     1.5042318032E-05
    5.1250000000E+00     2.0058306555E-05
    5.1750000000E+00     2.6646116472E-05
    5.2250000000E+00     3.5264114067E-05
    5.2750000000E+00     4.6493331688E-05
    5.3250000000E+00     6.1066950075E-05
    5.3750000000E+00     7.9905908891E-05
    5.4250000000E+00     1.0416166113E-04
    5.4750000000E+00     1.3526718890E-04
    5.5250000000E+00     1.7499749275E-04
    5.5750000000E+00     2.2554084809E-04
    5.6250000000E+00     2.8958218307E-04
    5.6750000000E+00     3.7039996384E-04
    5.7250000000E+00     4.7197796583E-04
    5.7750000000E+00     5.9913325158E-04
    5.8250000000E+00     7.5766155577E-04
    5.8750000000E+00     9.5450108172E-04
    5.9250000000E+00     1.1979154293E-03
    5.9750000000E+00     1.4976959870E-03
    6.0250000000E+00     1.8653836194E-03
    6.0750000000E+00     2.3145088546E-03
    6.1250000000E+00     2.8608490156E-03
    6.1750000000E+00     3.5226998417E-03
    6.2250000000E+00     4.3211581092E-03
    6.2750000000E+00     5.2804105942E-03
    6.3250000000E+00     6.4280234331E-03
    6.3750000000E+00     7.7952245563E-03
    6.4250000000E+00     9.4171704204E-03
    6.4750000000E+00     1.1333186794E-02
    6.5250000000E+00     1.3586971903E-02
    6.5750000000E+00     1.6226748883E-02
    6.6250000000E+00     1.9305353282E-02
    6.6750000000E+00     2.2880240388E-02
    6.7250000000E+00     2.7013396518E-02
    6.7750000000E+00     3.1771138147E-02
    6.8250000000E+00     3.7223783032E-02
    6.8750000000E+00     4.3445178316E-02
    6.9250000000E+00     5.0512072096E-02
    6.9750000000E+00     5.8503317146E-02
    7.0250000000E+00     6.7498898467E-02
    7.0750000000E+00     7.7578780107E-02
    7.1250000000E+00     8.8821571186E-02
    7.1750000000E+00     1.0130301636E-01
    7.2250000000E+00     1.1509432183E-01
    7.2750000000E+00     1.3026033440E-01
    7.3250000000E+00     1.4685759795E-01
    7.3750000000E+00     1.6493231855E-01
    7.4250000000E+00     1.8451827638E-01
    7.4750000000E+00     2.0563472910E-01
    7.5250000000E+00     2.2828435728E-01
    7.5750000000E+00     2.5245130752E-01
    7.6250000000E+00     2.7809939256E-01
    7.6750000000E+00     3.0517051002E-01
    7.7250000000E+00     3.3358334198E-01
    7.7750000000E+00     3.6323239604E-01
    7.8250000000E+00     3.9398744504E-01
    7.8750000000E+00     4.2569341672E-01
    7.9250000000E+00     4.5817077670E-01
    7.9750000000E+00     4.9121643790E-01
    8.0250000000E+00     5.2460521764E-01
    8.0750000000E+00     5.5809184965E-01
    8.1250000000E+00     5.9141354336E-01
    8.1750000000E+00     6.2429306674E-01
    8.2250000000E+00     6.5644231278E-01
    8.2750000000E+00     6.8756629353E-01
    8.3250000000E+00     7.1736749039E-01
    8.3750000000E+00     7.4555047538E-01
    8.4250000000E+00     7.7182670627E-01
    8.4750000000E+00     7.9591938892E-01
    8.5250000000E+00     8.1756829400E-01
    8.5750000000E+00     8.3653441165E-01
    8.6250000000E+00     8.5260432853E-01
    8.6750000000E+00     8.6559421558E-01
    8.7250000000E+00     8.7535332248E-01
    8.7750000000E+00     8.8176688615E-01
    8.8250000000E+00     8.8475837499E-01
    8.8750000000E+00     8.8429100736E-01
    8.9250000000E+00     8.8036850252E-01
    8.9750000000E+00     8.7303504233E-01
    9.0250000000E+00     8.6237444404E-01
    9.0750000000E+00     8.4850856569E-01
    9.1250000000E+00     8.3159498657E-01
    9.1750000000E+00     8.1182402447E-01
    9.2250000000E+00     7.8941516880E-01
    9.2750000000E+00     7.6461302294E-01
    9.3250000000E+00     7.3768286092E-01
    9.3750000000E+00     7.0890591121E-01
    9.4250000000E+00     6.7857448457E-01
    9.4750000000E+00     6.4698706369E-01
    9.5250000000E+00     6.1444346899E-01
    9.5750000000E+00     5.8124020843E-01
    9.6250000000E+00     5.4766610983E-01
    9.6750000000E+00     5.1399832186E-01
    9.7250000000E+00     4.8049875577E-01
    9.7750000000E+00     4.4741102437E-01
    9.8250000000E+00     4.1495791798E-01
    9.8750000000E+00     3.8333944094E-01
    9.9250000000E+00     3.5273141518E-01
    9.9750000000E+00     3.2328464252E-01
