#t= 4.360000
    2.5000000000E-02     1.0000000000E+00
    7.5000000000E-02     1.0000000000E+00
    1.2500000000E-01     1.0000000000E+00
    1.7500000000E-01     1.0000000000E+00
    2.2500000000E-01     1.0000000000E+00
    2.7500000000E-01     1.0000000000E+00
    3.2500000000E-01     1.0000000000E+00
    3.7500000000E-01     1.0000000000E+00
    4.2500000000E-01     1.0000000000E+00
    4.7500000000E-01     1.0000000000E+00
    5.2500000000E-01     1.0000000000E+00
    5.7500000000E-01     1.0000000000E+00
    6.2500000000E-01     1.0000000000E+00
    6.7500000000E-01     1.0000000000E+00
    7.2500000000E-01     1.0000000000E+00
    7.7500000000E-01     1.0000000000E+00
    8.2500000000E-01     1.0000000000E+00
    8.7500000000E-01     1.0000000000E+00
    9.2500000000E-01     1.0000000000E+00
    9.7500000000E-01     1.0000000000E+00
    1.0250000000E+00     1.0000000000E+00
    1.0750000000E+00     1.0000000000E+00
    1.1250000000E+00     1.0000000000E+00
    1.1750000000E+00     1.0000000000E+00
    1.2250000000E+00     1.0000000000E+00
    1.2750000000E+00     1.0000000000E+00
    1.3250000000E+00     1.0000000000E+00
    1.3750000000E+00     1.0000000000E+00
    1.4250000000E+00     1.0000000000E+00
    1.4750000000E+00     1.0000000000E+00
    1.5250000000E+00     1.0000000000E+00
    1.5750000000E+00     1.0000000000E+00
    1.6250000000E+00     1.0000000000E+00
    1.6750000000E+00     1.0000000000E+00
    1.7250000000E+00     1.0000000000E+00
    1.7750000000E+00     1.0000000000E+00
    1.8250000000E+00     1.0000000000E+00
    1.8750000000E+00     1.0000000000E+00
    1.9250000000E+00     1.0000000000E+00
    1.9750000000E+00     1.0000000000E+00
    2.0250000000E+00     1.0000000000E+00
    2.0750000000E+00     1.0000000000E+00
    2.1250000000E+00     1.0000000000E+00
    2.1750000000E+00     1.0000000000E+00
    2.2250000000E+00     1.0000000000E+00
    2.2750000000E+00     1.0000000000E+00
    2.3250000000E+00     1.0000000000E+00
    2.3750000000E+00     1.0000000000E+00
    2.4250000000E+00     1.0000000000E+00
    2.4750000000E+00     1.0000000000E+00
    2.5250000000E+00     1.0000000000E+00
    2.5750000000E+00     1.0000000000E+00
    2.6250000000E+00     1.0000000000E+00
    2.6750000000E+00     1.0000000000E+00
    2.7250000000E+00     1.0000000000E+00
    2.7750000000E+00     1.0000000000E+00
    2.8250000000E+00     1.0000000000E+00
    2.8750000000E+00     1.0000000000E+00
    2.9250000000E+00     1.0000000000E+00
    2.9750000000E+00     1.0000000000E+00
    3.0250000000E+00     1.0000000000E+00
    3.0750000000E+00     1.0000000000E+00
    3.1250000000E+00     1.0000000000E+00
    3.1750000000E+00     1.0000000000E+00
    3.2250000000E+00     1.0000000000E+00
    3.2750000000E+00     1.0000000000E+00
    3.3250000000E+00     1.0000000000E+00
    3.3750000000E+00     1.0000000000E+00
    3.4250000000E+00     1.0000000000E+00
    3.4750000000E+00     1.0000000000E+00
    3.5250000000E+00     1.0000000000E+00
    3.5750000000E+00     1.0000000000E+00
    3.6250000000E+00     1.0000000000E+00
    3.6750000000E+00     1.0000000000E+00
    3.7250000000E+00     1.0000000000E+00
    3.7750000000E+00     1.0000000000E+00
    3.8250000000E+00     1.0000000000E+00
    3.8750000000E+00     1.0000000000E+00
    3.9250000000E+00     1.0000000000E+00
    3.9750000000E+00     1.0000000000E+00
    4.0250000000E+00     1.0000000000E+00
    4.0750000000E+00     1.0000000000E+00
    4.1250000000E+00     1.0000000000E+00
    4.1750000000E+00     1.0000000000E+00
    4.2250000000E+00     1.0000000000E+00
    4.2750000000E+00     1.0000000000E+00
    4.3250000000E+00     1.0000000000E+00
    4.3750000000E+00     1.0000000000E+00
    4.4250000000E+00     1.0000000000E+00
    4.4750000000E+00     1.0000000000E+00
    4.5250000000E+00     1.0000000000E+00
    4.5750000000E+00     1.0000000000E+00
    4.6250000000E+00     1.0000000000E+00
    4.6750000000E+00     1.0000000000E+00
    4.7250000000E+00     1.0000000000E+00
    4.7750000000E+00     1.0000000000E+00
    4.8250000000E+00     1.0000000000E+00
    4.8750000000E+00     1.0000000000E+00
    4.9250000000E+00     1.0000000000E+00
    4.9750000000E+00     1.0000000000E+00
    5.0250000000E+00     1.0000000000E+00
    5.0750000000E+00     1.0000000000E+00
    5.1250000000E+00     1.0000000000E+00
    5.1750000000E+00     1.0000000000E+00
    5.2250000000E+00     1.0000000000E+00
    5.2750000000E+00     1.0000000000E+00
    5.3250000000E+00     1.0000000000E+00
    5.3750000000E+00     1.0000000000E+00
    5.4250000000E+00     1.0000000000E+00
    5.4750000000E+00     1.0000000000E+00
    5.5250000000E+00     1.0000000000E+00
    5.5750000000E+00     1.0000000000E+00
    5.6250000000E+00     1.0000000000E+00
    5.6750000000E+00     1.0000000000E+00
    5.7250000000E+00     1.0000000000E+00
    5.7750000000E+00     1.0000000000E+00
    5.8250000000E+00     1.0000000000E+00
    5.8750000000E+00     1.0000000000E+00
    5.9250000000E+00     1.0000000000E+00
    5.9750000000E+00     1.0000000000E+00
    6.0250000000E+00     1.0000000000E+00
    6.0750000000E+00     1.0000000000E+00
    6.1250000000E+00     1.0000000000E+00
    6.1750000000E+00     1.0000000000E+00
    6.2250000000E+00     1.0000000000E+00
    6.2750000000E+00     1.0000000000E+00
    6.3250000000E+00     1.0000000000E+00
    6.3750000000E+00     1.0000000000E+00
    6.4250000000E+00     1.0000000000E+00
    6.4750000000E+00     1.0000000000E+00
    6.5250000000E+00     1.0000000000E+00
    6.5750000000E+00     9.9999999999E-01
    6.6250000000E+00     9.9999999997E-01
    6.6750000000E+00     9.9999999991E-01
    6.7250000000E+00     9.9999999977E-01
    6.7750000000E+00     9.9999999943E-01
    6.8250000000E+00     9.9999999859E-01
    6.8750000000E+00     9.9999999658E-01
    6.9250000000E+00     9.9999999187E-01
    6.9750000000E+00     9.9999998104E-01
    7.0250000000E+00     9.9999995661E-01
    7.0750000000E+00     9.9999990261E-01
    7.1250000000E+00     9.9999978558E-01
    7.1750000000E+00     9.9999953704E-01
    7.2250000000E+00     9.9999901978E-01
    7.2750000000E+00     9.9999796504E-01
    7.3250000000E+00     9.9999585807E-01
    7.3750000000E+00     9.9999173533E-01
    7.4250000000E+00     9.9998383481E-01
    7.4750000000E+00     9.9996900961E-01
    7.5250000000E+00     9.9994177342E-01
    7.5750000000E+00     9.9989279367E-01
    7.6250000000E+00     9.9980658906E-01
    7.6750000000E+00     9.9965813099E-01
    7.7250000000E+00     9.9940801117E-01
    7.7750000000E+00     9.9899584699E-01
    7.8250000000E+00     9.9833168757E-01
    7.8750000000E+00     9.9728539988E-01
    7.9250000000E+00     9.9567439268E-01
    7.9750000000E+00     9.9325059801E-01
    8.0250000000E+00     9.8968835704E-01
    8.0750000000E+00     9.8457567468E-01
    8.1250000000E+00     9.7741206498E-01
    8.1750000000E+00     9.6761668577E-01
    8.2250000000E+00     9.5455038453E-01
    8.2750000000E+00     9.3755438538E-01
    8.3250000000E+00     9.1600646768E-01
    8.3750000000E+00     8.8939263480E-01
    8.4250000000E+00     8.5738873378E-01
    8.4750000000E+00     8.1994284440E-01
    8.5250000000E+00     7.7734633883E-01
    8.5750000000E+00     7.3028023482E-01
    8.6250000000E+00     6.7982459414E-01
    8.6750000000E+00     6.2742260225E-01
    8.7250000000E+00     5.7479732662E-01
    8.7750000000E+00     5.2382700935E-01
    8.8250000000E+00     4.7639255865E-01
    8.8750000000E+00     4.3421688773E-01
    8.9250000000E+00     3.9871836504E-01
    8.9750000000E+00     3.7089904220E-01
    9.0250000000E+00     3.5128266136E-01
    9.0750000000E+00     3.3990888067E-01
    9.1250000000E+00     3.3638059368E-01
    9.1750000000E+00     3.3995278151E-01
    9.2250000000E+00     3.4964578612E-01
    9.2750000000E+00     3.6436417611E-01
    9.3250000000E+00     3.8300442072E-01
    9.3750000000E+00     4.0453942977E-01
    9.4250000000E+00     4.2807416374E-01
    9.4750000000E+00     4.5287242156E-01
    9.5250000000E+00     4.7835939142E-01
    9.5750000000E+00     5.0410701285E-01
    9.6250000000E+00     5.2980967736E-01
    9.6750000000E+00     5.5525677051E-01
    9.7250000000E+00     5.8030671651E-01
    9.7750000000E+00     6.0486518144E-01
    9.8250000000E+00     6.2886838848E-01
    9.8750000000E+00     6.5227132354E-01
    9.9250000000E+00     6.7503998111E-01
    9.9750000000E+00     6.9714660459E-01
