#t= 1.080000
    2.5000000000E-02     1.0000000000E+00
    7.5000000000E-02     1.0000000000E+00
    1.2500000000E-01     1.0000000000E+00
    1.7500000000E-01     1.0000000000E+00
    2.2500000000E-01     1.0000000000E+00
    2.7500000000E-01     1.0000000000E+00
    3.2500000000E-01     1.0000000000E+00
    3.7500000000E-01     1.0000000000E+00
    4.2500000000E-01     1.0000000000E+00
    4.7500000000E-01     1.0000000000E+00
    5.2500000000E-01     1.0000000000E+00
    5.7500000000E-01     1.0000000000E+00
    6.2500000000E-01     1.0000000000E+00
    6.7500000000E-01     1.0000000000E+00
    7.2500000000E-01     1.0000000000E+00
    7.7500000000E-01     1.0000000000E+00
    8.2500000000E-01     1.0000000000E+00
    8.7500000000E-01     1.0000000000E+00
    9.2500000000E-01     1.0000000000E+00
    9.7500000000E-01     1.0000000000E+00
    1.0250000000E+00     9.9999999999E-01
    1.0750000000E+00     9.9999999995E-01
    1.1250000000E+00     9.9999999971E-01
    1.1750000000E+00     9.9999999836E-01
    1.2250000000E+00     9.9999999142E-01
    1.2750000000E+00     9.9999995809E-01
    1.3250000000E+00     9.9999980952E-01
    1.3750000000E+00     9.9999919375E-01
    1.4250000000E+00     9.9999682097E-01
    1.4750000000E+00     9.9998832105E-01
    1.5250000000E+00     9.9996002320E-01
    1.5750000000E+00     9.9987251540E-01
    1.6250000000E+00     9.9962134070E-01
    1.6750000000E+00     9.9895280935E-01
    1.7250000000E+00     9.9730481184E-01
    1.7750000000E+00     9.9354789619E-01
    1.8250000000E+00     9.8564182462E-01
    1.8750000000E+00     9.7031684870E-01
    1.9250000000E+00     9.4302615342E-01
    1.9750000000E+00     8.9851815791E-01
    2.0250000000E+00     8.3229584256E-01
    2.0750000000E+00     7.4283255012E-01
    2.1250000000E+00     6.3376157338E-01
    2.1750000000E+00     5.1473889970E-01
    2.2250000000E+00     3.9986634599E-01
    2.2750000000E+00     3.0371700354E-01
    2.3250000000E+00     2.3658796719E-01
    2.3750000000E+00     2.0142343485E-01
    2.4250000000E+00     1.9402568012E-01
    2.4750000000E+00     2.0613383826E-01
    2.5250000000E+00     2.2927840232E-01
    2.5750000000E+00     2.5730475972E-01
    2.6250000000E+00     2.8686442929E-01
    2.6750000000E+00     3.1659446533E-01
    2.7250000000E+00     3.4608647317E-01
    2.7750000000E+00     3.7524287327E-01
    2.8250000000E+00     4.0402895396E-01
    2.8750000000E+00     4.3241630686E-01
    2.9250000000E+00     4.6037691706E-01
    2.9750000000E+00     4.8788319083E-01
    3.0250000000E+00     5.1490798280E-01
    3.0750000000E+00     5.4142462275E-01
    3.1250000000E+00     5.6740694196E-01
    3.1750000000E+00     5.9282929903E-01
    3.2250000000E+00     6.1766660515E-01
    3.2750000000E+00     6.4189434890E-01
    3.3250000000E+00     6.6548862043E-01
    3.3750000000E+00     6.8842613504E-01
    3.4250000000E+00     7.1068425616E-01
    3.4750000000E+00     7.3224101773E-01
    3.5250000000E+00     7.5307514581E-01
    3.5750000000E+00     7.7316607965E-01
    3.6250000000E+00     7.9249399191E-01
    3.6750000000E+00     8.1103980828E-01
    3.7250000000E+00     8.2878522628E-01
    3.7750000000E+00     8.4571273332E-01
    3.8250000000E+00     8.6180562400E-01
    3.8750000000E+00     8.7704801657E-01
    3.9250000000E+00     8.9142486864E-01
    3.9750000000E+00     9.0492199198E-01
    4.0250000000E+00     9.1752606658E-01
    4.0750000000E+00     9.2922465371E-01
    4.1250000000E+00     9.4000620831E-01
    4.1750000000E+00     9.4986009026E-01
    4.2250000000E+00     9.5877657498E-01
    4.2750000000E+00     9.6674686298E-01
    4.3250000000E+00     9.7376308854E-01
    4.3750000000E+00     9.7981832749E-01
    4.4250000000E+00     9.8490660405E-01
    4.4750000000E+00     9.8902289670E-01
    4.5250000000E+00     9.9216314316E-01
    4.5750000000E+00     9.9432424438E-01
    4.6250000000E+00     9.9550406762E-01
    4.6750000000E+00     9.9570144853E-01
    4.7250000000E+00     9.9491619233E-01
    4.7750000000E+00     9.9314907396E-01
    4.8250000000E+00     9.9040183736E-01
    4.8750000000E+00     9.8667719372E-01
    4.9250000000E+00     9.8197881881E-01
    4.9750000000E+00     9.7631134936E-01
    5.0250000000E+00     9.6968037849E-01
    5.0750000000E+00     9.6209245015E-01
    5.1250000000E+00     9.5355505271E-01
    5.1750000000E+00     9.4407661157E-01
    5.2250000000E+00     9.3366648079E-01
    5.2750000000E+00     9.2233493391E-01
    5.3250000000E+00     9.1009315381E-01
    5.3750000000E+00     8.9695322164E-01
    5.4250000000E+00     8.8292810494E-01
    5.4750000000E+00     8.6803164479E-01
    5.5250000000E+00     8.5227854221E-01
    5.5750000000E+00     8.3568434360E-01
    5.6250000000E+00     8.1826542544E-01
    5.6750000000E+00     8.0003897809E-01
    5.7250000000E+00     7.8102298887E-01
    5.7750000000E+00     7.6123622424E-01
    5.8250000000E+00     7.4069821137E-01
    5.8750000000E+00     7.1942921879E-01
    5.9250000000E+00     6.9745023643E-01
    5.9750000000E+00     6.7478295489E-01
    6.0250000000E+00     6.5144974404E-01
    6.0750000000E+00     6.2747363095E-01
    6.1250000000E+00     6.0287827713E-01
    6.1750000000E+00     5.7768795524E-01
    6.2250000000E+00     5.5192752509E-01
    6.2750000000E+00     5.2562240910E-01
    6.3250000000E+00     4.9879856726E-01
    6.3750000000E+00     4.7148247145E-01
    6.4250000000E+00     4.4370107936E-01
    6.4750000000E+00     4.1548180788E-01
    6.5250000000E+00     3.8685250601E-01
    6.5750000000E+00     3.5784142743E-01
    6.6250000000E+00     3.2847720256E-01
    6.6750000000E+00     2.9878881035E-01
    6.7250000000E+00     2.6880554965E-01
    6.7750000000E+00     2.3855701033E-01
    6.8250000000E+00     2.0807304405E-01
    6.8750000000E+00     1.7738373479E-01
    6.9250000000E+00     1.4651936920E-01
    6.9750000000E+00     1.1551040668E-01
    7.0250000000E+00     8.4387449334E-02
    7.0750000000E+00     5.3181211766E-02
    7.1250000000E+00     2.1922490762E-02
    7.1750000000E+00    -9.3578650932E-03
    7.2250000000E+00    -4.0628985865E-02
    7.2750000000E+00    -7.1860010734E-02
    7.3250000000E+00    -1.0302011845E-01
    7.3750000000E+00    -1.3407855774E-01
    7.4250000000E+00    -1.6500467769E-01
    7.4750000000E+00    -1.9576795794E-01
    7.5250000000E+00    -2.2633803885E-01
    7.5750000000E+00    -2.5668475144E-01
    7.6250000000E+00    -2.8677814717E-01
    7.6750000000E+00    -3.1658852750E-01
    7.7250000000E+00    -3.4608647317E-01
    7.7750000000E+00    -3.7524287327E-01
    7.8250000000E+00    -4.0402895396E-01
    7.8750000000E+00    -4.3241630686E-01
    7.9250000000E+00    -4.6037691706E-01
    7.9750000000E+00    -4.8788319083E-01
    8.0250000000E+00    -5.1490798280E-01
    8.0750000000E+00    -5.4142462275E-01
    8.1250000000E+00    -5.6740694196E-01
    8.1750000000E+00    -5.9282929903E-01
    8.2250000000E+00    -6.1766660515E-01
    8.2750000000E+00    -6.4189434890E-01
    8.3250000000E+00    -6.6548862043E-01
    8.3750000000E+00    -6.8842613504E-01
    8.4250000000E+00    -7.1068425616E-01
    8.4750000000E+00    -7.3224101773E-01
    8.5250000000E+00    -7.5307514581E-01
    8.5750000000E+00    -7.7316607965E-01
    8.6250000000E+00    -7.9249399191E-01
    8.6750000000E+00    -8.1103980828E-01
    8.7250000000E+00    -8.2878522628E-01
    8.7750000000E+00    -8.4571273332E-01
    8.8250000000E+00    -8.6180562400E-01
    8.8750000000E+00    -8.7704801657E-01
    8.9250000000E+00    -8.9142486864E-01
    8.9750000000E+00    -9.0492199198E-01
    9.0250000000E+00    -9.1752606658E-01
    9.0750000000E+00    -9.2922465371E-01
    9.1250000000E+00    -9.4000620831E-01
    9.1750000000E+00    -9.4986009026E-01
    9.2250000000E+00    -9.5877657498E-01
    9.2750000000E+00    -9.6674686298E-01
    9.3250000000E+00    -9.7376308854E-01
    9.3750000000E+00    -9.7981832749E-01
    9.4250000000E+00    -9.8490660405E-01
    9.4750000000E+00    -9.8902289670E-01
    9.5250000000E+00    -9.9216314316E-01
    9.5750000000E+00    -9.9432424438E-01
    9.6250000000E+00    -9.9550406762E-01
    9.6750000000E+00    -9.9570144853E-01
    9.7250000000E+00    -9.9491619233E-01
    9.7750000000E+00    -9.9314907396E-01
    9.8250000000E+00    -9.9040183736E-01
    9.8750000000E+00    -9.8667719372E-01
    9.9250000000E+00    -9.8197881881E-01
    9.9750000000E+00    -9.7631134936E-01
