#t= 3.280000
    2.5000000000E-02     1.1733118469E-01
    7.5000000000E-02     1.3402455503E-01
    1.2500000000E-01     1.5242389640E-01
    1.7500000000E-01     1.7259131394E-01
    2.2500000000E-01     1.9457248443E-01
    2.7500000000E-01     2.1839362107E-01
    3.2500000000E-01     2.4405849636E-01
    3.7500000000E-01     2.7154561340E-01
    4.2500000000E-01     3.0080562293E-01
    4.7500000000E-01     3.3175908692E-01
    5.2500000000E-01     3.6429469017E-01
    5.7500000000E-01     3.9826799799E-01
    6.2500000000E-01     4.3350085104E-01
    6.7500000000E-01     4.6978147679E-01
    7.2500000000E-01     5.0686538226E-01
    7.7500000000E-01     5.4447707288E-01
    8.2500000000E-01     5.8231262044E-01
    8.7500000000E-01     6.2004307740E-01
    9.2500000000E-01     6.5731870792E-01
    9.7500000000E-01     6.9377397775E-01
    1.0250000000E+00     7.2903321700E-01
    1.0750000000E+00     7.6271684331E-01
    1.1250000000E+00     7.9444800830E-01
    1.1750000000E+00     8.2385950967E-01
    1.2250000000E+00     8.5060079492E-01
    1.2750000000E+00     8.7434487234E-01
    1.3250000000E+00     8.9479493982E-01
    1.3750000000E+00     9.1169054469E-01
    1.4250000000E+00     9.2481309617E-01
    1.4750000000E+00     9.3399056766E-01
    1.5250000000E+00     9.3910124760E-01
    1.5750000000E+00     9.4007642446E-01
    1.6250000000E+00     9.3690192345E-01
    1.6750000000E+00     9.2961844654E-01
    1.7250000000E+00     9.1832070474E-01
    1.7750000000E+00     9.0315536837E-01
    1.8250000000E+00     8.8431789731E-01
    1.8750000000E+00     8.6204834710E-01
    1.9250000000E+00     8.3662627669E-01
    1.9750000000E+00     8.0836490881E-01
    2.0250000000E+00     7.7760471364E-01
    2.0750000000E+00     7.4470659910E-01
    2.1250000000E+00     7.1004489788E-01
    2.1750000000E+00     6.7400034040E-01
    2.2250000000E+00     6.3695319639E-01
    2.2750000000E+00     5.9927675444E-01
    2.3250000000E+00     5.6133129073E-01
    2.3750000000E+00     5.2345865587E-01
    2.4250000000E+00     4.8597758270E-01
    2.4750000000E+00     4.4917979043E-01
    2.5250000000E+00     4.1332693177E-01
    2.5750000000E+00     3.7864840150E-01
    2.6250000000E+00     3.4533999781E-01
    2.6750000000E+00     3.1356340341E-01
    2.7250000000E+00     2.8344643142E-01
    2.7750000000E+00     2.5508396353E-01
    2.8250000000E+00     2.2853949362E-01
    2.8750000000E+00     2.0384718044E-01
    2.9250000000E+00     1.8101430735E-01
    2.9750000000E+00     1.6002404534E-01
    3.0250000000E+00     1.4083841777E-01
    3.0750000000E+00     1.2340137021E-01
    3.1250000000E+00     1.0764185681E-01
    3.1750000000E+00     9.3476864265E-02
    3.2250000000E+00     8.0814305988E-02
    3.2750000000E+00     6.9555731050E-02
    3.3250000000E+00     5.9598805093E-02
    3.3750000000E+00     5.0839532527E-02
    3.4250000000E+00     4.3174200997E-02
    3.4750000000E+00     3.6501039758E-02
    3.5250000000E+00     3.0721592943E-02
    3.5750000000E+00     2.5741816780E-02
    3.6250000000E+00     2.1472916263E-02
    3.6750000000E+00     1.7831941852E-02
    3.7250000000E+00     1.4742170271E-02
    3.7750000000E+00     1.2133295742E-02
    3.8250000000E+00     9.9414589259E-03
    3.8750000000E+00     8.1091408207E-03
    3.9250000000E+00     6.5849479246E-03
    3.9750000000E+00     5.3233133634E-03
    4.0250000000E+00     4.2841365691E-03
    4.0750000000E+00     3.4323816447E-03
    4.1250000000E+00     2.7376519086E-03
    4.1750000000E+00     2.1737554190E-03
    4.2250000000E+00     1.7182736327E-03
    4.2750000000E+00     1.3521428445E-03
    4.3250000000E+00     1.0592557398E-03
    4.3750000000E+00     8.2608832495E-04
    4.4250000000E+00     6.4135569089E-04
    4.4750000000E+00     4.9569853407E-04
    4.5250000000E+00     3.8140109344E-04
    4.5750000000E+00     2.9214015431E-04
    4.6250000000E+00     2.2276399629E-04
    4.6750000000E+00     1.6909959843E-04
    4.7250000000E+00     1.2778603259E-04
    4.7750000000E+00     9.6131747381E-05
    4.8250000000E+00     7.1993341416E-05
    4.8750000000E+00     5.3673420774E-05
    4.9250000000E+00     3.9835206685E-05
    4.9750000000E+00     2.9431685631E-05
    5.0250000000E+00     2.1647256580E-05
    5.0750000000E+00     1.5850014637E-05
    5.1250000000E+00     1.1553004734E-05
    5.1750000000E+00     8.3829740726E-06
    5.2250000000E+00     6.0553407897E-06
    5.2750000000E+00     4.3542740566E-06
    5.3250000000E+00     3.1169442968E-06
    5.3750000000E+00     2.2211497601E-06
    5.4250000000E+00     1.5756565914E-06
    5.4750000000E+00     1.1127039685E-06
    5.5250000000E+00     7.8222456555E-07
    5.5750000000E+00     5.4741465853E-07
    5.6250000000E+00     3.8135897005E-07
    5.6750000000E+00     2.6447431436E-07
    5.7250000000E+00     1.8258473240E-07
    5.7750000000E+00     1.2548052344E-07
    5.8250000000E+00     8.5845726049E-08
    5.8750000000E+00     5.8464389656E-08
    5.9250000000E+00     3.9636493359E-08
    5.9750000000E+00     2.6750555189E-08
    6.0250000000E+00     1.7972646286E-08
    6.0750000000E+00     1.2021367372E-08
    6.1250000000E+00     8.0059341398E-09
    6.1750000000E+00     5.3103275658E-09
    6.2250000000E+00     3.5108810939E-09
    6.2750000000E+00     2.3180112438E-09
    6.3250000000E+00     1.5353007830E-09
    6.3750000000E+00     1.0310120000E-09
    6.4250000000E+00     7.1849735461E-10
    6.4750000000E+00     5.4300771283E-10
    6.5250000000E+00     4.7316967038E-10
    6.5750000000E+00     4.9598781815E-10
    6.6250000000E+00     6.1468458061E-10
    6.6750000000E+00     8.4906801444E-10
    6.7250000000E+00     1.2384583190E-09
    6.7750000000E+00     1.8475449895E-09
    6.8250000000E+00     2.7759265969E-09
    6.8750000000E+00     4.1725452438E-09
    6.9250000000E+00     6.2568153668E-09
    6.9750000000E+00     9.3490193975E-09
    7.0250000000E+00     1.3913572745E-08
    7.0750000000E+00     2.0620138643E-08
    7.1250000000E+00     3.0429415328E-08
    7.1750000000E+00     4.4712870884E-08
    7.2250000000E+00     6.5418950815E-08
    7.2750000000E+00     9.5302563667E-08
    7.3250000000E+00     1.3824025162E-07
    7.3750000000E+00     1.9966073499E-07
    7.4250000000E+00     2.8712992029E-07
    7.4750000000E+00     4.1114151066E-07
    7.5250000000E+00     5.8617968734E-07
    7.5750000000E+00     8.3213968603E-07
    7.6250000000E+00     1.1762163386E-06
    7.6750000000E+00     1.6554007767E-06
    7.7250000000E+00     2.3197626113E-06
    7.7750000000E+00     3.2367402258E-06
    7.8250000000E+00     4.4967166654E-06
    7.8750000000E+00     6.2202243091E-06
    7.9250000000E+00     8.5671994302E-06
    7.9750000000E+00     1.1748799133E-05
    8.0250000000E+00     1.6042399042E-05
    8.0750000000E+00     2.1810511264E-05
    8.1250000000E+00     2.9524498703E-05
    8.1750000000E+00     3.9794113381E-05
    8.2250000000E+00     5.3404051442E-05
    8.2750000000E+00     7.1358893466E-05
    8.3250000000E+00     9.4937981310E-05
    8.3750000000E+00     1.2576196607E-04
    8.4250000000E+00     1.6587293768E-04
    8.4750000000E+00     2.1783020479E-04
    8.5250000000E+00     2.8482392066E-04
    8.5750000000E+00     3.7080883083E-04
    8.6250000000E+00     4.8066043311E-04
    8.6750000000E+00     6.2035576737E-04
    8.7250000000E+00     7.9718086938E-04
    8.7750000000E+00     1.0199666026E-03
    8.8250000000E+00     1.2993540981E-03
    8.8750000000E+00     1.6480903611E-03
    8.9250000000E+00     2.0813537125E-03
    8.9750000000E+00     2.6171076147E-03
    9.0250000000E+00     3.2764800538E-03
    9.0750000000E+00     4.0841640207E-03
    9.1250000000E+00     5.0688327439E-03
    9.1750000000E+00     6.2635612041E-03
    9.2250000000E+00     7.7062431269E-03
    9.2750000000E+00     9.4399901653E-03
    9.3250000000E+00     1.1513497414E-02
    9.3750000000E+00     1.3981356835E-02
    9.4250000000E+00     1.6904297740E-02
    9.4750000000E+00     2.0349331285E-02
    9.5250000000E+00     2.4389774176E-02
    9.5750000000E+00     2.9105125557E-02
    9.6250000000E+00     3.4580770647E-02
    9.6750000000E+00     4.0907485119E-02
    9.7250000000E+00     4.8180715814E-02
    9.7750000000E+00     5.6499616165E-02
    9.8250000000E+00     6.5965818871E-02
    9.8750000000E+00     7.6681933940E-02
    9.9250000000E+00     8.8749767238E-02
    9.9750000000E+00     1.0226826316E-01
