#t= 9.840000
    2.5000000000E-02     1.9381515236E-07
    7.5000000000E-02     2.6739420251E-07
    1.2500000000E-01     3.6799906528E-07
    1.7500000000E-01     5.0496542249E-07
    2.2500000000E-01     6.9070689745E-07
    2.7500000000E-01     9.4165679628E-07
    3.2500000000E-01     1.2794791980E-06
    3.7500000000E-01     1.7326187587E-06
    4.2500000000E-01     2.3382745469E-06
    4.7500000000E-01     3.1449021816E-06
    5.2500000000E-01     4.2153709170E-06
    5.7500000000E-01     5.6309285142E-06
    6.2500000000E-01     7.4961571682E-06
    6.7500000000E-01     9.9451387934E-06
    7.2500000000E-01     1.3149087919E-05
    7.7500000000E-01     1.7325755534E-05
    8.2500000000E-01     2.2750957553E-05
    8.7500000000E-01     2.9772637007E-05
    9.2500000000E-01     3.8827929349E-05
    9.7500000000E-01     5.0463764698E-05
    1.0250000000E+00     6.5361608432E-05
    1.0750000000E+00     8.4367010933E-05
    1.1250000000E+00     1.0852470634E-04
    1.1750000000E+00     1.3912006652E-04
    1.2250000000E+00     1.7772777677E-04
    1.2750000000E+00     2.2626865014E-04
    1.3250000000E+00     2.8707553292E-04
    1.3750000000E+00     3.6296926953E-04
    1.4250000000E+00     4.5734568424E-04
    1.4750000000E+00     5.7427449313E-04
    1.5250000000E+00     7.1861097478E-04
    1.5750000000E+00     8.9612109464E-04
    1.6250000000E+00     1.1136205873E-03
    1.6750000000E+00     1.3791282454E-03
    1.7250000000E+00     1.7020333352E-03
    1.7750000000E+00     2.0932766519E-03
    1.8250000000E+00     2.5655442354E-03
    1.8750000000E+00     3.1334721863E-03
    1.9250000000E+00     3.8138603553E-03
    1.9750000000E+00     4.6258919242E-03
    2.0250000000E+00     5.5913550633E-03
    2.0750000000E+00     6.7348619514E-03
    2.1250000000E+00     8.0840594913E-03
    2.1750000000E+00     9.6698250748E-03
    2.2250000000E+00     1.1526439768E-02
    2.2750000000E+00     1.3691730340E-02
    2.3250000000E+00     1.6207170690E-02
    2.3750000000E+00     1.9117932441E-02
    2.4250000000E+00     2.2472873934E-02
    2.4750000000E+00     2.6324456409E-02
    2.5250000000E+00     3.0728576136E-02
    2.5750000000E+00     3.5744301434E-02
    2.6250000000E+00     4.1433504159E-02
    2.6750000000E+00     4.7860376256E-02
    2.7250000000E+00     5.5090823469E-02
    2.7750000000E+00     6.3191730308E-02
    2.8250000000E+00     7.2230092812E-02
    2.8750000000E+00     8.2272018672E-02
    2.9250000000E+00     9.3381597710E-02
    2.9750000000E+00     1.0561964956E-01
    3.0250000000E+00     1.1904235970E-01
    3.0750000000E+00     1.3369981934E-01
    3.1250000000E+00     1.4963448958E-01
    3.1750000000E+00     1.6687961442E-01
    3.2250000000E+00     1.8545761242E-01
    3.2750000000E+00     2.0537848015E-01
    3.3250000000E+00     2.2663824507E-01
    3.3750000000E+00     2.4921750791E-01
    3.4250000000E+00     2.7308011700E-01
    3.4750000000E+00     2.9817201814E-01
    3.5250000000E+00     3.2442032349E-01
    3.5750000000E+00     3.5173264158E-01
    3.6250000000E+00     3.7999670775E-01
    3.6750000000E+00     4.0908035039E-01
    3.7250000000E+00     4.3883182242E-01
    3.7750000000E+00     4.6908052078E-01
    3.8250000000E+00     4.9963810834E-01
    3.8750000000E+00     5.3030004341E-01
    3.9250000000E+00     5.6084751206E-01
    3.9750000000E+00     5.9104974742E-01
    4.0250000000E+00     6.2066670956E-01
    4.0750000000E+00     6.4945208845E-01
    4.1250000000E+00     6.7715658204E-01
    4.1750000000E+00     7.0353139208E-01
    4.2250000000E+00     7.2833187154E-01
    4.2750000000E+00     7.5132125093E-01
    4.3250000000E+00     7.7227436531E-01
    4.3750000000E+00     7.9098130099E-01
    4.4250000000E+00     8.0725087983E-01
    4.4750000000E+00     8.2091390092E-01
    4.5250000000E+00     8.3182606270E-01
    4.5750000000E+00     8.3987049553E-01
    4.6250000000E+00     8.4495984237E-01
    4.6750000000E+00     8.4703783594E-01
    4.7250000000E+00     8.4608033269E-01
    4.7750000000E+00     8.4209577690E-01
    4.8250000000E+00     8.3512508259E-01
    4.8750000000E+00     8.2524093538E-01
    4.9250000000E+00     8.1254653087E-01
    4.9750000000E+00     7.9717378017E-01
    5.0250000000E+00     7.7928102630E-01
    5.0750000000E+00     7.5905032670E-01
    5.1250000000E+00     7.3668436714E-01
    5.1750000000E+00     7.1240308033E-01
    5.2250000000E+00     6.8644004795E-01
    5.2750000000E+00     6.5903876860E-01
    5.3250000000E+00     6.3044887457E-01
    5.3750000000E+00     6.0092237937E-01
    5.4250000000E+00     5.7071003394E-01
    5.4750000000E+00     5.4005786377E-01
    5.5250000000E+00     5.0920395173E-01
    5.5750000000E+00     4.7837552225E-01
    5.6250000000E+00     4.4778637241E-01
    5.6750000000E+00     4.1763468453E-01
    5.7250000000E+00     3.8810124366E-01
    5.7750000000E+00     3.5934807202E-01
    5.8250000000E+00     3.3151748161E-01
    5.8750000000E+00     3.0473153578E-01
    5.9250000000E+00     2.7909190164E-01
    5.9750000000E+00     2.5468006658E-01
    6.0250000000E+00     2.3155788583E-01
    6.0750000000E+00     2.0976842245E-01
    6.1250000000E+00     1.8933703725E-01
    6.1750000000E+00     1.7027268405E-01
    6.2250000000E+00     1.5256936461E-01
    6.2750000000E+00     1.3620769795E-01
    6.3250000000E+00     1.2115656061E-01
    6.3750000000E+00     1.0737475690E-01
    6.4250000000E+00     9.4812681814E-02
    6.4750000000E+00     8.3413943272E-02
    6.5250000000E+00     7.3116915277E-02
    6.5750000000E+00     6.3856198114E-02
    6.6250000000E+00     5.5563966947E-02
    6.6750000000E+00     4.8171194919E-02
    6.7250000000E+00     4.1608741602E-02
    6.7750000000E+00     3.5808301958E-02
    6.8250000000E+00     3.0703214907E-02
    6.8750000000E+00     2.6229134012E-02
    6.9250000000E+00     2.2324565723E-02
    6.9750000000E+00     1.8931282958E-02
    7.0250000000E+00     1.5994623640E-02
    7.0750000000E+00     1.3463685099E-02
    7.1250000000E+00     1.1291426079E-02
    7.1750000000E+00     9.4346884615E-03
    7.2250000000E+00     7.8541508342E-03
    7.2750000000E+00     6.5142256936E-03
    7.3250000000E+00     5.3829115045E-03
    7.3750000000E+00     4.4316100384E-03
    7.4250000000E+00     3.6349184837E-03
    7.4750000000E+00     2.9704047904E-03
    7.5250000000E+00     2.4183736377E-03
    7.5750000000E+00     1.9616293254E-03
    7.6250000000E+00     1.5852408347E-03
    7.6750000000E+00     1.2763132971E-03
    7.7250000000E+00     1.0237691783E-03
    7.7750000000E+00     8.1814163809E-04
    7.8250000000E+00     6.5138177691E-04
    7.8750000000E+00     5.1668083108E-04
    7.9250000000E+00     4.0830782497E-04
    7.9750000000E+00     3.2146273580E-04
    8.0250000000E+00     2.5214486043E-04
    8.0750000000E+00     1.9703579188E-04
    8.1250000000E+00     1.5339620499E-04
    8.1750000000E+00     1.1897550664E-04
    8.2250000000E+00     9.1933317625E-05
    8.2750000000E+00     7.0771710366E-05
    8.3250000000E+00     5.4277121042E-05
    8.3750000000E+00     4.1470878442E-05
    8.4250000000E+00     3.1567337180E-05
    8.4750000000E+00     2.3938664204E-05
    8.5250000000E+00     1.8085398998E-05
    8.5750000000E+00     1.3611985262E-05
    8.6250000000E+00     1.0206551482E-05
    8.6750000000E+00     7.6242968654E-06
    8.7250000000E+00     5.6739154602E-06
    8.7750000000E+00     4.2065634227E-06
    8.8250000000E+00     3.1069412300E-06
    8.8750000000E+00     2.2861236442E-06
    8.9250000000E+00     1.6758250956E-06
    8.9750000000E+00     1.2238368855E-06
    9.0250000000E+00     8.9041539653E-07
    9.0750000000E+00     6.4543767983E-07
    9.1250000000E+00     4.6617277577E-07
    9.1750000000E+00     3.3554440165E-07
    9.2250000000E+00     2.4078370083E-07
    9.2750000000E+00     1.7239009259E-07
    9.3250000000E+00     1.2333437301E-07
    9.3750000000E+00     8.8451548909E-08
    9.4250000000E+00     6.3981859152E-08
    9.4750000000E+00     4.7227431823E-08
    9.5250000000E+00     3.6299385807E-08
    9.5750000000E+00     2.9936215741E-08
    9.6250000000E+00     2.7379272329E-08
    9.6750000000E+00     2.8295306018E-08
    9.7250000000E+00     3.2739596444E-08
    9.7750000000E+00     4.1156337649E-08
    9.8250000000E+00     5.4415869570E-08
    9.8750000000E+00     7.3891210179E-08
    9.9250000000E+00     1.0157931625E-07
    9.9750000000E+00     1.4027575237E-07
