#t= 3.440000
    2.5000000000E-02     1.0000000000E+00
    7.5000000000E-02     1.0000000000E+00
    1.2500000000E-01     1.0000000000E+00
    1.7500000000E-01     1.0000000000E+00
    2.2500000000E-01     1.0000000000E+00
    2.7500000000E-01     1.0000000000E+00
    3.2500000000E-01     1.0000000000E+00
    3.7500000000E-01     1.0000000000E+00
    4.2500000000E-01     1.0000000000E+00
    4.7500000000E-01     1.0000000000E+00
    5.2500000000E-01     1.0000000000E+00
    5.7500000000E-01     1.0000000000E+00
    6.2500000000E-01     1.0000000000E+00
    6.7500000000E-01     1.0000000000E+00
    7.2500000000E-01     1.0000000000E+00
    7.7500000000E-01     1.0000000000E+00
    8.2500000000E-01     1.0000000000E+00
    8.7500000000E-01     1.0000000000E+00
    9.2500000000E-01     1.0000000000E+00
    9.7500000000E-01     1.0000000000E+00
    1.0250000000E+00     1.0000000000E+00
    1.0750000000E+00     1.0000000000E+00
    1.1250000000E+00     1.0000000000E+00
    1.1750000000E+00     1.0000000000E+00
    1.2250000000E+00     1.0000000000E+00
    1.2750000000E+00     1.0000000000E+00
    1.3250000000E+00     1.0000000000E+00
    1.3750000000E+00     1.0000000000E+00
    1.4250000000E+00     1.0000000000E+00
    1.4750000000E+00     1.0000000000E+00
    1.5250000000E+00     1.0000000000E+00
    1.5750000000E+00     1.0000000000E+00
    1.6250000000E+00     1.0000000000E+00
    1.6750000000E+00     1.0000000000E+00
    1.7250000000E+00     1.0000000000E+00
    1.7750000000E+00     1.0000000000E+00
    1.8250000000E+00     1.0000000000E+00
    1.8750000000E+00     1.0000000000E+00
    1.9250000000E+00     1.0000000000E+00
    1.9750000000E+00     1.0000000000E+00
    2.0250000000E+00     1.0000000000E+00
    2.0750000000E+00     1.0000000000E+00
    2.1250000000E+00     1.0000000000E+00
    2.1750000000E+00     1.0000000000E+00
    2.2250000000E+00     1.0000000000E+00
    2.2750000000E+00     1.0000000000E+00
    2.3250000000E+00     1.0000000000E+00
    2.3750000000E+00     1.0000000000E+00
    2.4250000000E+00     1.0000000000E+00
    2.4750000000E+00     1.0000000000E+00
    2.5250000000E+00     1.0000000000E+00
    2.5750000000E+00     1.0000000000E+00
    2.6250000000E+00     1.0000000000E+00
    2.6750000000E+00     1.0000000000E+00
    2.7250000000E+00     1.0000000000E+00
    2.7750000000E+00     1.0000000000E+00
    2.8250000000E+00     1.0000000000E+00
    2.8750000000E+00     1.0000000000E+00
    2.9250000000E+00     1.0000000000E+00
    2.9750000000E+00     1.0000000000E+00
    3.0250000000E+00     1.0000000000E+00
    3.0750000000E+00     1.0000000000E+00
    3.1250000000E+00     1.0000000000E+00
    3.1750000000E+00     1.0000000000E+00
    3.2250000000E+00     1.0000000000E+00
    3.2750000000E+00     1.0000000000E+00
    3.3250000000E+00     1.0000000000E+00
    3.3750000000E+00     1.0000000000E+00
    3.4250000000E+00     1.0000000000E+00
    3.4750000000E+00     1.0000000000E+00
    3.5250000000E+00     1.0000000000E+00
    3.5750000000E+00     1.0000000000E+00
    3.6250000000E+00     1.0000000000E+00
    3.6750000000E+00     1.0000000000E+00
    3.7250000000E+00     1.0000000000E+00
    3.7750000000E+00     1.0000000000E+00
    3.8250000000E+00     1.0000000000E+00
    3.8750000000E+00     1.0000000000E+00
    3.9250000000E+00     1.0000000000E+00
    3.9750000000E+00     1.0000000000E+00
    4.0250000000E+00     1.0000000000E+00
    4.0750000000E+00     1.0000000000E+00
    4.1250000000E+00     1.0000000000E+00
    4.1750000000E+00     1.0000000000E+00
    4.2250000000E+00     1.0000000000E+00
    4.2750000000E+00     1.0000000000E+00
    4.3250000000E+00     1.0000000000E+00
    4.3750000000E+00     1.0000000000E+00
    4.4250000000E+00     1.0000000000E+00
    4.4750000000E+00     1.0000000000E+00
    4.5250000000E+00     1.0000000000E+00
    4.5750000000E+00     1.0000000000E+00
    4.6250000000E+00     1.0000000000E+00
    4.6750000000E+00     1.0000000000E+00
    4.7250000000E+00     1.0000000000E+00
    4.7750000000E+00     1.0000000000E+00
    4.8250000000E+00     1.0000000000E+00
    4.8750000000E+00     1.0000000000E+00
    4.9250000000E+00     9.9999999999E-01
    4.9750000000E+00     9.9999999998E-01
    5.0250000000E+00     9.9999999995E-01
    5.0750000000E+00     9.9999999985E-01
    5.1250000000E+00     9.9999999957E-01
    5.1750000000E+00     9.9999999882E-01
    5.2250000000E+00     9.9999999684E-01
    5.2750000000E+00     9.9999999169E-01
    5.3250000000E+00     9.9999997869E-01
    5.3750000000E+00     9.9999994665E-01
    5.4250000000E+00     9.9999986958E-01
    5.4750000000E+00     9.9999968874E-01
    5.5250000000E+00     9.9999927488E-01
    5.5750000000E+00     9.9999835118E-01
    5.6250000000E+00     9.9999634116E-01
    5.6750000000E+00     9.9999207732E-01
    5.7250000000E+00     9.9998326206E-01
    5.7750000000E+00     9.9996550351E-01
    5.8250000000E+00     9.9993065241E-01
    5.8750000000E+00     9.9986404004E-01
    5.9250000000E+00     9.9974007232E-01
    5.9750000000E+00     9.9951549953E-01
    6.0250000000E+00     9.9911961155E-01
    6.0750000000E+00     9.9844069220E-01
    6.1250000000E+00     9.9730842216E-01
    6.1750000000E+00     9.9547267231E-01
    6.2250000000E+00     9.9258036980E-01
    6.2750000000E+00     9.8815383623E-01
    6.3250000000E+00     9.8157599789E-01
    6.3750000000E+00     9.7208971808E-01
    6.4250000000E+00     9.5881951433E-01
    6.4750000000E+00     9.4082326420E-01
    6.5250000000E+00     9.1717841257E-01
    6.5750000000E+00     8.8710132343E-01
    6.6250000000E+00     8.5009019795E-01
    6.6750000000E+00     8.0607283896E-01
    6.7250000000E+00     7.5553285071E-01
    6.7750000000E+00     6.9958445188E-01
    6.8250000000E+00     6.3996936728E-01
    6.8750000000E+00     5.7896023440E-01
    6.9250000000E+00     5.1917235609E-01
    6.9750000000E+00     4.6330580309E-01
    7.0250000000E+00     4.1385752773E-01
    7.0750000000E+00     3.7285291913E-01
    7.1250000000E+00     3.4164453600E-01
    7.1750000000E+00     3.2081229281E-01
    7.2250000000E+00     3.1017750976E-01
    7.2750000000E+00     3.0891902089E-01
    7.3250000000E+00     3.1575968596E-01
    7.3750000000E+00     3.2918125906E-01
    7.4250000000E+00     3.4762644958E-01
    7.4750000000E+00     3.6965738611E-01
    7.5250000000E+00     3.9405519111E-01
    7.5750000000E+00     4.1986086615E-01
    7.6250000000E+00     4.4636911419E-01
    7.6750000000E+00     4.7309218773E-01
    7.7250000000E+00     4.9971070116E-01
    7.7750000000E+00     5.2602445226E-01
    7.8250000000E+00     5.5191098691E-01
    7.8750000000E+00     5.7729480558E-01
    7.9250000000E+00     6.0212676764E-01
    7.9750000000E+00     6.2637157258E-01
    8.0250000000E+00     6.5000081357E-01
    8.0750000000E+00     6.7298945561E-01
    8.1250000000E+00     6.9531420808E-01
    8.1750000000E+00     7.1695284517E-01
    8.2250000000E+00     7.3788395557E-01
    8.2750000000E+00     7.5808686794E-01
    8.3250000000E+00     7.7754164097E-01
    8.3750000000E+00     7.9622907442E-01
    8.4250000000E+00     8.1413072592E-01
    8.4750000000E+00     8.3122892870E-01
    8.5250000000E+00     8.4750680888E-01
    8.5750000000E+00     8.6294830215E-01
    8.6250000000E+00     8.7753816964E-01
    8.6750000000E+00     8.9126201291E-01
    8.7250000000E+00     9.0410628816E-01
    8.7750000000E+00     9.1605831967E-01
    8.8250000000E+00     9.2710631221E-01
    8.8750000000E+00     9.3723936275E-01
    8.9250000000E+00     9.4644747120E-01
    8.9750000000E+00     9.5472155026E-01
    9.0250000000E+00     9.6205343441E-01
    9.0750000000E+00     9.6843588797E-01
    9.1250000000E+00     9.7386261223E-01
    9.1750000000E+00     9.7832825167E-01
    9.2250000000E+00     9.8182839924E-01
    9.2750000000E+00     9.8435960072E-01
    9.3250000000E+00     9.8591935812E-01
    9.3750000000E+00     9.8650613214E-01
    9.4250000000E+00     9.8611934371E-01
    9.4750000000E+00     9.8475937454E-01
    9.5250000000E+00     9.8242756676E-01
    9.5750000000E+00     9.7912622159E-01
    9.6250000000E+00     9.7485859704E-01
    9.6750000000E+00     9.6962890476E-01
    9.7250000000E+00     9.6344230581E-01
    9.7750000000E+00     9.5630490562E-01
    9.8250000000E+00     9.4822374795E-01
    9.8750000000E+00     9.3920680791E-01
    9.9250000000E+00     9.2926298415E-01
    9.9750000000E+00     9.1840209002E-01
