#t= 3.120000
    2.5000000000E-02     2.5367926691E-01
    7.5000000000E-02     2.8192556469E-01
    1.2500000000E-01     3.1193682520E-01
    1.7500000000E-01     3.4362201328E-01
    2.2500000000E-01     3.7685726087E-01
    2.7500000000E-01     4.1148481389E-01
    3.2500000000E-01     4.4731265847E-01
    3.7500000000E-01     4.8411490315E-01
    4.2500000000E-01     5.2163297647E-01
    4.7500000000E-01     5.5957767856E-01
    5.2500000000E-01     5.9763210106E-01
    5.7500000000E-01     6.3545540294E-01
    6.2500000000E-01     6.7268740180E-01
    6.7500000000E-01     7.0895391064E-01
    7.2500000000E-01     7.4387272236E-01
    7.7500000000E-01     7.7706011706E-01
    8.2500000000E-01     8.0813774366E-01
    8.7500000000E-01     8.3673970778E-01
    9.2500000000E-01     8.6251968307E-01
    9.7500000000E-01     8.8515785461E-01
    1.0250000000E+00     9.0436750095E-01
    1.0750000000E+00     9.1990102608E-01
    1.1250000000E+00     9.3155526415E-01
    1.1750000000E+00     9.3917589849E-01
    1.2250000000E+00     9.4266086043E-01
    1.2750000000E+00     9.4196260352E-01
    1.3250000000E+00     9.3708918217E-01
    1.3750000000E+00     9.2810410069E-01
    1.4250000000E+00     9.1512493644E-01
    1.4750000000E+00     8.9832077886E-01
    1.5250000000E+00     8.7790856234E-01
    1.5750000000E+00     8.5414840419E-01
    1.6250000000E+00     8.2733808780E-01
    1.6750000000E+00     7.9780685449E-01
    1.7250000000E+00     7.6590868503E-01
    1.7750000000E+00     7.3201526202E-01
    1.8250000000E+00     6.9650880812E-01
    1.8750000000E+00     6.5977499147E-01
    1.9250000000E+00     6.2219607994E-01
    1.9750000000E+00     5.8414450999E-01
    2.0250000000E+00     5.4597701525E-01
    2.0750000000E+00     5.0802943519E-01
    2.1250000000E+00     4.7061229685E-01
    2.1750000000E+00     4.3400723348E-01
    2.2250000000E+00     3.9846427498E-01
    2.2750000000E+00     3.6420001590E-01
    2.3250000000E+00     3.3139664074E-01
    2.3750000000E+00     3.0020176197E-01
    2.4250000000E+00     2.7072900574E-01
    2.4750000000E+00     2.4305926397E-01
    2.5250000000E+00     2.1724251889E-01
    2.5750000000E+00     1.9330013815E-01
    2.6250000000E+00     1.7122753505E-01
    2.6750000000E+00     1.5099708830E-01
    2.7250000000E+00     1.3256121949E-01
    2.7750000000E+00     1.1585553323E-01
    2.8250000000E+00     1.0080193386E-01
    2.8750000000E+00     8.7311643534E-02
    2.9250000000E+00     7.5288058943E-02
    2.9750000000E+00     6.4629395987E-02
    3.0250000000E+00     5.5231085057E-02
    3.0750000000E+00     4.6987891480E-02
    3.1250000000E+00     3.9795747273E-02
    3.1750000000E+00     3.3553290632E-02
    3.2250000000E+00     2.8163118496E-02
    3.2750000000E+00     2.3532764988E-02
    3.3250000000E+00     1.9575424400E-02
    3.3750000000E+00     1.6210441783E-02
    3.4250000000E+00     1.3363597085E-02
    3.4750000000E+00     1.0967210408E-02
    3.5250000000E+00     8.9600963685E-03
    3.5750000000E+00     7.2873950087E-03
    3.6250000000E+00     5.9003053645E-03
    3.6750000000E+00     4.7557458437E-03
    3.7250000000E+00     3.8159632070E-03
    3.7750000000E+00     3.0481093037E-03
    3.8250000000E+00     2.4238019685E-03
    3.8750000000E+00     1.9186837345E-03
    3.9250000000E+00     1.5119893776E-03
    3.9750000000E+00     1.1861308349E-03
    4.0250000000E+00     9.2630580482E-04
    4.0750000000E+00     7.2013435957E-04
    4.1250000000E+00     5.5732620249E-04
    4.1750000000E+00     4.2937978764E-04
    4.2250000000E+00     3.2931336965E-04
    4.2750000000E+00     2.5142715685E-04
    4.3250000000E+00     1.9109507163E-04
    4.3750000000E+00     1.4458415295E-04
    4.4250000000E+00     1.0889933682E-04
    4.4750000000E+00     8.1651192583E-05
    4.5250000000E+00     6.0944148460E-05
    4.5750000000E+00     4.5282782385E-05
    4.6250000000E+00     3.3493862373E-05
    4.6750000000E+00     2.4661973250E-05
    4.7250000000E+00     1.8076748010E-05
    4.7750000000E+00     1.3189918255E-05
    4.8250000000E+00     9.5805987178E-06
    4.8750000000E+00     6.9274176339E-06
    4.9250000000E+00     4.9862918498E-06
    4.9750000000E+00     3.5728192837E-06
    5.0250000000E+00     2.5484191873E-06
    5.0750000000E+00     1.8094916088E-06
    5.1250000000E+00     1.2789913327E-06
    5.1750000000E+00     8.9991891574E-07
    5.2250000000E+00     6.3032327205E-07
    5.2750000000E+00     4.3948789537E-07
    5.3250000000E+00     3.0503771833E-07
    5.3750000000E+00     2.1075731717E-07
    5.4250000000E+00     1.4495517794E-07
    5.4750000000E+00     9.9244460400E-08
    5.5250000000E+00     6.7639431240E-08
    5.5750000000E+00     4.5889656012E-08
    5.6250000000E+00     3.0992165654E-08
    5.6750000000E+00     2.0836035669E-08
    5.7250000000E+00     1.3944887690E-08
    5.7750000000E+00     9.2913773266E-09
    5.8250000000E+00     6.1642926228E-09
    5.8750000000E+00     4.0738830192E-09
    5.9250000000E+00     2.6848166851E-09
    5.9750000000E+00     1.7690027098E-09
    6.0250000000E+00     1.1726350288E-09
    6.0750000000E+00     7.9339124484E-10
    6.1250000000E+00     5.6488800265E-10
    6.1750000000E+00     4.4636152534E-10
    6.2250000000E+00     4.1619011934E-10
    6.2750000000E+00     4.6836988890E-10
    6.3250000000E+00     6.1144752716E-10
    6.3750000000E+00     8.6974792339E-10
    6.4250000000E+00     1.2870472092E-09
    6.4750000000E+00     1.9331695113E-09
    6.5250000000E+00     2.9143649390E-09
    6.5750000000E+00     4.3887982956E-09
    6.6250000000E+00     6.5890913108E-09
    6.6750000000E+00     9.8546757976E-09
    6.7250000000E+00     1.4677806599E-08
    6.7750000000E+00     2.1768547747E-08
    6.8250000000E+00     3.2146005726E-08
    6.8750000000E+00     4.7265696562E-08
    6.9250000000E+00     6.9196396465E-08
    6.9750000000E+00     1.0086438773E-07
    7.0250000000E+00     1.4638898195E-07
    7.0750000000E+00     2.1154096308E-07
    7.1250000000E+00     3.0436560944E-07
    7.1750000000E+00     4.3602478824E-07
    7.2250000000E+00     6.2192893914E-07
    7.2750000000E+00     8.8325036294E-07
    7.3250000000E+00     1.2489350220E-06
    7.3750000000E+00     1.7583620829E-06
    7.4250000000E+00     2.4648398557E-06
    7.4750000000E+00     3.4401748845E-06
    7.5250000000E+00     4.7806090822E-06
    7.5750000000E+00     6.6144893777E-06
    7.6250000000E+00     9.1121167347E-06
    7.6750000000E+00     1.2498317874E-05
    7.7250000000E+00     1.7068394628E-05
    7.7750000000E+00     2.3208233217E-05
    7.8250000000E+00     3.1419499032E-05
    7.8750000000E+00     4.2351000931E-05
    7.9250000000E+00     5.6837481067E-05
    7.9750000000E+00     7.5947268702E-05
    8.0250000000E+00     1.0104042472E-04
    8.0750000000E+00     1.3383919108E-04
    8.1250000000E+00     1.7651273733E-04
    8.1750000000E+00     2.3177835311E-04
    8.2250000000E+00     3.0302135739E-04
    8.2750000000E+00     3.9443606439E-04
    8.3250000000E+00     5.1119014354E-04
    8.3750000000E+00     6.5961461275E-04
    8.4250000000E+00     8.4742148645E-04
    8.4750000000E+00     1.0839507350E-03
    8.5250000000E+00     1.3804476732E-03
    8.5750000000E+00     1.7503711531E-03
    8.6250000000E+00     2.2097319731E-03
    8.6750000000E+00     2.7774596959E-03
    8.7250000000E+00     3.4757945979E-03
    8.7750000000E+00     4.3306997269E-03
    8.8250000000E+00     5.3722860470E-03
    8.8750000000E+00     6.6352414063E-03
    8.9250000000E+00     8.1592516260E-03
    8.9750000000E+00     9.9893994245E-03
    9.0250000000E+00     1.2176524245E-02
    9.0750000000E+00     1.4777523446E-02
    9.1250000000E+00     1.7855572872E-02
    9.1750000000E+00     2.1480242673E-02
    9.2250000000E+00     2.5727482567E-02
    9.2750000000E+00     3.0679449715E-02
    9.3250000000E+00     3.6424152157E-02
    9.3750000000E+00     4.3054881542E-02
    9.4250000000E+00     5.0669410852E-02
    9.4750000000E+00     5.9368936086E-02
    9.5250000000E+00     6.9256745543E-02
    9.5750000000E+00     8.0436606542E-02
    9.6250000000E+00     9.3010867049E-02
    9.6750000000E+00     1.0707827877E-01
    9.7250000000E+00     1.2273155862E-01
    9.7750000000E+00     1.4005471682E-01
    9.8250000000E+00     1.5912019201E-01
    9.8750000000E+00     1.7998584624E-01
    9.9250000000E+00     2.0269188471E-01
    9.9750000000E+00     2.2725777708E-01
