#t= 2.280000
    2.5000000000E-02     7.8594843399E-01
    7.5000000000E-02     7.5148474347E-01
    1.2500000000E-01     7.1523964283E-01
    1.7500000000E-01     6.7762250651E-01
    2.2500000000E-01     6.3904058691E-01
    2.7500000000E-01     5.9989187179E-01
    3.2500000000E-01     5.6055853415E-01
    3.7500000000E-01     5.2140111568E-01
    4.2500000000E-01     4.8275355387E-01
    4.7500000000E-01     4.4491913000E-01
    5.2500000000E-01     4.0816738159E-01
    5.7500000000E-01     3.7273198997E-01
    6.2500000000E-01     3.3880962313E-01
    6.7500000000E-01     3.0655968603E-01
    7.2500000000E-01     2.7610490686E-01
    7.7500000000E-01     2.4753266858E-01
    8.2500000000E-01     2.2089698067E-01
    8.7500000000E-01     1.9622097650E-01
    9.2500000000E-01     1.7349981771E-01
    9.7500000000E-01     1.5270388648E-01
    1.0250000000E+00     1.3378215145E-01
    1.0750000000E+00     1.1666560016E-01
    1.1250000000E+00     1.0127064167E-01
    1.1750000000E+00     8.7502395617E-02
    1.2250000000E+00     7.5257797556E-02
    1.2750000000E+00     6.4428465251E-02
    1.3250000000E+00     5.4903284888E-02
    1.3750000000E+00     4.6570690227E-02
    1.4250000000E+00     3.9320620580E-02
    1.4750000000E+00     3.3046155102E-02
    1.5250000000E+00     2.7644830801E-02
    1.5750000000E+00     2.3019659901E-02
    1.6250000000E+00     1.9079868568E-02
    1.6750000000E+00     1.5741383712E-02
    1.7250000000E+00     1.2927097515E-02
    1.7750000000E+00     1.0566940922E-02
    1.8250000000E+00     8.5977974797E-03
    1.8750000000E+00     6.9632880784E-03
    1.9250000000E+00     5.6134554065E-03
    1.9750000000E+00     4.5043745562E-03
    2.0250000000E+00     3.5977134098E-03
    2.0750000000E+00     2.8602633760E-03
    2.1250000000E+00     2.2634579004E-03
    2.1750000000E+00     1.7828930685E-03
    2.2250000000E+00     1.3978616665E-03
    2.2750000000E+00     1.0909093451E-03
    2.3250000000E+00     8.4741908610E-04
    2.3750000000E+00     6.5522804478E-04
    2.4250000000E+00     5.0427903888E-04
    2.4750000000E+00     3.8630746722E-04
    2.5250000000E+00     2.9456326372E-04
    2.5750000000E+00     2.2356658999E-04
    2.6250000000E+00     1.6889531701E-04
    2.6750000000E+00     1.2700190802E-04
    2.7250000000E+00     9.5057056631E-05
    2.7750000000E+00     7.0817323036E-05
    2.8250000000E+00     5.2514014945E-05
    2.8750000000E+00     3.8760651020E-05
    2.9250000000E+00     2.8476497544E-05
    2.9750000000E+00     2.0823863133E-05
    3.0250000000E+00     1.5157053957E-05
    3.0750000000E+00     1.0981119296E-05
    3.1250000000E+00     7.9187437469E-06
    3.1750000000E+00     5.6838601756E-06
    3.2250000000E+00     4.0607611842E-06
    3.2750000000E+00     2.8876731221E-06
    3.3250000000E+00     2.0439237078E-06
    3.3750000000E+00     1.4399816324E-06
    3.4250000000E+00     1.0097744941E-06
    3.4750000000E+00     7.0480108840E-07
    3.5250000000E+00     4.8964690484E-07
    3.5750000000E+00     3.3858934915E-07
    3.6250000000E+00     2.3304348013E-07
    3.6750000000E+00     1.5965170565E-07
    3.7250000000E+00     1.0886359404E-07
    3.7750000000E+00     7.3886287023E-08
    3.8250000000E+00     4.9913346459E-08
    3.8750000000E+00     3.3561464768E-08
    3.9250000000E+00     2.2461383611E-08
    3.9750000000E+00     1.4962507707E-08
    4.0250000000E+00     9.9208310293E-09
    4.0750000000E+00     6.5475424906E-09
    4.1250000000E+00     4.3015626460E-09
    4.1750000000E+00     2.8136988299E-09
    4.2250000000E+00     1.8334263950E-09
    4.2750000000E+00     1.1917722664E-09
    4.3250000000E+00     7.7560073083E-10
    4.3750000000E+00     5.0994129021E-10
    4.4250000000E+00     3.4597887754E-10
    4.4750000000E+00     2.5304321128E-10
    4.5250000000E+00     2.1345955232E-10
    4.5750000000E+00     2.1951352569E-10
    4.6250000000E+00     2.7208129595E-10
    4.6750000000E+00     3.8071784404E-10
    4.7250000000E+00     5.6520961471E-10
    4.7750000000E+00     8.5881015053E-10
    4.8250000000E+00     1.3136153538E-09
    4.8750000000E+00     2.0088280176E-09
    4.9250000000E+00     3.0630434179E-09
    4.9750000000E+00     4.6522009123E-09
    5.0250000000E+00     7.0355437025E-09
    5.0750000000E+00     1.0592878749E-08
    5.1250000000E+00     1.5877720679E-08
    5.1750000000E+00     2.3692653819E-08
    5.2250000000E+00     3.5195605781E-08
    5.2750000000E+00     5.2048887691E-08
    5.3250000000E+00     7.6627065564E-08
    5.3750000000E+00     1.1230529398E-07
    5.4250000000E+00     1.6385705268E-07
    5.4750000000E+00     2.3799975557E-07
    5.5250000000E+00     3.4413903178E-07
    5.5750000000E+00     4.9537831271E-07
    5.6250000000E+00     7.0988053448E-07
    5.6750000000E+00     1.0126942662E-06
    5.7250000000E+00     1.4381885388E-06
    5.7750000000E+00     2.0332803680E-06
    5.8250000000E+00     2.8616878834E-06
    5.8750000000E+00     4.0095016463E-06
    5.9250000000E+00     5.5924388206E-06
    5.9750000000E+00     7.7652310186E-06
    6.0250000000E+00     1.0733698475E-05
    6.0750000000E+00     1.4770182132E-05
    6.1250000000E+00     2.0233142292E-05
    6.1750000000E+00     2.7591888237E-05
    6.2250000000E+00     3.7457577350E-05
    6.2750000000E+00     5.0621813361E-05
    6.3250000000E+00     6.8104378711E-05
    6.3750000000E+00     9.1211850953E-05
    6.4250000000E+00     1.2160907095E-04
    6.4750000000E+00     1.6140564200E-04
    6.5250000000E+00     2.1325983167E-04
    6.5750000000E+00     2.8050240653E-04
    6.6250000000E+00     3.6728303533E-04
    6.6750000000E+00     4.7874192541E-04
    6.7250000000E+00     6.2120928525E-04
    6.7750000000E+00     8.0243500306E-04
    6.8250000000E+00     1.0318505663E-03
    6.8750000000E+00     1.3208646881E-03
    6.9250000000E+00     1.6831933188E-03
    6.9750000000E+00     2.1352236778E-03
    7.0250000000E+00     2.6964106115E-03
    7.0750000000E+00     3.3897019542E-03
    7.1250000000E+00     4.2419876237E-03
    7.1750000000E+00     5.2845649379E-03
    7.2250000000E+00     6.5536101020E-03
    7.2750000000E+00     8.0906430391E-03
    7.3250000000E+00     9.9429697820E-03
    7.3750000000E+00     1.2164083600E-02
    7.4250000000E+00     1.4814003020E-02
    7.4750000000E+00     1.7959522062E-02
    7.5250000000E+00     2.1674345504E-02
    7.5750000000E+00     2.6039080027E-02
    7.6250000000E+00     3.1141050874E-02
    7.6750000000E+00     3.7073913351E-02
    7.7250000000E+00     4.3937029424E-02
    7.7750000000E+00     5.1834581886E-02
    7.8250000000E+00     6.0874402391E-02
    7.8750000000E+00     7.1166495068E-02
    7.9250000000E+00     8.2821244651E-02
    7.9750000000E+00     9.5947306942E-02
    8.0250000000E+00     1.1064919003E-01
    8.0750000000E+00     1.2702454665E-01
    8.1250000000E+00     1.4516121141E-01
    8.1750000000E+00     1.6513403031E-01
    8.2250000000E+00     1.8700154469E-01
    8.2750000000E+00     2.1080260521E-01
    8.3250000000E+00     2.3655300508E-01
    8.3750000000E+00     2.6424223260E-01
    8.4250000000E+00     2.9383045256E-01
    8.4750000000E+00     3.2524583181E-01
    8.5250000000E+00     3.5838232656E-01
    8.5750000000E+00     3.9309804714E-01
    8.6250000000E+00     4.2921430914E-01
    8.6750000000E+00     4.6651546848E-01
    8.7250000000E+00     5.0474962144E-01
    8.7750000000E+00     5.4363022958E-01
    8.8250000000E+00     5.8283870417E-01
    8.8750000000E+00     6.2202795591E-01
    8.9250000000E+00     6.6082688410E-01
    8.9750000000E+00     6.9884574663E-01
    9.0250000000E+00     7.3568231884E-01
    9.0750000000E+00     7.7092871758E-01
    9.1250000000E+00     8.0417873721E-01
    9.1750000000E+00     8.3503551919E-01
    9.2250000000E+00     8.6311935678E-01
    9.2750000000E+00     8.8807542290E-01
    9.3250000000E+00     9.0958120278E-01
    9.3750000000E+00     9.2735341473E-01
    9.4250000000E+00     9.4115421185E-01
    9.4750000000E+00     9.5079647528E-01
    9.5250000000E+00     9.5614803421E-01
    9.5750000000E+00     9.5713467995E-01
    9.6250000000E+00     9.5374187783E-01
    9.6750000000E+00     9.4601512177E-01
    9.7250000000E+00     9.3405891953E-01
    9.7750000000E+00     9.1803444022E-01
    9.8250000000E+00     8.9815589813E-01
    9.8750000000E+00     8.7468578632E-01
    9.9250000000E+00     8.4792910819E-01
    9.9750000000E+00     8.1822678439E-01
