#t= 0.760000
    2.5000000000E-02     6.4052976968E-06
    7.5000000000E-02     4.5428384371E-06
    1.2500000000E-01     3.2062339231E-06
    1.7500000000E-01     2.2518677787E-06
    2.2500000000E-01     1.5738747440E-06
    2.7500000000E-01     1.0946540099E-06
    3.2500000000E-01     7.5763989271E-07
    3.7500000000E-01     5.2182860314E-07
    4.2500000000E-01     3.5766121028E-07
    4.7500000000E-01     2.4394647539E-07
    5.2500000000E-01     1.6557540587E-07
    5.7500000000E-01     1.1183442626E-07
    6.2500000000E-01     7.5168076256E-08
    6.7500000000E-01     5.0277007921E-08
    7.2500000000E-01     3.3464420637E-08
    7.7500000000E-01     2.2165367002E-08
    8.2500000000E-01     1.4609794384E-08
    8.7500000000E-01     9.5827614028E-09
    9.2500000000E-01     6.2548151083E-09
    9.7500000000E-01     4.0627057524E-09
    1.0250000000E+00     2.6259917523E-09
    1.0750000000E+00     1.6890762055E-09
    1.1250000000E+00     1.0811546809E-09
    1.1750000000E+00     6.8870355303E-10
    1.2250000000E+00     4.3669995535E-10
    1.2750000000E+00     2.7589088414E-10
    1.3250000000E+00     1.7423372700E-10
    1.3750000000E+00     1.1119810986E-10
    1.4250000000E+00     7.4015567570E-11
    1.4750000000E+00     5.5246286958E-11
    1.5250000000E+00     5.1250909946E-11
    1.5750000000E+00     6.1341885240E-11
    1.6250000000E+00     8.7543365359E-11
    1.6750000000E+00     1.3498880104E-10
    1.7250000000E+00     2.1302739673E-10
    1.7750000000E+00     3.3714524338E-10
    1.8250000000E+00     5.3191512952E-10
    1.8750000000E+00     8.3540889585E-10
    1.9250000000E+00     1.3058052272E-09
    1.9750000000E+00     2.0312679904E-09
    2.0250000000E+00     3.1445944269E-09
    2.0750000000E+00     4.8447401144E-09
    2.1250000000E+00     7.4282172079E-09
    2.1750000000E+00     1.1334615773E-08
    2.2250000000E+00     1.7212222227E-08
    2.2750000000E+00     2.6012066403E-08
    2.3250000000E+00     3.9121938359E-08
    2.3750000000E+00     5.8556257142E-08
    2.4250000000E+00     8.7223502348E-08
    2.4750000000E+00     1.2930068714E-07
    2.5250000000E+00     1.9075462484E-07
    2.5750000000E+00     2.8006322344E-07
    2.6250000000E+00     4.0920759419E-07
    2.6750000000E+00     5.9502842471E-07
    2.7250000000E+00     8.6106908500E-07
    2.7750000000E+00     1.2400647671E-06
    2.8250000000E+00     1.7772832869E-06
    2.8750000000E+00     2.5349809039E-06
    2.9250000000E+00     3.5983077440E-06
    2.9750000000E+00     5.0830843906E-06
    3.0250000000E+00     7.1459762832E-06
    3.0750000000E+00     9.9977180144E-06
    3.1250000000E+00     1.3920187549E-05
    3.1750000000E+00     1.9288302490E-05
    3.2250000000E+00     2.6597907772E-05
    3.2750000000E+00     3.6501046529E-05
    3.3250000000E+00     4.9850251884E-05
    3.3750000000E+00     6.7753763598E-05
    3.4250000000E+00     9.1643854065E-05
    3.4750000000E+00     1.2336073405E-04
    3.5250000000E+00     1.6525478750E-04
    3.5750000000E+00     2.2031013971E-04
    3.6250000000E+00     2.9229277329E-04
    3.6750000000E+00     3.8592654473E-04
    3.7250000000E+00     5.0710049044E-04
    3.7750000000E+00     6.6311070758E-04
    3.8250000000E+00     8.6293981258E-04
    3.8750000000E+00     1.1175764734E-03
    3.9250000000E+00     1.4403767368E-03
    3.9750000000E+00     1.8474677817E-03
    4.0250000000E+00     2.3581932868E-03
    4.0750000000E+00     2.9955977641E-03
    4.1250000000E+00     3.7869449650E-03
    4.1750000000E+00     4.7642627979E-03
    4.2250000000E+00     5.9649041209E-03
    4.2750000000E+00     7.4321093379E-03
    4.3250000000E+00     9.2155529818E-03
    4.3750000000E+00     1.1371852546E-02
    4.4250000000E+00     1.3965013840E-02
    4.4750000000E+00     1.7066783301E-02
    4.5250000000E+00     2.0756874172E-02
    4.5750000000E+00     2.5123030591E-02
    4.6250000000E+00     3.0260891548E-02
    4.6750000000E+00     3.6273615861E-02
    4.7250000000E+00     4.3271229906E-02
    4.7750000000E+00     5.1369662173E-02
    4.8250000000E+00     6.0689433119E-02
    4.8750000000E+00     7.1353975307E-02
    4.9250000000E+00     8.3487567694E-02
    4.9750000000E+00     9.7212879145E-02
    5.0250000000E+00     1.1264812968E-01
    5.0750000000E+00     1.2990389340E-01
    5.1250000000E+00     1.4907958407E-01
    5.1750000000E+00     1.7025968262E-01
    5.2250000000E+00     1.9350978423E-01
    5.2750000000E+00     2.1887256101E-01
    5.3250000000E+00     2.4636375325E-01
    5.3750000000E+00     2.7596831677E-01
    5.4250000000E+00     3.0763686547E-01
    5.4750000000E+00     3.4128255545E-01
    5.5250000000E+00     3.7677855914E-01
    5.5750000000E+00     4.1395627441E-01
    5.6250000000E+00     4.5260440364E-01
    5.6750000000E+00     4.9246902122E-01
    5.7250000000E+00     5.3325472511E-01
    5.7750000000E+00     5.7462693868E-01
    5.8250000000E+00     6.1621539484E-01
    5.8750000000E+00     6.5761879552E-01
    5.9250000000E+00     6.9841059756E-01
    5.9750000000E+00     7.3814583342E-01
    6.0250000000E+00     7.7636883215E-01
    6.0750000000E+00     8.1262166630E-01
    6.1250000000E+00     8.4645311470E-01
    6.1750000000E+00     8.7742790177E-01
    6.2250000000E+00     9.0513595253E-01
    6.2750000000E+00     9.2920139057E-01
    6.3250000000E+00     9.4929100419E-01
    6.3750000000E+00     9.6512191475E-01
    6.4250000000E+00     9.7646820101E-01
    6.4750000000E+00     9.8316626251E-01
    6.5250000000E+00     9.8511874440E-01
    6.5750000000E+00     9.8229689180E-01
    6.6250000000E+00     9.7474125429E-01
    6.6750000000E+00     9.6256071646E-01
    6.7250000000E+00     9.4592988669E-01
    6.7750000000E+00     9.2508493194E-01
    6.8250000000E+00     9.0031799734E-01
    6.8750000000E+00     8.7197039475E-01
    6.9250000000E+00     8.4042478248E-01
    6.9750000000E+00     8.0609658621E-01
    7.0250000000E+00     7.6942492939E-01
    7.0750000000E+00     7.3086334887E-01
    7.1250000000E+00     6.9087056787E-01
    7.1750000000E+00     6.4990158497E-01
    7.2250000000E+00     6.0839931518E-01
    7.2750000000E+00     5.6678698862E-01
    7.3250000000E+00     5.2546147583E-01
    7.3750000000E+00     4.8478766830E-01
    7.4250000000E+00     4.4509399953E-01
    7.4750000000E+00     4.0666914905E-01
    7.5250000000E+00     3.6975993016E-01
    7.5750000000E+00     3.3457032361E-01
    7.6250000000E+00     3.0126158562E-01
    7.6750000000E+00     2.6995333017E-01
    7.7250000000E+00     2.4072546351E-01
    7.7750000000E+00     2.1362083303E-01
    7.8250000000E+00     1.8864844403E-01
    7.8750000000E+00     1.6578709487E-01
    7.9250000000E+00     1.4498928434E-01
    7.9750000000E+00     1.2618525289E-01
    8.0250000000E+00     1.0928703172E-01
    8.0750000000E+00     9.4192388791E-02
    8.1250000000E+00     8.0788578179E-02
    8.1750000000E+00     6.8955817714E-02
    8.2250000000E+00     5.8570438584E-02
    8.2750000000E+00     4.9507668649E-02
    8.3250000000E+00     4.1644028274E-02
    8.3750000000E+00     3.4859332658E-02
    8.4250000000E+00     2.9038307876E-02
    8.4750000000E+00     2.4071838694E-02
    8.5250000000E+00     1.9857874777E-02
    8.5750000000E+00     1.6302028090E-02
    8.6250000000E+00     1.3317898323E-02
    8.6750000000E+00     1.0827165203E-02
    8.7250000000E+00     8.7594868517E-03
    8.7750000000E+00     7.0522422561E-03
    8.8250000000E+00     5.6501536588E-03
    8.8750000000E+00     4.5048216003E-03
    8.9250000000E+00     3.5742017203E-03
    8.9750000000E+00     2.8220484817E-03
    9.0250000000E+00     2.2173469519E-03
    9.0750000000E+00     1.7337498295E-03
    9.1250000000E+00     1.3490331720E-03
    9.1750000000E+00     1.0445808741E-03
    9.2250000000E+00     8.0490491339E-04
    9.2750000000E+00     6.1720577263E-04
    9.3250000000E+00     4.7097526264E-04
    9.3750000000E+00     3.5764219888E-04
    9.4250000000E+00     2.7026000630E-04
    9.4750000000E+00     2.0323429756E-04
    9.5250000000E+00     1.5208775057E-04
    9.5750000000E+00     1.1325915460E-04
    9.6250000000E+00     8.3933254615E-05
    9.6750000000E+00     6.1897955888E-05
    9.7250000000E+00     4.5425516305E-05
    9.7750000000E+00     3.3174515231E-05
    9.8250000000E+00     2.4109614900E-05
    9.8750000000E+00     1.7436397598E-05
    9.9250000000E+00     1.2548848693E-05
    9.9750000000E+00     8.9873459393E-06
