# x   u_num   u_exact
    0.2500000000E-01    0.3304475356E-07    0.0000000000E+00
    0.7500000000E-01    0.4030379778E-07    0.0000000000E+00
    0.1250000000E+00    0.5231855087E-07    0.0000000000E+00
    0.1750000000E+00    0.7032183437E-07    0.0000000000E+00
    0.2250000000E+00    0.9614947847E-07    0.0000000000E+00
    0.2750000000E+00    0.1323998761E-06    0.0000000000E+00
    0.3250000000E+00    0.1826566127E-06    0.0000000000E+00
    0.3750000000E+00    0.2517895888E-06    0.0000000000E+00
    0.4250000000E+00    0.3463550235E-06    0.0000000000E+00
    0.4750000000E+00    0.4751206829E-06    0.0000000000E+00
    0.5250000000E+00    0.6497498795E-06    0.0000000000E+00
    0.5750000000E+00    0.8856864801E-06    0.0000000000E+00
    0.6250000000E+00    0.1203293667E-05    0.0000000000E+00
    0.6750000000E+00    0.1629311815E-05    0.0000000000E+00
    0.7250000000E+00    0.2198715963E-05    0.0000000000E+00
    0.7750000000E+00    0.2957071311E-05    0.0000000000E+00
    0.8250000000E+00    0.3963506392E-05    0.0000000000E+00
    0.8750000000E+00    0.5294448467E-05    0.0000000000E+00
    0.9250000000E+00    0.7048294573E-05    0.0000000000E+00
    0.9750000000E+00    0.9351225060E-05    0.0000000000E+00
    0.1025000000E+01    0.1236440451E-04    0.0000000000E+00
    0.1075000000E+01    0.1629285808E-04    0.0000000000E+00
    0.1125000000E+01    0.2139635934E-04    0.0000000000E+00
    0.1175000000E+01    0.2800271922E-04    0.0000000000E+00
    0.1225000000E+01    0.3652392331E-04    0.0000000000E+00
    0.1275000000E+01    0.4747562738E-04    0.0000000000E+00
    0.1325000000E+01    0.6150058634E-04    0.0000000000E+00
    0.1375000000E+01    0.7939665976E-04    0.0000000000E+00
    0.1425000000E+01    0.1021501047E-03    0.0000000000E+00
    0.1475000000E+01    0.1309749326E-03    0.0000000000E+00
    0.1525000000E+01    0.1673591678E-03    0.0000000000E+00
    0.1575000000E+01    0.2131188967E-03    0.0000000000E+00
    0.1625000000E+01    0.2704610362E-03    0.0000000000E+00
    0.1675000000E+01    0.3420557693E-03    0.0000000000E+00
    0.1725000000E+01    0.4311195940E-03    0.0000000000E+00
    0.1775000000E+01    0.5415098941E-03    0.0000000000E+00
    0.1825000000E+01    0.6778318708E-03    0.0000000000E+00
    0.1875000000E+01    0.8455585546E-03    0.0000000000E+00
    0.1925000000E+01    0.1051164443E-02    0.0000000000E+00
    0.1975000000E+01    0.1302273082E-02    0.0000000000E+00
    0.2025000000E+01    0.1607818593E-02    0.0000000000E+00
    0.2075000000E+01    0.1978220795E-02    0.0000000000E+00
    0.2125000000E+01    0.2425573072E-02    0.0000000000E+00
    0.2175000000E+01    0.2963841630E-02    0.0000000000E+00
    0.2225000000E+01    0.3609074135E-02    0.0000000000E+00
    0.2275000000E+01    0.4379615002E-02    0.0000000000E+00
    0.2325000000E+01    0.5296323836E-02    0.0000000000E+00
    0.2375000000E+01    0.6382792620E-02    0.0000000000E+00
    0.2425000000E+01    0.7665556369E-02    0.0000000000E+00
    0.2475000000E+01    0.9174290986E-02    0.0000000000E+00
    0.2525000000E+01    0.1094199109E-01    0.0000000000E+00
    0.2575000000E+01    0.1300511969E-01    0.0000000000E+00
    0.2625000000E+01    0.1540372058E-01    0.0000000000E+00
    0.2675000000E+01    0.1818148375E-01    0.0000000000E+00
    0.2725000000E+01    0.2138575326E-01    0.0000000000E+00
    0.2775000000E+01    0.2506746672E-01    0.0000000000E+00
    0.2825000000E+01    0.2928101533E-01    0.0000000000E+00
    0.2875000000E+01    0.3408401356E-01    0.0000000000E+00
    0.2925000000E+01    0.3953696786E-01    0.0000000000E+00
    0.2975000000E+01    0.4570283511E-01    0.0000000000E+00
    0.3025000000E+01    0.5264646225E-01    0.0000000000E+00
    0.3075000000E+01    0.6043390085E-01    0.0000000000E+00
    0.3125000000E+01    0.6913159236E-01    0.0000000000E+00
    0.3175000000E+01    0.7880542264E-01    0.0000000000E+00
    0.3225000000E+01    0.8951964762E-01    0.0000000000E+00
    0.3275000000E+01    0.1013356956E+00    0.0000000000E+00
    0.3325000000E+01    0.1143108558E+00    0.0000000000E+00
    0.3375000000E+01    0.1284968667E+00    0.0000000000E+00
    0.3425000000E+01    0.1439384233E+00    0.0000000000E+00
    0.3475000000E+01    0.1606716256E+00    0.0000000000E+00
    0.3525000000E+01    0.1787223953E+00    0.0000000000E+00
    0.3575000000E+01    0.1981048944E+00    0.0000000000E+00
    0.3625000000E+01    0.2188199783E+00    0.0000000000E+00
    0.3675000000E+01    0.2408537244E+00    0.0000000000E+00
    0.3725000000E+01    0.2641760763E+00    0.0000000000E+00
    0.3775000000E+01    0.2887396454E+00    0.0000000000E+00
    0.3825000000E+01    0.3144787144E+00    0.0000000000E+00
    0.3875000000E+01    0.3413084835E+00    0.0000000000E+00
    0.3925000000E+01    0.3691245986E+00    0.0000000000E+00
    0.3975000000E+01    0.3978029994E+00    0.0000000000E+00
    0.4025000000E+01    0.4272001166E+00    0.0000000000E+00
    0.4075000000E+01    0.4571534445E+00    0.0000000000E+00
    0.4125000000E+01    0.4874825047E+00    0.0000000000E+00
    0.4175000000E+01    0.5179902113E+00    0.0000000000E+00
    0.4225000000E+01    0.5484646342E+00    0.0000000000E+00
    0.4275000000E+01    0.5786811510E+00    0.0000000000E+00
    0.4325000000E+01    0.6084049635E+00    0.0000000000E+00
    0.4375000000E+01    0.6373939482E+00    0.0000000000E+00
    0.4425000000E+01    0.6654017943E+00    0.0000000000E+00
    0.4475000000E+01    0.6921813797E+00    0.0000000000E+00
    0.4525000000E+01    0.7174883199E+00    0.0000000000E+00
    0.4575000000E+01    0.7410846234E+00    0.0000000000E+00
    0.4625000000E+01    0.7627423763E+00    0.0000000000E+00
    0.4675000000E+01    0.7822473791E+00    0.0000000000E+00
    0.4725000000E+01    0.7994026540E+00    0.0000000000E+00
    0.4775000000E+01    0.8140317441E+00    0.0000000000E+00
    0.4825000000E+01    0.8259817262E+00    0.0000000000E+00
    0.4875000000E+01    0.8351258669E+00    0.0000000000E+00
    0.4925000000E+01    0.8413658563E+00    0.0000000000E+00
    0.4975000000E+01    0.8446335652E+00    0.0000000000E+00
    0.5025000000E+01    0.8448922818E+00    0.0000000000E+00
    0.5075000000E+01    0.8421373962E+00    0.0000000000E+00
    0.5125000000E+01    0.8363965155E+00    0.0000000000E+00
    0.5175000000E+01    0.8277290048E+00    0.0000000000E+00
    0.5225000000E+01    0.8162249661E+00    0.0000000000E+00
    0.5275000000E+01    0.8020036783E+00    0.0000000000E+00
    0.5325000000E+01    0.7852115373E+00    0.0000000000E+00
    0.5375000000E+01    0.7660195449E+00    0.0000000000E+00
    0.5425000000E+01    0.7446204074E+00    0.0000000000E+00
    0.5475000000E+01    0.7212253124E+00    0.0000000000E+00
    0.5525000000E+01    0.6960604605E+00    0.0000000000E+00
    0.5575000000E+01    0.6693634289E+00    0.0000000000E+00
    0.5625000000E+01    0.6413794516E+00    0.0000000000E+00
    0.5675000000E+01    0.6123576949E+00    0.0000000000E+00
    0.5725000000E+01    0.5825476082E+00    0.0000000000E+00
    0.5775000000E+01    0.5521954226E+00    0.0000000000E+00
    0.5825000000E+01    0.5215408650E+00    0.0000000000E+00
    0.5875000000E+01    0.4908141460E+00    0.0000000000E+00
    0.5925000000E+01    0.4602332712E+00    0.0000000000E+00
    0.5975000000E+01    0.4300017139E+00    0.0000000000E+00
    0.6025000000E+01    0.4003064779E+00    0.0000000000E+00
    0.6075000000E+01    0.3713165666E+00    0.0000000000E+00
    0.6125000000E+01    0.3431818645E+00    0.0000000000E+00
    0.6175000000E+01    0.3160324264E+00    0.0000000000E+00
    0.6225000000E+01    0.2899781604E+00    0.0000000000E+00
    0.6275000000E+01    0.2651088824E+00    0.0000000000E+00
    0.6325000000E+01    0.2414947115E+00    0.0000000000E+00
    0.6375000000E+01    0.2191867712E+00    0.0000000000E+00
    0.6425000000E+01    0.1982181569E+00    0.0000000000E+00
    0.6475000000E+01    0.1786051253E+00    0.0000000000E+00
    0.6525000000E+01    0.1603484620E+00    0.0000000000E+00
    0.6575000000E+01    0.1434349824E+00    0.0000000000E+00
    0.6625000000E+01    0.1278391222E+00    0.0000000000E+00
    0.6675000000E+01    0.1135245763E+00    0.0000000000E+00
    0.6725000000E+01    0.1004459468E+00    0.0000000000E+00
    0.6775000000E+01    0.8855036653E-01    0.0000000000E+00
    0.6825000000E+01    0.7777906695E-01    0.0000000000E+00
    0.6875000000E+01    0.6806886571E-01    0.0000000000E+00
    0.6925000000E+01    0.5935355213E-01    0.0000000000E+00
    0.6975000000E+01    0.5156515538E-01    0.0000000000E+00
    0.7025000000E+01    0.4463508391E-01    0.0000000000E+00
    0.7075000000E+01    0.3849512942E-01    0.0000000000E+00
    0.7125000000E+01    0.3307833260E-01    0.0000000000E+00
    0.7175000000E+01    0.2831971147E-01    0.0000000000E+00
    0.7225000000E+01    0.2415685646E-01    0.0000000000E+00
    0.7275000000E+01    0.2053039866E-01    0.0000000000E+00
    0.7325000000E+01    0.1738435991E-01    0.0000000000E+00
    0.7375000000E+01    0.1466639482E-01    0.0000000000E+00
    0.7425000000E+01    0.1232793599E-01    0.0000000000E+00
    0.7475000000E+01    0.1032425413E-01    0.0000000000E+00
    0.7525000000E+01    0.8614444989E-02    0.0000000000E+00
    0.7575000000E+01    0.7161354971E-02    0.0000000000E+00
    0.7625000000E+01    0.5931456713E-02    0.0000000000E+00
    0.7675000000E+01    0.4894685308E-02    0.0000000000E+00
    0.7725000000E+01    0.4024244970E-02    0.0000000000E+00
    0.7775000000E+01    0.3296395011E-02    0.0000000000E+00
    0.7825000000E+01    0.2690222913E-02    0.0000000000E+00
    0.7875000000E+01    0.2187411261E-02    0.0000000000E+00
    0.7925000000E+01    0.1772004221E-02    0.0000000000E+00
    0.7975000000E+01    0.1430178243E-02    0.0000000000E+00
    0.8025000000E+01    0.1150020710E-02    0.0000000000E+00
    0.8075000000E+01    0.9213193818E-03    0.0000000000E+00
    0.8125000000E+01    0.7353646965E-03    0.0000000000E+00
    0.8175000000E+01    0.5847663023E-03    0.0000000000E+00
    0.8225000000E+01    0.4632845973E-03    0.0000000000E+00
    0.8275000000E+01    0.3656775638E-03    0.0000000000E+00
    0.8325000000E+01    0.2875627746E-03    0.0000000000E+00
    0.8375000000E+01    0.2252941313E-03    0.0000000000E+00
    0.8425000000E+01    0.1758526514E-03    0.0000000000E+00
    0.8475000000E+01    0.1367504471E-03    0.0000000000E+00
    0.8525000000E+01    0.1059469223E-03    0.0000000000E+00
    0.8575000000E+01    0.8177614874E-04    0.0000000000E+00
    0.8625000000E+01    0.6288435953E-04    0.0000000000E+00
    0.8675000000E+01    0.4817650290E-04    0.0000000000E+00
    0.8725000000E+01    0.3677083597E-04    0.0000000000E+00
    0.8775000000E+01    0.2796058794E-04    0.0000000000E+00
    0.8825000000E+01    0.2118178826E-04    0.0000000000E+00
    0.8875000000E+01    0.1598642824E-04    0.0000000000E+00
    0.8925000000E+01    0.1202020128E-04    0.0000000000E+00
    0.8975000000E+01    0.9004145860E-05    0.0000000000E+00
    0.9025000000E+01    0.6719591073E-05    0.0000000000E+00
    0.9075000000E+01    0.4995878556E-05    0.0000000000E+00
    0.9125000000E+01    0.3700402683E-05    0.0000000000E+00
    0.9175000000E+01    0.2730574385E-05    0.0000000000E+00
    0.9225000000E+01    0.2007371125E-05    0.0000000000E+00
    0.9275000000E+01    0.1470186852E-05    0.0000000000E+00
    0.9325000000E+01    0.1072741067E-05    0.0000000000E+00
    0.9375000000E+01    0.7798457847E-06    0.0000000000E+00
    0.9425000000E+01    0.5648634642E-06    0.0000000000E+00
    0.9475000000E+01    0.4077184013E-06    0.0000000000E+00
    0.9525000000E+01    0.2933490871E-06    0.0000000000E+00
    0.9575000000E+01    0.2105101120E-06    0.0000000000E+00
    0.9625000000E+01    0.1508498394E-06    0.0000000000E+00
    0.9675000000E+01    0.1082047372E-06    0.0000000000E+00
    0.9725000000E+01    0.7806337202E-07    0.0000000000E+00
    0.9775000000E+01    0.5716303885E-07    0.0000000000E+00
    0.9825000000E+01    0.4319017235E-07    0.0000000000E+00
    0.9875000000E+01    0.3456239516E-07    0.0000000000E+00
    0.9925000000E+01    0.3027558021E-07    0.0000000000E+00
    0.9975000000E+01    0.2980390250E-07    0.0000000000E+00
