#t= 2.480000
    2.5000000000E-02     9.5030161585E-01
    7.5000000000E-02     9.4266701745E-01
    1.2500000000E-01     9.3084751056E-01
    1.7500000000E-01     9.1500121001E-01
    2.2500000000E-01     8.9533838497E-01
    2.7500000000E-01     8.7211681467E-01
    3.2500000000E-01     8.4563616400E-01
    3.7500000000E-01     8.1623155054E-01
    4.2500000000E-01     7.8426649606E-01
    4.7500000000E-01     7.5012546930E-01
    5.2500000000E-01     7.1420623339E-01
    5.7500000000E-01     6.7691220918E-01
    6.2500000000E-01     6.3864505719E-01
    6.7500000000E-01     5.9979766476E-01
    7.2500000000E-01     5.6074770337E-01
    7.7500000000E-01     5.2185189461E-01
    8.2500000000E-01     4.8344109374E-01
    8.7500000000E-01     4.4581626746E-01
    9.2500000000E-01     4.0924541051E-01
    9.7500000000E-01     3.7396141342E-01
    1.0250000000E+00     3.4016086412E-01
    1.0750000000E+00     3.0800373877E-01
    1.1250000000E+00     2.7761391403E-01
    1.1750000000E+00     2.4908041392E-01
    1.2250000000E+00     2.2245929009E-01
    1.2750000000E+00     1.9777602494E-01
    1.3250000000E+00     1.7502834222E-01
    1.3750000000E+00     1.5418930953E-01
    1.4250000000E+00     1.3521062076E-01
    1.4750000000E+00     1.1802595374E-01
    1.5250000000E+00     1.0255430824E-01
    1.5750000000E+00     8.8703241326E-02
    1.6250000000E+00     7.6371930664E-02
    1.6750000000E+00     6.5454010133E-02
    1.7250000000E+00     5.5840136280E-02
    1.7750000000E+00     4.7420257793E-02
    1.8250000000E+00     4.0085572755E-02
    1.8750000000E+00     3.3730169868E-02
    1.9250000000E+00     2.8252359678E-02
    1.9750000000E+00     2.3555710003E-02
    2.0250000000E+00     1.9549806214E-02
    2.0750000000E+00     1.6150761773E-02
    2.1250000000E+00     1.3281507557E-02
    2.1750000000E+00     1.0871890155E-02
    2.2250000000E+00     8.8586097345E-03
    2.2750000000E+00     7.1850273572E-03
    2.3250000000E+00     5.8008700719E-03
    2.3750000000E+00     4.6618599033E-03
    2.4250000000E+00     3.7292901850E-03
    2.4750000000E+00     2.9695697539E-03
    2.5250000000E+00     2.3537524760E-03
    2.5750000000E+00     1.8570665505E-03
    2.6250000000E+00     1.4584551472E-03
    2.6750000000E+00     1.1401372459E-03
    2.7250000000E+00     8.8719512961E-04
    2.7750000000E+00     6.8719285997E-04
    2.8250000000E+00     5.2982825647E-04
    2.8750000000E+00     4.0661940127E-04
    2.9250000000E+00     3.1062549253E-04
    2.9750000000E+00     2.3620094224E-04
    3.0250000000E+00     1.7878093537E-04
    3.0750000000E+00     1.3469620153E-04
    3.1250000000E+00     1.0101446601E-04
    3.1750000000E+00     7.5405911262E-05
    3.2250000000E+00     5.6029961781E-05
    3.2750000000E+00     4.1440777040E-05
    3.3250000000E+00     3.0508973918E-05
    3.3750000000E+00     2.2357280651E-05
    3.4250000000E+00     1.6308031397E-05
    3.4750000000E+00     1.1840629747E-05
    3.5250000000E+00     8.5573300717E-06
    3.5750000000E+00     6.1558992921E-06
    3.6250000000E+00     4.4079228852E-06
    3.6750000000E+00     3.1417038845E-06
    3.7250000000E+00     2.2288703623E-06
    3.7750000000E+00     1.5739545589E-06
    3.8250000000E+00     1.1063356613E-06
    3.8750000000E+00     7.7404907494E-07
    3.9250000000E+00     5.3905920327E-07
    3.9750000000E+00     3.7367181495E-07
    4.0250000000E+00     2.5782774392E-07
    4.0750000000E+00     1.7707363851E-07
    4.1250000000E+00     1.2104940537E-07
    4.1750000000E+00     8.2367415912E-08
    4.2250000000E+00     5.5786850573E-08
    4.2750000000E+00     3.7608983329E-08
    4.3250000000E+00     2.5236830019E-08
    4.3750000000E+00     1.6856317204E-08
    4.4250000000E+00     1.1206747750E-08
    4.4750000000E+00     7.4164884799E-09
    4.5250000000E+00     4.8860122227E-09
    4.5750000000E+00     3.2051202373E-09
    4.6250000000E+00     2.0946952270E-09
    4.6750000000E+00     1.3659637154E-09
    4.7250000000E+00     8.9219471693E-10
    4.7750000000E+00     5.8919766629E-10
    4.8250000000E+00     4.0203686371E-10
    4.8750000000E+00     2.9615270967E-10
    4.9250000000E+00     2.5164894276E-10
    4.9750000000E+00     2.5992939228E-10
    5.0250000000E+00     3.2219376128E-10
    5.0750000000E+00     4.4956688952E-10
    5.1250000000E+00     6.6487132961E-10
    5.1750000000E+00     1.0062877142E-09
    5.2250000000E+00     1.5334100977E-09
    5.2750000000E+00     2.3365255772E-09
    5.3250000000E+00     3.5503656075E-09
    5.3750000000E+00     5.3741353432E-09
    5.4250000000E+00     8.1003837440E-09
    5.4750000000E+00     1.2156304026E-08
    5.5250000000E+00     1.8162445857E-08
    5.5750000000E+00     2.7015699881E-08
    5.6250000000E+00     4.0005939292E-08
    5.6750000000E+00     5.8979073540E-08
    5.7250000000E+00     8.6563740748E-08
    5.7750000000E+00     1.2648475769E-07
    5.8250000000E+00     1.8399415633E-07
    5.8750000000E+00     2.6646065225E-07
    5.9250000000E+00     3.8417130639E-07
    5.9750000000E+00     5.5141567095E-07
    6.0250000000E+00     7.8794369806E-07
    6.0750000000E+00     1.1209151257E-06
    6.1250000000E+00     1.5874910738E-06
    6.1750000000E+00     2.2382594703E-06
    6.2250000000E+00     3.1417360973E-06
    6.2750000000E+00     4.3902440282E-06
    6.3250000000E+00     6.1075476182E-06
    6.3750000000E+00     8.4587045871E-06
    6.4250000000E+00     1.1662702616E-05
    6.4750000000E+00     1.6008566524E-05
    6.5250000000E+00     2.1875759405E-05
    6.5750000000E+00     2.9759856391E-05
    6.6250000000E+00     4.0304642436E-05
    6.6750000000E+00     5.4341974052E-05
    6.7250000000E+00     7.2940946185E-05
    6.7750000000E+00     9.7468114467E-05
    6.8250000000E+00     1.2966073295E-04
    6.8750000000E+00     1.7171516842E-04
    6.9250000000E+00     2.2639283198E-04
    6.9750000000E+00     2.9714611146E-04
    7.0250000000E+00     3.8826687467E-04
    7.0750000000E+00     5.0506012210E-04
    7.1250000000E+00     6.5404527182E-04
    7.1750000000E+00     8.4318733180E-04
    7.2250000000E+00     1.0821598236E-03
    7.2750000000E+00     1.3826407374E-03
    7.3250000000E+00     1.7586419875E-03
    7.3750000000E+00     2.2268717742E-03
    7.4250000000E+00     2.8071279183E-03
    7.4750000000E+00     3.5227185956E-03
    7.5250000000E+00     4.4009049695E-03
    7.5750000000E+00     5.4733579859E-03
    7.6250000000E+00     6.7766191015E-03
    7.6750000000E+00     8.3525519967E-03
    7.7250000000E+00     1.0248769441E-02
    7.7750000000E+00     1.2519016536E-02
    7.8250000000E+00     1.5223488669E-02
    7.8750000000E+00     1.8429059799E-02
    7.9250000000E+00     2.2209394347E-02
    7.9750000000E+00     2.6644914192E-02
    8.0250000000E+00     3.1822591158E-02
    8.0750000000E+00     3.7835535325E-02
    8.1250000000E+00     4.4782350501E-02
    8.1750000000E+00     5.2766230585E-02
    8.2250000000E+00     6.1893774436E-02
    8.2750000000E+00     7.2273502350E-02
    8.3250000000E+00     8.4014064415E-02
    8.3750000000E+00     9.7222139862E-02
    8.4250000000E+00     1.1200003690E-01
    8.4750000000E+00     1.2844301432E-01
    8.5250000000E+00     1.4663635908E-01
    8.5750000000E+00     1.6665226752E-01
    8.6250000000E+00     1.8854659178E-01
    8.6750000000E+00     2.1235552654E-01
    8.7250000000E+00     2.3809232335E-01
    8.7750000000E+00     2.6574413111E-01
    8.8250000000E+00     2.9526906942E-01
    8.8750000000E+00     3.2659364713E-01
    8.9250000000E+00     3.5961064026E-01
    8.9750000000E+00     3.9417754125E-01
    9.0250000000E+00     4.3011568465E-01
    9.0750000000E+00     4.6721014285E-01
    9.1250000000E+00     5.0521046932E-01
    9.1750000000E+00     5.4383234605E-01
    9.2250000000E+00     5.8276016722E-01
    9.2750000000E+00     6.2165056280E-01
    9.3250000000E+00     6.6013683559E-01
    9.3750000000E+00     6.9783425293E-01
    9.4250000000E+00     7.3434610237E-01
    9.4750000000E+00     7.6927039002E-01
    9.5250000000E+00     8.0220703161E-01
    9.5750000000E+00     8.3276536234E-01
    9.6250000000E+00     8.6057177235E-01
    9.6750000000E+00     8.8527726151E-01
    9.7250000000E+00     9.0656470168E-01
    9.7750000000E+00     9.2415559593E-01
    9.8250000000E+00     9.3781613390E-01
    9.8750000000E+00     9.4736235942E-01
    9.9250000000E+00     9.5266429098E-01
    9.9750000000E+00     9.5364886603E-01
