#t= 4.040000
    2.5000000000E-02     1.0000000000E+00
    7.5000000000E-02     1.0000000000E+00
    1.2500000000E-01     1.0000000000E+00
    1.7500000000E-01     1.0000000000E+00
    2.2500000000E-01     1.0000000000E+00
    2.7500000000E-01     1.0000000000E+00
    3.2500000000E-01     1.0000000000E+00
    3.7500000000E-01     1.0000000000E+00
    4.2500000000E-01     1.0000000000E+00
    4.7500000000E-01     1.0000000000E+00
    5.2500000000E-01     1.0000000000E+00
    5.7500000000E-01     1.0000000000E+00
    6.2500000000E-01     1.0000000000E+00
    6.7500000000E-01     1.0000000000E+00
    7.2500000000E-01     1.0000000000E+00
    7.7500000000E-01     1.0000000000E+00
    8.2500000000E-01     1.0000000000E+00
    8.7500000000E-01     1.0000000000E+00
    9.2500000000E-01     1.0000000000E+00
    9.7500000000E-01     1.0000000000E+00
    1.0250000000E+00     1.0000000000E+00
    1.0750000000E+00     1.0000000000E+00
    1.1250000000E+00     1.0000000000E+00
    1.1750000000E+00     1.0000000000E+00
    1.2250000000E+00     1.0000000000E+00
    1.2750000000E+00     1.0000000000E+00
    1.3250000000E+00     1.0000000000E+00
    1.3750000000E+00     1.0000000000E+00
    1.4250000000E+00     1.0000000000E+00
    1.4750000000E+00     1.0000000000E+00
    1.5250000000E+00     1.0000000000E+00
    1.5750000000E+00     1.0000000000E+00
    1.6250000000E+00     1.0000000000E+00
    1.6750000000E+00     1.0000000000E+00
    1.7250000000E+00     1.0000000000E+00
    1.7750000000E+00     1.0000000000E+00
    1.8250000000E+00     1.0000000000E+00
    1.8750000000E+00     1.0000000000E+00
    1.9250000000E+00     1.0000000000E+00
    1.9750000000E+00     1.0000000000E+00
    2.0250000000E+00     1.0000000000E+00
    2.0750000000E+00     1.0000000000E+00
    2.1250000000E+00     1.0000000000E+00
    2.1750000000E+00     1.0000000000E+00
    2.2250000000E+00     1.0000000000E+00
    2.2750000000E+00     1.0000000000E+00
    2.3250000000E+00     1.0000000000E+00
    2.3750000000E+00     1.0000000000E+00
    2.4250000000E+00     1.0000000000E+00
    2.4750000000E+00     1.0000000000E+00
    2.5250000000E+00     1.0000000000E+00
    2.5750000000E+00     1.0000000000E+00
    2.6250000000E+00     1.0000000000E+00
    2.6750000000E+00     1.0000000000E+00
    2.7250000000E+00     1.0000000000E+00
    2.7750000000E+00     1.0000000000E+00
    2.8250000000E+00     1.0000000000E+00
    2.8750000000E+00     1.0000000000E+00
    2.9250000000E+00     1.0000000000E+00
    2.9750000000E+00     1.0000000000E+00
    3.0250000000E+00     1.0000000000E+00
    3.0750000000E+00     1.0000000000E+00
    3.1250000000E+00     1.0000000000E+00
    3.1750000000E+00     1.0000000000E+00
    3.2250000000E+00     1.0000000000E+00
    3.2750000000E+00     1.0000000000E+00
    3.3250000000E+00     1.0000000000E+00
    3.3750000000E+00     1.0000000000E+00
    3.4250000000E+00     1.0000000000E+00
    3.4750000000E+00     1.0000000000E+00
    3.5250000000E+00     1.0000000000E+00
    3.5750000000E+00     1.0000000000E+00
    3.6250000000E+00     1.0000000000E+00
    3.6750000000E+00     1.0000000000E+00
    3.7250000000E+00     1.0000000000E+00
    3.7750000000E+00     1.0000000000E+00
    3.8250000000E+00     1.0000000000E+00
    3.8750000000E+00     1.0000000000E+00
    3.9250000000E+00     1.0000000000E+00
    3.9750000000E+00     1.0000000000E+00
    4.0250000000E+00     1.0000000000E+00
    4.0750000000E+00     1.0000000000E+00
    4.1250000000E+00     1.0000000000E+00
    4.1750000000E+00     1.0000000000E+00
    4.2250000000E+00     1.0000000000E+00
    4.2750000000E+00     1.0000000000E+00
    4.3250000000E+00     1.0000000000E+00
    4.3750000000E+00     1.0000000000E+00
    4.4250000000E+00     1.0000000000E+00
    4.4750000000E+00     1.0000000000E+00
    4.5250000000E+00     1.0000000000E+00
    4.5750000000E+00     1.0000000000E+00
    4.6250000000E+00     1.0000000000E+00
    4.6750000000E+00     1.0000000000E+00
    4.7250000000E+00     1.0000000000E+00
    4.7750000000E+00     1.0000000000E+00
    4.8250000000E+00     1.0000000000E+00
    4.8750000000E+00     1.0000000000E+00
    4.9250000000E+00     1.0000000000E+00
    4.9750000000E+00     1.0000000000E+00
    5.0250000000E+00     1.0000000000E+00
    5.0750000000E+00     1.0000000000E+00
    5.1250000000E+00     1.0000000000E+00
    5.1750000000E+00     1.0000000000E+00
    5.2250000000E+00     1.0000000000E+00
    5.2750000000E+00     1.0000000000E+00
    5.3250000000E+00     1.0000000000E+00
    5.3750000000E+00     1.0000000000E+00
    5.4250000000E+00     1.0000000000E+00
    5.4750000000E+00     1.0000000000E+00
    5.5250000000E+00     1.0000000000E+00
    5.5750000000E+00     1.0000000000E+00
    5.6250000000E+00     1.0000000000E+00
    5.6750000000E+00     1.0000000000E+00
    5.7250000000E+00     1.0000000000E+00
    5.7750000000E+00     1.0000000000E+00
    5.8250000000E+00     1.0000000000E+00
    5.8750000000E+00     1.0000000000E+00
    5.9250000000E+00     1.0000000000E+00
    5.9750000000E+00     9.9999999999E-01
    6.0250000000E+00     9.9999999998E-01
    6.0750000000E+00     9.9999999995E-01
    6.1250000000E+00     9.9999999987E-01
    6.1750000000E+00     9.9999999967E-01
    6.2250000000E+00     9.9999999914E-01
    6.2750000000E+00     9.9999999783E-01
    6.3250000000E+00     9.9999999462E-01
    6.3750000000E+00     9.9999998695E-01
    6.4250000000E+00     9.9999996898E-01
    6.4750000000E+00     9.9999992780E-01
    6.5250000000E+00     9.9999983537E-01
    6.5750000000E+00     9.9999963236E-01
    6.6250000000E+00     9.9999919605E-01
    6.6750000000E+00     9.9999827848E-01
    6.7250000000E+00     9.9999639077E-01
    6.7750000000E+00     9.9999259210E-01
    6.8250000000E+00     9.9998511643E-01
    6.8750000000E+00     9.9997073123E-01
    6.9250000000E+00     9.9994367008E-01
    6.9750000000E+00     9.9989391282E-01
    7.0250000000E+00     9.9980450879E-01
    7.0750000000E+00     9.9964756141E-01
    7.1250000000E+00     9.9937843993E-01
    7.1750000000E+00     9.9892779390E-01
    7.2250000000E+00     9.9819106884E-01
    7.2750000000E+00     9.9701551785E-01
    7.3250000000E+00     9.9518522697E-01
    7.3750000000E+00     9.9240544927E-01
    7.4250000000E+00     9.8828853981E-01
    7.4750000000E+00     9.8234487973E-01
    7.5250000000E+00     9.7398313808E-01
    7.5750000000E+00     9.6252470735E-01
    7.6250000000E+00     9.4723676818E-01
    7.6750000000E+00     9.2738683603E-01
    7.7250000000E+00     9.0231864304E-01
    7.7750000000E+00     8.7154495999E-01
    7.8250000000E+00     8.3484804441E-01
    7.8750000000E+00     7.9237381786E-01
    7.9250000000E+00     7.4470291266E-01
    7.9750000000E+00     6.9288164531E-01
    8.0250000000E+00     6.3839960149E-01
    8.0750000000E+00     5.8310786861E-01
    8.1250000000E+00     5.2908200777E-01
    8.1750000000E+00     4.7844463559E-01
    8.2250000000E+00     4.3317145977E-01
    8.2750000000E+00     3.9490938394E-01
    8.3250000000E+00     3.6483433808E-01
    8.3750000000E+00     3.4356969594E-01
    8.4250000000E+00     3.3117496238E-01
    8.4750000000E+00     3.2720150492E-01
    8.5250000000E+00     3.3080055361E-01
    8.5750000000E+00     3.4086112057E-01
    8.6250000000E+00     3.5615329826E-01
    8.6750000000E+00     3.7545545839E-01
    8.7250000000E+00     3.9765072269E-01
    8.7750000000E+00     4.2178649535E-01
    8.8250000000E+00     4.4709861253E-01
    8.8750000000E+00     4.7300717871E-01
    8.9250000000E+00     4.9909376430E-01
    8.9750000000E+00     5.2506957461E-01
    9.0250000000E+00     5.5074230418E-01
    9.0750000000E+00     5.7598669111E-01
    9.1250000000E+00     6.0072116196E-01
    9.1750000000E+00     6.2489094906E-01
    9.2250000000E+00     6.4845684976E-01
    9.2750000000E+00     6.7138829421E-01
    9.3250000000E+00     6.9365937527E-01
    9.3750000000E+00     7.1524673665E-01
    9.4250000000E+00     7.3612853237E-01
    9.4750000000E+00     7.5628395575E-01
    9.5250000000E+00     7.7569304801E-01
    9.5750000000E+00     7.9433663327E-01
    9.6250000000E+00     8.1219630635E-01
    9.6750000000E+00     8.2925444025E-01
    9.7250000000E+00     8.4549420024E-01
    9.7750000000E+00     8.6089955955E-01
    9.8250000000E+00     8.7545531494E-01
    9.8750000000E+00     8.8914710163E-01
    9.9250000000E+00     9.0196140747E-01
    9.9750000000E+00     9.1388558631E-01
