#t= 3.840000
    2.5000000000E-02     2.1250822642E-03
    7.5000000000E-02     2.6642349655E-03
    1.2500000000E-01     3.3259835424E-03
    1.7500000000E-01     4.1344510061E-03
    2.2500000000E-01     5.1175862501E-03
    2.7500000000E-01     6.3075607686E-03
    3.2500000000E-01     7.7411601196E-03
    3.7500000000E-01     9.4601576755E-03
    4.2500000000E-01     1.1511655859E-02
    4.7500000000E-01     1.3948377725E-02
    5.2500000000E-01     1.6828889533E-02
    5.7500000000E-01     2.0217732978E-02
    6.2500000000E-01     2.4185444144E-02
    6.7500000000E-01     2.8808435174E-02
    7.2500000000E-01     3.4168714231E-02
    7.7500000000E-01     4.0353419796E-02
    8.2500000000E-01     4.7454146747E-02
    8.7500000000E-01     5.5566044207E-02
    9.2500000000E-01     6.4786668932E-02
    9.7500000000E-01     7.5214583048E-02
    1.0250000000E+00     8.6947691297E-02
    1.0750000000E+00     1.0008132064E-01
    1.1250000000E+00     1.1470605382E-01
    1.1750000000E+00     1.3090533832E-01
    1.2250000000E+00     1.4875290272E-01
    1.2750000000E+00     1.6831002344E-01
    1.3250000000E+00     1.8962269584E-01
    1.3750000000E+00     2.1271877436E-01
    1.4250000000E+00     2.3760515594E-01
    1.4750000000E+00     2.6426508948E-01
    1.5250000000E+00     2.9265570006E-01
    1.5750000000E+00     3.2270582100E-01
    1.6250000000E+00     3.5431422734E-01
    1.6750000000E+00     3.8734836224E-01
    1.7250000000E+00     4.2164364202E-01
    1.7750000000E+00     4.5700341552E-01
    1.8250000000E+00     4.9319964083E-01
    1.8750000000E+00     5.2997432506E-01
    1.9250000000E+00     5.6704175334E-01
    1.9750000000E+00     6.0409151041E-01
    2.0250000000E+00     6.4079227372E-01
    2.0750000000E+00     6.7679633148E-01
    2.1250000000E+00     7.1174475323E-01
    2.1750000000E+00     7.4527311547E-01
    2.2250000000E+00     7.7701766222E-01
    2.2750000000E+00     8.0662175995E-01
    2.3250000000E+00     8.3374249032E-01
    2.3750000000E+00     8.5805721275E-01
    2.4250000000E+00     8.7926992266E-01
    2.4750000000E+00     8.9711723118E-01
    2.5250000000E+00     9.1137379793E-01
    2.5750000000E+00     9.2185706062E-01
    2.6250000000E+00     9.2843112273E-01
    2.6750000000E+00     9.3100968376E-01
    2.7250000000E+00     9.2955792367E-01
    2.7750000000E+00     9.2409328404E-01
    2.8250000000E+00     9.1468512154E-01
    2.8750000000E+00     9.0145324322E-01
    2.9250000000E+00     8.8456536683E-01
    2.9750000000E+00     8.6423358149E-01
    3.0250000000E+00     8.4070991318E-01
    3.0750000000E+00     8.1428112466E-01
    3.1250000000E+00     7.8526289990E-01
    3.1750000000E+00     7.5399357776E-01
    3.2250000000E+00     7.2082760862E-01
    3.2750000000E+00     6.8612891014E-01
    3.3250000000E+00     6.5026429488E-01
    3.3750000000E+00     6.1359713366E-01
    3.4250000000E+00     5.7648140376E-01
    3.4750000000E+00     5.3925625278E-01
    3.5250000000E+00     5.0224118680E-01
    3.5750000000E+00     4.6573196674E-01
    3.6250000000E+00     4.2999727125E-01
    3.6750000000E+00     3.9527615776E-01
    3.7250000000E+00     3.6177632842E-01
    3.7750000000E+00     3.2967318308E-01
    3.8250000000E+00     2.9910962044E-01
    3.8750000000E+00     2.7019652968E-01
    3.9250000000E+00     2.4301389985E-01
    3.9750000000E+00     2.1761246309E-01
    4.0250000000E+00     1.9401577984E-01
    4.0750000000E+00     1.7222267089E-01
    4.1250000000E+00     1.5220990030E-01
    4.1750000000E+00     1.3393501641E-01
    4.2250000000E+00     1.1733926367E-01
    4.2750000000E+00     1.0235048589E-01
    4.3250000000E+00     8.8885950837E-02
    4.3750000000E+00     7.6855037151E-02
    4.4250000000E+00     6.6161735425E-02
    4.4750000000E+00     5.6706927030E-02
    4.5250000000E+00     4.8390415204E-02
    4.5750000000E+00     4.1112693452E-02
    4.6250000000E+00     3.4776445776E-02
    4.6750000000E+00     2.9287781576E-02
    4.7250000000E+00     2.4557215116E-02
    4.7750000000E+00     2.0500405093E-02
    4.8250000000E+00     1.7038674166E-02
    4.8750000000E+00     1.4099331298E-02
    4.9250000000E+00     1.1615821548E-02
    4.9750000000E+00     9.5277286871E-03
    5.0250000000E+00     7.7806557713E-03
    5.0750000000E+00     6.3260078709E-03
    5.1250000000E+00     5.1206995586E-03
    5.1750000000E+00     4.1268077828E-03
    5.2250000000E+00     3.3111884575E-03
    5.2750000000E+00     2.6450726644E-03
    5.3250000000E+00     2.1036558883E-03
    5.3750000000E+00     1.6656912886E-03
    5.4250000000E+00     1.3130957201E-03
    5.4750000000E+00     1.0305751128E-03
    5.5250000000E+00     8.0527394003E-04
    5.5750000000E+00     6.2645186291E-04
    5.6250000000E+00     4.8518924736E-04
    5.6750000000E+00     3.7412210476E-04
    5.7250000000E+00     2.8720609085E-04
    5.7750000000E+00     2.1950849648E-04
    5.8250000000E+00     1.6702665109E-04
    5.8750000000E+00     1.2653081294E-04
    5.9250000000E+00     9.5429411755E-05
    5.9750000000E+00     7.1654415253E-05
    6.0250000000E+00     5.3564587448E-05
    6.0750000000E+00     3.9864471325E-05
    6.1250000000E+00     2.9537043868E-05
    6.1750000000E+00     2.1788140130E-05
    6.2250000000E+00     1.6000912219E-05
    6.2750000000E+00     1.1698767648E-05
    6.3250000000E+00     8.5154110526E-06
    6.3750000000E+00     6.1707874312E-06
    6.4250000000E+00     4.4518893644E-06
    6.4750000000E+00     3.1975422140E-06
    6.5250000000E+00     2.2864183534E-06
    6.5750000000E+00     1.6276534236E-06
    6.6250000000E+00     1.1535444741E-06
    6.6750000000E+00     8.1390227289E-07
    6.7250000000E+00     5.7170900905E-07
    6.7750000000E+00     3.9979929112E-07
    6.8250000000E+00     2.7833805241E-07
    6.8750000000E+00     1.9291506691E-07
    6.9250000000E+00     1.3311354557E-07
    6.9750000000E+00     9.1440952162E-08
    7.0250000000E+00     6.2534865719E-08
    7.0750000000E+00     4.2576425581E-08
    7.1250000000E+00     2.8859501574E-08
    7.1750000000E+00     1.9475994146E-08
    7.2250000000E+00     1.3087231022E-08
    7.2750000000E+00     8.7588284896E-09
    7.3250000000E+00     5.8420743864E-09
    7.3750000000E+00     3.8892331308E-09
    7.4250000000E+00     2.5934682860E-09
    7.4750000000E+00     1.7465643494E-09
    7.5250000000E+00     1.2094974681E-09
    7.5750000000E+00     8.9230580272E-10
    7.6250000000E+00     7.4076381540E-10
    7.6750000000E+00     7.2816546244E-10
    7.7250000000E+00     8.5114475011E-10
    7.7750000000E+00     1.1289701111E-09
    7.8250000000E+00     1.6061939209E-09
    7.8750000000E+00     2.3589671846E-09
    7.9250000000E+00     3.5057873285E-09
    7.9750000000E+00     5.2239814844E-09
    8.0250000000E+00     7.7738916513E-09
    8.0750000000E+00     1.1533584276E-08
    8.1250000000E+00     1.7048031583E-08
    8.1750000000E+00     2.5098200684E-08
    8.2250000000E+00     3.6797458678E-08
    8.2750000000E+00     5.3725307968E-08
    8.3250000000E+00     7.8111894147E-08
    8.3750000000E+00     1.1309121356E-07
    8.4250000000E+00     1.6304677873E-07
    8.4750000000E+00     2.3408103187E-07
    8.5250000000E+00     3.3464945987E-07
    8.5750000000E+00     4.7641267354E-07
    8.6250000000E+00     6.7537527977E-07
    8.6750000000E+00     9.5339991201E-07
    8.7250000000E+00     1.3402091119E-06
    8.7750000000E+00     1.8760178055E-06
    8.8250000000E+00     2.6149759248E-06
    8.8750000000E+00     3.6296454114E-06
    8.9250000000E+00     5.0167895935E-06
    8.9750000000E+00     6.9048169616E-06
    9.0250000000E+00     9.4632968547E-06
    9.0750000000E+00     1.2915052581E-05
    9.1250000000E+00     1.7551438875E-05
    9.1750000000E+00     2.3751525852E-05
    9.2250000000E+00     3.2006040749E-05
    9.2750000000E+00     4.2947061050E-05
    9.3250000000E+00     5.7384606489E-05
    9.3750000000E+00     7.6351440138E-05
    9.4250000000E+00     1.0115755613E-04
    9.4750000000E+00     1.3345599776E-04
    9.5250000000E+00     1.7532180682E-04
    9.5750000000E+00     2.2934604319E-04
    9.6250000000E+00     2.9874692064E-04
    9.6750000000E+00     3.8750016519E-04
    9.7250000000E+00     5.0049069969E-04
    9.7750000000E+00     6.4368767212E-04
    9.8250000000E+00     8.2434465407E-04
    9.8750000000E+00     1.0512265167E-03
    9.9250000000E+00     1.3348640211E-03
    9.9750000000E+00     1.6878365121E-03
