#t= 1.960000
    2.5000000000E-02     3.1053816638E-01
    7.5000000000E-02     2.7960643825E-01
    1.2500000000E-01     2.5058571278E-01
    1.7500000000E-01     2.2353317745E-01
    2.2500000000E-01     1.9847408818E-01
    2.7500000000E-01     1.7540475770E-01
    3.2500000000E-01     1.5429584954E-01
    3.7500000000E-01     1.3509585735E-01
    4.2500000000E-01     1.1773465736E-01
    4.7500000000E-01     1.0212703257E-01
    5.2500000000E-01     8.8176080538E-02
    5.7500000000E-01     7.5776431260E-02
    6.2500000000E-01     6.4817216727E-02
    6.7500000000E-01     5.5184749256E-02
    7.2500000000E-01     4.6764880208E-02
    7.7500000000E-01     3.9445024381E-02
    8.2500000000E-01     3.3115847519E-02
    8.7500000000E-01     2.7672624837E-02
    9.2500000000E-01     2.3016287046E-02
    9.7500000000E-01     1.9054177085E-02
    1.0250000000E+00     1.5700545601E-02
    1.0750000000E+00     1.2876816333E-02
    1.1250000000E+00     1.0511654087E-02
    1.1750000000E+00     8.5408681519E-03
    1.2250000000E+00     6.9071830506E-03
    1.2750000000E+00     5.5599066440E-03
    1.3250000000E+00     4.4545230830E-03
    1.3750000000E+00     3.5522351184E-03
    1.4250000000E+00     2.8194770501E-03
    1.4750000000E+00     2.2274162837E-03
    1.5250000000E+00     1.7514582055E-03
    1.5750000000E+00     1.3707660007E-03
    1.6250000000E+00     1.0678041969E-03
    1.6750000000E+00     8.2791218258E-04
    1.7250000000E+00     6.3891174227E-04
    1.7750000000E+00     4.9075079364E-04
    1.8250000000E+00     3.7518398559E-04
    1.8750000000E+00     2.8548961408E-04
    1.9250000000E+00     2.1622139813E-04
    1.9750000000E+00     1.6299300401E-04
    2.0250000000E+00     1.2229277230E-04
    2.0750000000E+00     9.1325855455E-05
    2.1250000000E+00     6.7880876154E-05
    2.1750000000E+00     5.0218236835E-05
    2.2250000000E+00     3.6977318392E-05
    2.2750000000E+00     2.7099975367E-05
    2.3250000000E+00     1.9767944410E-05
    2.3750000000E+00     1.4352014307E-05
    2.4250000000E+00     1.0371045509E-05
    2.4750000000E+00     7.4591640157E-06
    2.5250000000E+00     5.3396809814E-06
    2.5750000000E+00     3.8045001446E-06
    2.6250000000E+00     2.6979670510E-06
    2.6750000000E+00     1.9042853392E-06
    2.7250000000E+00     1.3377758618E-06
    2.7750000000E+00     9.3538465363E-07
    2.8250000000E+00     6.5095697213E-07
    2.8750000000E+00     4.5088842646E-07
    2.9250000000E+00     3.1084240498E-07
    2.9750000000E+00     2.1328750126E-07
    3.0250000000E+00     1.4566128337E-07
    3.0750000000E+00     9.9009312603E-08
    3.1250000000E+00     6.6982408281E-08
    3.1750000000E+00     4.5102217549E-08
    3.2250000000E+00     3.0226448828E-08
    3.2750000000E+00     2.0161751957E-08
    3.3250000000E+00     1.3385099362E-08
    3.3750000000E+00     8.8444097878E-09
    3.4250000000E+00     5.8166931405E-09
    3.4750000000E+00     3.8076976154E-09
    3.5250000000E+00     2.4813234840E-09
    3.5750000000E+00     1.6102622038E-09
    3.6250000000E+00     1.0416852793E-09
    3.6750000000E+00     6.7354809463E-10
    3.7250000000E+00     4.3834741572E-10
    3.7750000000E+00     2.9209873186E-10
    3.8250000000E+00     2.0697375662E-10
    3.8750000000E+00     1.6652964570E-10
    3.9250000000E+00     1.6282316527E-10
    3.9750000000E+00     1.9497580757E-10
    4.0250000000E+00     2.6897151086E-10
    4.0750000000E+00     3.9865357799E-10
    4.1250000000E+00     6.0806553678E-10
    4.1750000000E+00     9.3547597719E-10
    4.2250000000E+00     1.4396657352E-09
    4.2750000000E+00     2.2093668673E-09
    4.3250000000E+00     3.3771623959E-09
    4.3750000000E+00     5.1397286739E-09
    4.4250000000E+00     7.7870866969E-09
    4.4750000000E+00     1.1744601664E-08
    4.5250000000E+00     1.7632933037E-08
    4.5750000000E+00     2.6353123015E-08
    4.6250000000E+00     3.9206691335E-08
    4.6750000000E+00     5.8064198457E-08
    4.7250000000E+00     8.5600526190E-08
    4.7750000000E+00     1.2562145555E-07
    4.8250000000E+00     1.8351443339E-07
    4.8750000000E+00     2.6686725163E-07
    4.9250000000E+00     3.8631237345E-07
    4.9750000000E+00     5.5667262288E-07
    5.0250000000E+00     7.9850684818E-07
    5.0750000000E+00     1.1401830794E-06
    5.1250000000E+00     1.6206428954E-06
    5.1750000000E+00     2.2930656308E-06
    5.2250000000E+00     3.2296962768E-06
    5.2750000000E+00     4.5281681692E-06
    5.3250000000E+00     6.3197325961E-06
    5.3750000000E+00     8.7799040722E-06
    5.4250000000E+00     1.2142143874E-05
    5.4750000000E+00     1.6715336927E-05
    5.5250000000E+00     2.2905969216E-05
    5.5750000000E+00     3.1246084847E-05
    5.6250000000E+00     4.2428292988E-05
    5.6750000000E+00     5.7349303215E-05
    5.7250000000E+00     7.7163689521E-05
    5.7750000000E+00     1.0334981275E-04
    5.8250000000E+00     1.3779006014E-04
    5.8750000000E+00     1.8286777783E-04
    5.9250000000E+00     2.4158346311E-04
    5.9750000000E+00     3.1769292965E-04
    6.0250000000E+00     4.1587023929E-04
    6.0750000000E+00     5.4189818191E-04
    6.1250000000E+00     7.0288895206E-04
    6.1750000000E+00     9.0753738423E-04
    6.2250000000E+00     1.1664086342E-03
    6.2750000000E+00     1.4922614966E-03
    6.3250000000E+00     1.9004075938E-03
    6.3750000000E+00     2.4091054304E-03
    6.4250000000E+00     3.0399867509E-03
    6.4750000000E+00     3.8185107578E-03
    6.5250000000E+00     4.7744395328E-03
    6.5750000000E+00     5.9423254733E-03
    6.6250000000E+00     7.3619987426E-03
    6.6750000000E+00     9.0790396915E-03
    6.7250000000E+00     1.1145218025E-02
    6.7750000000E+00     1.3618877267E-02
    6.8250000000E+00     1.6565239979E-02
    6.8750000000E+00     2.0056606340E-02
    6.9250000000E+00     2.4172416345E-02
    6.9750000000E+00     2.8999144206E-02
    7.0250000000E+00     3.4629992749E-02
    7.0750000000E+00     4.1164356006E-02
    7.1250000000E+00     4.8707019898E-02
    7.1750000000E+00     5.7367074228E-02
    7.2250000000E+00     6.7256514191E-02
    7.2750000000E+00     7.8488516433E-02
    7.3250000000E+00     9.1175383387E-02
    7.3750000000E+00     1.0542616007E-01
    7.4250000000E+00     1.2134393966E-01
    7.4750000000E+00     1.3902288763E-01
    7.5250000000E+00     1.5854502881E-01
    7.5750000000E+00     1.7997685667E-01
    7.6250000000E+00     2.0336583909E-01
    7.6750000000E+00     2.2873690923E-01
    7.7250000000E+00     2.5608904266E-01
    7.7750000000E+00     2.8539203261E-01
    7.8250000000E+00     3.1658358250E-01
    7.8750000000E+00     3.4956683900E-01
    7.9250000000E+00     3.8420848796E-01
    7.9750000000E+00     4.2033753054E-01
    8.0250000000E+00     4.5774484612E-01
    8.0750000000E+00     4.9618363306E-01
    8.1250000000E+00     5.3537079733E-01
    8.1750000000E+00     5.7498933399E-01
    8.2250000000E+00     6.1469171647E-01
    8.2750000000E+00     6.5410427671E-01
    8.3250000000E+00     6.9283252420E-01
    8.3750000000E+00     7.3046731720E-01
    8.4250000000E+00     7.6659176528E-01
    8.4750000000E+00     8.0078871014E-01
    8.5250000000E+00     8.3264860426E-01
    8.5750000000E+00     8.6177758370E-01
    8.6250000000E+00     8.8780551585E-01
    8.6750000000E+00     9.1039379388E-01
    8.7250000000E+00     9.2924264967E-01
    8.7750000000E+00     9.4409776484E-01
    8.8250000000E+00     9.5475597654E-01
    8.8750000000E+00     9.6106989909E-01
    8.9250000000E+00     9.6295131466E-01
    8.9750000000E+00     9.6037322386E-01
    9.0250000000E+00     9.5337048979E-01
    9.0750000000E+00     9.4203905395E-01
    9.1250000000E+00     9.2653374874E-01
    9.1750000000E+00     9.0706477623E-01
    9.2250000000E+00     8.8389296517E-01
    9.2750000000E+00     8.5732395585E-01
    9.3250000000E+00     8.2770149412E-01
    9.3750000000E+00     7.9540003997E-01
    9.4250000000E+00     7.6081691281E-01
    9.4750000000E+00     7.2436420270E-01
    9.5250000000E+00     6.8646067660E-01
    9.5750000000E+00     6.4752389892E-01
    9.6250000000E+00     6.0796276978E-01
    9.6750000000E+00     5.6817066046E-01
    9.7250000000E+00     5.2851929762E-01
    9.7750000000E+00     4.8935351545E-01
    9.8250000000E+00     4.5098696019E-01
    9.8750000000E+00     4.1369879618E-01
    9.9250000000E+00     3.7773142793E-01
    9.9750000000E+00     3.4328921989E-01
