#t= 1.440000
    2.5000000000E-02     1.0000000000E+00
    7.5000000000E-02     1.0000000000E+00
    1.2500000000E-01     1.0000000000E+00
    1.7500000000E-01     1.0000000000E+00
    2.2500000000E-01     1.0000000000E+00
    2.7500000000E-01     1.0000000000E+00
    3.2500000000E-01     1.0000000000E+00
    3.7500000000E-01     1.0000000000E+00
    4.2500000000E-01     1.0000000000E+00
    4.7500000000E-01     1.0000000000E+00
    5.2500000000E-01     1.0000000000E+00
    5.7500000000E-01     1.0000000000E+00
    6.2500000000E-01     1.0000000000E+00
    6.7500000000E-01     1.0000000000E+00
    7.2500000000E-01     1.0000000000E+00
    7.7500000000E-01     1.0000000000E+00
    8.2500000000E-01     1.0000000000E+00
    8.7500000000E-01     1.0000000000E+00
    9.2500000000E-01     1.0000000000E+00
    9.7500000000E-01     1.0000000000E+00
    1.0250000000E+00     1.0000000000E+00
    1.0750000000E+00     1.0000000000E+00
    1.1250000000E+00     1.0000000000E+00
    1.1750000000E+00     1.0000000000E+00
    1.2250000000E+00     1.0000000000E+00
    1.2750000000E+00     1.0000000000E+00
    1.3250000000E+00     1.0000000000E+00
    1.3750000000E+00     1.0000000000E+00
    1.4250000000E+00     1.0000000000E+00
    1.4750000000E+00     1.0000000000E+00
    1.5250000000E+00     1.0000000000E+00
    1.5750000000E+00     9.9999999999E-01
    1.6250000000E+00     9.9999999997E-01
    1.6750000000E+00     9.9999999985E-01
    1.7250000000E+00     9.9999999931E-01
    1.7750000000E+00     9.9999999697E-01
    1.8250000000E+00     9.9999998736E-01
    1.8750000000E+00     9.9999994996E-01
    1.9250000000E+00     9.9999981230E-01
    1.9750000000E+00     9.9999933267E-01
    2.0250000000E+00     9.9999775147E-01
    2.0750000000E+00     9.9999282042E-01
    2.1250000000E+00     9.9997827978E-01
    2.1750000000E+00     9.9993775643E-01
    2.2250000000E+00     9.9983108568E-01
    2.2750000000E+00     9.9956605457E-01
    2.3250000000E+00     9.9894504004E-01
    2.3750000000E+00     9.9757401351E-01
    2.4250000000E+00     9.9472527650E-01
    2.4750000000E+00     9.8916144341E-01
    2.5250000000E+00     9.7896184335E-01
    2.5750000000E+00     9.6144091315E-01
    2.6250000000E+00     9.3329206337E-01
    2.6750000000E+00     8.9109147946E-01
    2.7250000000E+00     8.3221030961E-01
    2.7750000000E+00     7.5599538059E-01
    2.8250000000E+00     6.6484204128E-01
    2.8750000000E+00     5.6463145048E-01
    2.9250000000E+00     4.6409402255E-01
    2.9750000000E+00     3.7304991430E-01
    3.0250000000E+00     3.0002786261E-01
    3.0750000000E+00     2.5016458032E-01
    3.1250000000E+00     2.2424445680E-01
    3.1750000000E+00     2.1921487152E-01
    3.2250000000E+00     2.2980173841E-01
    3.2750000000E+00     2.5039259977E-01
    3.3250000000E+00     2.7640582200E-01
    3.3750000000E+00     3.0481203053E-01
    3.4250000000E+00     3.3396293630E-01
    3.4750000000E+00     3.6311764729E-01
    3.5250000000E+00     3.9199714358E-01
    3.5750000000E+00     4.2050501003E-01
    3.6250000000E+00     4.4859971065E-01
    3.6750000000E+00     4.7625180448E-01
    3.7250000000E+00     5.0343389528E-01
    3.7750000000E+00     5.3011915760E-01
    3.8250000000E+00     5.5628125631E-01
    3.8750000000E+00     5.8189437259E-01
    3.9250000000E+00     6.0693322938E-01
    3.9750000000E+00     6.3137311634E-01
    4.0250000000E+00     6.5518991426E-01
    4.0750000000E+00     6.7836011884E-01
    4.1250000000E+00     7.0086086388E-01
    4.1750000000E+00     7.2266994387E-01
    4.2250000000E+00     7.4376583587E-01
    4.2750000000E+00     7.6412772079E-01
    4.3250000000E+00     7.8373550390E-01
    4.3750000000E+00     8.0256983468E-01
    4.4250000000E+00     8.2061212594E-01
    4.4750000000E+00     8.3784457211E-01
    4.5250000000E+00     8.5425016683E-01
    4.5750000000E+00     8.6981271977E-01
    4.6250000000E+00     8.8451687258E-01
    4.6750000000E+00     8.9834811402E-01
    4.7250000000E+00     9.1129279433E-01
    4.7750000000E+00     9.2333813867E-01
    4.8250000000E+00     9.3447225975E-01
    4.8750000000E+00     9.4468416953E-01
    4.9250000000E+00     9.5396379008E-01
    4.9750000000E+00     9.6230196355E-01
    5.0250000000E+00     9.6969046116E-01
    5.0750000000E+00     9.7612199135E-01
    5.1250000000E+00     9.8159020699E-01
    5.1750000000E+00     9.8608971161E-01
    5.2250000000E+00     9.8961606473E-01
    5.2750000000E+00     9.9216578627E-01
    5.3250000000E+00     9.9373635997E-01
    5.3750000000E+00     9.9432623585E-01
    5.4250000000E+00     9.9393483179E-01
    5.4750000000E+00     9.9256253405E-01
    5.5250000000E+00     9.9021069692E-01
    5.5750000000E+00     9.8688164138E-01
    5.6250000000E+00     9.8257865281E-01
    5.6750000000E+00     9.7730597773E-01
    5.7250000000E+00     9.7106881965E-01
    5.7750000000E+00     9.6387333388E-01
    5.8250000000E+00     9.5572662150E-01
    5.8750000000E+00     9.4663672234E-01
    5.9250000000E+00     9.3661260701E-01
    5.9750000000E+00     9.2566416812E-01
    6.0250000000E+00     9.1380221046E-01
    6.0750000000E+00     9.0103844033E-01
    6.1250000000E+00     8.8738545405E-01
    6.1750000000E+00     8.7285672547E-01
    6.2250000000E+00     8.5746659267E-01
    6.2750000000E+00     8.4123024387E-01
    6.3250000000E+00     8.2416370239E-01
    6.3750000000E+00     8.0628381083E-01
    6.4250000000E+00     7.8760821449E-01
    6.4750000000E+00     7.6815534394E-01
    6.5250000000E+00     7.4794439680E-01
    6.5750000000E+00     7.2699531885E-01
    6.6250000000E+00     7.0532878428E-01
    6.6750000000E+00     6.8296617536E-01
    6.7250000000E+00     6.5992956128E-01
    6.7750000000E+00     6.3624167640E-01
    6.8250000000E+00     6.1192589780E-01
    6.8750000000E+00     5.8700622221E-01
    6.9250000000E+00     5.6150724235E-01
    6.9750000000E+00     5.3545412264E-01
    7.0250000000E+00     5.0887257436E-01
    7.0750000000E+00     4.8178883028E-01
    7.1250000000E+00     4.5422961879E-01
    7.1750000000E+00     4.2622213751E-01
    7.2250000000E+00     3.9779402643E-01
    7.2750000000E+00     3.6897334068E-01
    7.3250000000E+00     3.3978852279E-01
    7.3750000000E+00     3.1026837465E-01
    7.4250000000E+00     2.8044202908E-01
    7.4750000000E+00     2.5033892109E-01
    7.5250000000E+00     2.1998875881E-01
    7.5750000000E+00     1.8942149418E-01
    7.6250000000E+00     1.5866729340E-01
    7.6750000000E+00     1.2775650717E-01
    7.7250000000E+00     9.6719640683E-02
    7.7750000000E+00     6.5587323590E-02
    7.8250000000E+00     3.4390279727E-02
    7.8750000000E+00     3.1592968099E-03
    7.9250000000E+00    -2.8074803952E-02
    7.9750000000E+00    -5.9281198271E-02
    8.0250000000E+00    -9.0429089206E-02
    8.0750000000E+00    -1.2148773755E-01
    8.1250000000E+00    -1.5242649216E-01
    8.1750000000E+00    -1.8321482022E-01
    8.2250000000E+00    -2.1382233738E-01
    8.2750000000E+00    -2.4421883771E-01
    8.3250000000E+00    -2.7437432353E-01
    8.3750000000E+00    -3.0425903501E-01
    8.4250000000E+00    -3.3384347957E-01
    8.4750000000E+00    -3.6309846091E-01
    8.5250000000E+00    -3.9199510791E-01
    8.5750000000E+00    -4.2050490307E-01
    8.6250000000E+00    -4.4859971065E-01
    8.6750000000E+00    -4.7625180448E-01
    8.7250000000E+00    -5.0343389528E-01
    8.7750000000E+00    -5.3011915760E-01
    8.8250000000E+00    -5.5628125631E-01
    8.8750000000E+00    -5.8189437259E-01
    8.9250000000E+00    -6.0693322938E-01
    8.9750000000E+00    -6.3137311634E-01
    9.0250000000E+00    -6.5518991426E-01
    9.0750000000E+00    -6.7836011884E-01
    9.1250000000E+00    -7.0086086388E-01
    9.1750000000E+00    -7.2266994387E-01
    9.2250000000E+00    -7.4376583587E-01
    9.2750000000E+00    -7.6412772079E-01
    9.3250000000E+00    -7.8373550390E-01
    9.3750000000E+00    -8.0256983468E-01
    9.4250000000E+00    -8.2061212594E-01
    9.4750000000E+00    -8.3784457211E-01
    9.5250000000E+00    -8.5425016683E-01
    9.5750000000E+00    -8.6981271977E-01
    9.6250000000E+00    -8.8451687258E-01
    9.6750000000E+00    -8.9834811402E-01
    9.7250000000E+00    -9.1129279433E-01
    9.7750000000E+00    -9.2333813867E-01
    9.8250000000E+00    -9.3447225975E-01
    9.8750000000E+00    -9.4468416953E-01
    9.9250000000E+00    -9.5396379008E-01
    9.9750000000E+00    -9.6230196355E-01
