#t= 4.840000
    2.5000000000E-02     1.0000000000E+00
    7.5000000000E-02     1.0000000000E+00
    1.2500000000E-01     1.0000000000E+00
    1.7500000000E-01     1.0000000000E+00
    2.2500000000E-01     1.0000000000E+00
    2.7500000000E-01     1.0000000000E+00
    3.2500000000E-01     1.0000000000E+00
    3.7500000000E-01     1.0000000000E+00
    4.2500000000E-01     1.0000000000E+00
    4.7500000000E-01     1.0000000000E+00
    5.2500000000E-01     1.0000000000E+00
    5.7500000000E-01     1.0000000000E+00
    6.2500000000E-01     1.0000000000E+00
    6.7500000000E-01     1.0000000000E+00
    7.2500000000E-01     1.0000000000E+00
    7.7500000000E-01     1.0000000000E+00
    8.2500000000E-01     1.0000000000E+00
    8.7500000000E-01     1.0000000000E+00
    9.2500000000E-01     1.0000000000E+00
    9.7500000000E-01     1.0000000000E+00
    1.0250000000E+00     1.0000000000E+00
    1.0750000000E+00     1.0000000000E+00
    1.1250000000E+00     1.0000000000E+00
    1.1750000000E+00     1.0000000000E+00
    1.2250000000E+00     1.0000000000E+00
    1.2750000000E+00     1.0000000000E+00
    1.3250000000E+00     1.0000000000E+00
    1.3750000000E+00     1.0000000000E+00
    1.4250000000E+00     1.0000000000E+00
    1.4750000000E+00     1.0000000000E+00
    1.5250000000E+00     1.0000000000E+00
    1.5750000000E+00     1.0000000000E+00
    1.6250000000E+00     1.0000000000E+00
    1.6750000000E+00     1.0000000000E+00
    1.7250000000E+00     1.0000000000E+00
    1.7750000000E+00     1.0000000000E+00
    1.8250000000E+00     1.0000000000E+00
    1.8750000000E+00     1.0000000000E+00
    1.9250000000E+00     1.0000000000E+00
    1.9750000000E+00     1.0000000000E+00
    2.0250000000E+00     1.0000000000E+00
    2.0750000000E+00     1.0000000000E+00
    2.1250000000E+00     1.0000000000E+00
    2.1750000000E+00     1.0000000000E+00
    2.2250000000E+00     1.0000000000E+00
    2.2750000000E+00     1.0000000000E+00
    2.3250000000E+00     1.0000000000E+00
    2.3750000000E+00     1.0000000000E+00
    2.4250000000E+00     1.0000000000E+00
    2.4750000000E+00     1.0000000000E+00
    2.5250000000E+00     1.0000000000E+00
    2.5750000000E+00     1.0000000000E+00
    2.6250000000E+00     1.0000000000E+00
    2.6750000000E+00     1.0000000000E+00
    2.7250000000E+00     1.0000000000E+00
    2.7750000000E+00     1.0000000000E+00
    2.8250000000E+00     1.0000000000E+00
    2.8750000000E+00     1.0000000000E+00
    2.9250000000E+00     1.0000000000E+00
    2.9750000000E+00     1.0000000000E+00
    3.0250000000E+00     1.0000000000E+00
    3.0750000000E+00     1.0000000000E+00
    3.1250000000E+00     1.0000000000E+00
    3.1750000000E+00     1.0000000000E+00
    3.2250000000E+00     1.0000000000E+00
    3.2750000000E+00     1.0000000000E+00
    3.3250000000E+00     1.0000000000E+00
    3.3750000000E+00     1.0000000000E+00
    3.4250000000E+00     1.0000000000E+00
    3.4750000000E+00     1.0000000000E+00
    3.5250000000E+00     1.0000000000E+00
    3.5750000000E+00     1.0000000000E+00
    3.6250000000E+00     1.0000000000E+00
    3.6750000000E+00     1.0000000000E+00
    3.7250000000E+00     1.0000000000E+00
    3.7750000000E+00     1.0000000000E+00
    3.8250000000E+00     1.0000000000E+00
    3.8750000000E+00     1.0000000000E+00
    3.9250000000E+00     1.0000000000E+00
    3.9750000000E+00     1.0000000000E+00
    4.0250000000E+00     1.0000000000E+00
    4.0750000000E+00     1.0000000000E+00
    4.1250000000E+00     1.0000000000E+00
    4.1750000000E+00     1.0000000000E+00
    4.2250000000E+00     1.0000000000E+00
    4.2750000000E+00     1.0000000000E+00
    4.3250000000E+00     1.0000000000E+00
    4.3750000000E+00     1.0000000000E+00
    4.4250000000E+00     1.0000000000E+00
    4.4750000000E+00     1.0000000000E+00
    4.5250000000E+00     1.0000000000E+00
    4.5750000000E+00     1.0000000000E+00
    4.6250000000E+00     1.0000000000E+00
    4.6750000000E+00     1.0000000000E+00
    4.7250000000E+00     1.0000000000E+00
    4.7750000000E+00     1.0000000000E+00
    4.8250000000E+00     1.0000000000E+00
    4.8750000000E+00     1.0000000000E+00
    4.9250000000E+00     1.0000000000E+00
    4.9750000000E+00     1.0000000000E+00
    5.0250000000E+00     1.0000000000E+00
    5.0750000000E+00     1.0000000000E+00
    5.1250000000E+00     1.0000000000E+00
    5.1750000000E+00     1.0000000000E+00
    5.2250000000E+00     1.0000000000E+00
    5.2750000000E+00     1.0000000000E+00
    5.3250000000E+00     1.0000000000E+00
    5.3750000000E+00     1.0000000000E+00
    5.4250000000E+00     1.0000000000E+00
    5.4750000000E+00     1.0000000000E+00
    5.5250000000E+00     1.0000000000E+00
    5.5750000000E+00     1.0000000000E+00
    5.6250000000E+00     1.0000000000E+00
    5.6750000000E+00     1.0000000000E+00
    5.7250000000E+00     1.0000000000E+00
    5.7750000000E+00     1.0000000000E+00
    5.8250000000E+00     1.0000000000E+00
    5.8750000000E+00     1.0000000000E+00
    5.9250000000E+00     1.0000000000E+00
    5.9750000000E+00     1.0000000000E+00
    6.0250000000E+00     1.0000000000E+00
    6.0750000000E+00     1.0000000000E+00
    6.1250000000E+00     1.0000000000E+00
    6.1750000000E+00     1.0000000000E+00
    6.2250000000E+00     1.0000000000E+00
    6.2750000000E+00     1.0000000000E+00
    6.3250000000E+00     1.0000000000E+00
    6.3750000000E+00     1.0000000000E+00
    6.4250000000E+00     1.0000000000E+00
    6.4750000000E+00     1.0000000000E+00
    6.5250000000E+00     1.0000000000E+00
    6.5750000000E+00     1.0000000000E+00
    6.6250000000E+00     1.0000000000E+00
    6.6750000000E+00     1.0000000000E+00
    6.7250000000E+00     1.0000000000E+00
    6.7750000000E+00     1.0000000000E+00
    6.8250000000E+00     1.0000000000E+00
    6.8750000000E+00     1.0000000000E+00
    6.9250000000E+00     1.0000000000E+00
    6.9750000000E+00     1.0000000000E+00
    7.0250000000E+00     1.0000000000E+00
    7.0750000000E+00     1.0000000000E+00
    7.1250000000E+00     1.0000000000E+00
    7.1750000000E+00     1.0000000000E+00
    7.2250000000E+00     1.0000000000E+00
    7.2750000000E+00     1.0000000000E+00
    7.3250000000E+00     1.0000000000E+00
    7.3750000000E+00     1.0000000000E+00
    7.4250000000E+00     9.9999999999E-01
    7.4750000000E+00     9.9999999997E-01
    7.5250000000E+00     9.9999999992E-01
    7.5750000000E+00     9.9999999981E-01
    7.6250000000E+00     9.9999999954E-01
    7.6750000000E+00     9.9999999891E-01
    7.7250000000E+00     9.9999999744E-01
    7.7750000000E+00     9.9999999411E-01
    7.8250000000E+00     9.9999998670E-01
    7.8750000000E+00     9.9999997046E-01
    7.9250000000E+00     9.9999993556E-01
    7.9750000000E+00     9.9999986186E-01
    8.0250000000E+00     9.9999970909E-01
    8.0750000000E+00     9.9999939818E-01
    8.1250000000E+00     9.9999877702E-01
    8.1750000000E+00     9.9999755898E-01
    8.2250000000E+00     9.9999521485E-01
    8.2750000000E+00     9.9999078806E-01
    8.3250000000E+00     9.9998258576E-01
    8.3750000000E+00     9.9996767651E-01
    8.4250000000E+00     9.9994109453E-01
    8.4750000000E+00     9.9989461476E-01
    8.5250000000E+00     9.9981492248E-01
    8.5750000000E+00     9.9968096345E-01
    8.6250000000E+00     9.9946023641E-01
    8.6750000000E+00     9.9910379531E-01
    8.7250000000E+00     9.9853978674E-01
    8.7750000000E+00     9.9766548336E-01
    8.8250000000E+00     9.9633801140E-01
    8.8750000000E+00     9.9436432343E-01
    8.9250000000E+00     9.9149143268E-01
    8.9750000000E+00     9.8739846416E-01
    9.0250000000E+00     9.8169261395E-01
    9.0750000000E+00     9.7391151926E-01
    9.1250000000E+00     9.6353467133E-01
    9.1750000000E+00     9.5000618315E-01
    9.2250000000E+00     9.3277031674E-01
    9.2750000000E+00     9.1131962325E-01
    9.3250000000E+00     8.8525342960E-01
    9.3750000000E+00     8.5434196212E-01
    9.4250000000E+00     8.1858904202E-01
    9.4750000000E+00     7.7828454969E-01
    9.5250000000E+00     7.3403728295E-01
    9.5750000000E+00     6.8677985414E-01
    9.6250000000E+00     6.3774004353E-01
    9.6750000000E+00     5.8837733806E-01
    9.7250000000E+00     5.4028862022E-01
    9.7750000000E+00     4.9509219690E-01
    9.8250000000E+00     4.5430350084E-01
    9.8750000000E+00     4.1921790476E-01
    9.9250000000E+00     3.9081558039E-01
    9.9750000000E+00     3.6970018268E-01
