#t= 3.400000
    2.5000000000E-02     5.8868171983E-02
    7.5000000000E-02     6.8625222624E-02
    1.2500000000E-01     7.9651889715E-02
    1.7500000000E-01     9.2048542483E-02
    2.2500000000E-01     1.0591212379E-01
    2.7500000000E-01     1.2133379404E-01
    3.2500000000E-01     1.3839634843E-01
    3.7500000000E-01     1.5717144583E-01
    4.2500000000E-01     1.7771669934E-01
    4.7500000000E-01     2.0007269042E-01
    5.2500000000E-01     2.2425997936E-01
    5.7500000000E-01     2.5027619506E-01
    6.2500000000E-01     2.7809329482E-01
    6.7500000000E-01     3.0765509110E-01
    7.2500000000E-01     3.3887514460E-01
    7.7500000000E-01     3.7163512312E-01
    8.2500000000E-01     4.0578372115E-01
    8.7500000000E-01     4.4113622734E-01
    9.2500000000E-01     4.7747481484E-01
    9.7500000000E-01     5.1454961364E-01
    1.0250000000E+00     5.5208060427E-01
    1.0750000000E+00     5.8976034960E-01
    1.1250000000E+00     6.2725755617E-01
    1.1750000000E+00     6.6422142931E-01
    1.2250000000E+00     7.0028675908E-01
    1.2750000000E+00     7.3507964629E-01
    1.3250000000E+00     7.6822375226E-01
    1.3750000000E+00     7.9934693288E-01
    1.4250000000E+00     8.2808809793E-01
    1.4750000000E+00     8.5410412185E-01
    1.5250000000E+00     8.7707662309E-01
    1.5750000000E+00     8.9671842590E-01
    1.6250000000E+00     9.1277952202E-01
    1.6750000000E+00     9.2505235950E-01
    1.7250000000E+00     9.3337630264E-01
    1.7750000000E+00     9.3764112907E-01
    1.8250000000E+00     9.3778945763E-01
    1.8750000000E+00     9.3381803234E-01
    1.9250000000E+00     9.2577782231E-01
    1.9750000000E+00     9.1377293369E-01
    2.0250000000E+00     8.9795836600E-01
    2.0750000000E+00     8.7853668063E-01
    2.1250000000E+00     8.5575368142E-01
    2.1750000000E+00     8.2989323639E-01
    2.2250000000E+00     8.0127139284E-01
    2.2750000000E+00     7.7022995661E-01
    2.3250000000E+00     7.3712971751E-01
    2.3750000000E+00     7.0234350795E-01
    2.4250000000E+00     6.6624928051E-01
    2.4750000000E+00     6.2922338184E-01
    2.5250000000E+00     5.9163418684E-01
    2.5750000000E+00     5.5383623842E-01
    2.6250000000E+00     5.1616501524E-01
    2.6750000000E+00     4.7893242433E-01
    2.7250000000E+00     4.4242308804E-01
    2.7750000000E+00     4.0689146653E-01
    2.8250000000E+00     3.7255982960E-01
    2.8750000000E+00     3.3961706539E-01
    2.9250000000E+00     3.0821828971E-01
    2.9750000000E+00     2.7848519920E-01
    3.0250000000E+00     2.5050709445E-01
    3.0750000000E+00     2.2434248602E-01
    3.1250000000E+00     2.0002118757E-01
    3.1750000000E+00     1.7754679517E-01
    3.2250000000E+00     1.5689945090E-01
    3.2750000000E+00     1.3803879125E-01
    3.3250000000E+00     1.2090698649E-01
    3.3750000000E+00     1.0543178479E-01
    3.4250000000E+00     9.1529485214E-02
    3.4750000000E+00     7.9107774684E-02
    3.5250000000E+00     6.8068376120E-02
    3.5750000000E+00     5.8309467177E-02
    3.6250000000E+00     4.9727840963E-02
    3.6750000000E+00     4.2220791408E-02
    3.7250000000E+00     3.5687716263E-02
    3.7750000000E+00     3.0031439780E-02
    3.8250000000E+00     2.5159264796E-02
    3.8750000000E+00     2.0983770166E-02
    3.9250000000E+00     1.7423374248E-02
    3.9750000000E+00     1.4402688442E-02
    4.0250000000E+00     1.1852686858E-02
    4.0750000000E+00     9.7107189736E-03
    4.1250000000E+00     7.9203920439E-03
    4.1750000000E+00     6.4313489901E-03
    4.2250000000E+00     5.1989658749E-03
    4.2750000000E+00     4.1839909495E-03
    4.3250000000E+00     3.3521448213E-03
    4.3750000000E+00     2.6736986951E-03
    4.4250000000E+00     2.1230449892E-03
    4.4750000000E+00     1.6782720447E-03
    4.5250000000E+00     1.3207521961E-03
    4.5750000000E+00     1.0347502223E-03
    4.6250000000E+00     8.0705718691E-04
    4.6750000000E+00     6.2665292716E-04
    4.7250000000E+00     4.8439896544E-04
    4.7750000000E+00     3.7276240138E-04
    4.8250000000E+00     2.8557036938E-04
    4.8750000000E+00     2.1779390578E-04
    4.9250000000E+00     1.6535953041E-04
    4.9750000000E+00     1.2498648474E-04
    5.0250000000E+00     9.4047354390E-05
    5.0750000000E+00     7.0449709823E-05
    5.1250000000E+00     5.2536401273E-05
    5.1750000000E+00     3.9002218317E-05
    5.2250000000E+00     2.8824751037E-05
    5.2750000000E+00     2.1207451345E-05
    5.3250000000E+00     1.5533075148E-05
    5.3750000000E+00     1.1325877202E-05
    5.4250000000E+00     8.2211218817E-06
    5.4750000000E+00     5.9406579901E-06
    5.5250000000E+00     4.2734795630E-06
    5.5750000000E+00     3.0603544043E-06
    5.6250000000E+00     2.1817461480E-06
    5.6750000000E+00     1.5483834116E-06
    5.7250000000E+00     1.0939412350E-06
    5.7750000000E+00     7.6939624357E-07
    5.8250000000E+00     5.3869892889E-07
    5.8750000000E+00     3.7547544738E-07
    5.9250000000E+00     2.6052881454E-07
    5.9750000000E+00     1.7995677483E-07
    6.0250000000E+00     1.2374234567E-07
    6.0750000000E+00     8.4704373169E-08
    6.1250000000E+00     5.7720582588E-08
    6.1750000000E+00     3.9155613140E-08
    6.2250000000E+00     2.6442315699E-08
    6.2750000000E+00     1.7776954689E-08
    6.3250000000E+00     1.1898561647E-08
    6.3750000000E+00     7.9300970682E-09
    6.4250000000E+00     5.2647508203E-09
    6.4750000000E+00     3.4850261218E-09
    6.5250000000E+00     2.3055120083E-09
    6.5750000000E+00     1.5326975149E-09
    6.6250000000E+00     1.0370104680E-09
    6.6750000000E+00     7.3362676917E-10
    6.7250000000E+00     5.6961157655E-10
    6.7750000000E+00     5.1571522557E-10
    6.8250000000E+00     5.6172767843E-10
    6.8750000000E+00     7.1475466056E-10
    6.9250000000E+00     1.0001651033E-09
    6.9750000000E+00     1.4653153760E-09
    7.0250000000E+00     2.1865205415E-09
    7.0750000000E+00     3.2801564950E-09
    7.1250000000E+00     4.9192831589E-09
    7.1750000000E+00     7.3578290333E-09
    7.2250000000E+00     1.0965233616E-08
    7.2750000000E+00     1.6275584307E-08
    7.3250000000E+00     2.4056806743E-08
    7.3750000000E+00     3.5407496893E-08
    7.4250000000E+00     5.1891677726E-08
    7.4750000000E+00     7.5725321952E-08
    7.5250000000E+00     1.1003315440E-07
    7.5750000000E+00     1.5920034188E-07
    7.6250000000E+00     2.2935157426E-07
    7.6750000000E+00     3.2900019962E-07
    7.7250000000E+00     4.6992305248E-07
    7.7750000000E+00     6.6833306648E-07
    7.8250000000E+00     9.4644246230E-07
    7.8750000000E+00     1.3345351387E-06
    7.9250000000E+00     1.8736988796E-06
    7.9750000000E+00     2.6194072501E-06
    8.0250000000E+00     3.6461888099E-06
    8.0750000000E+00     5.0536788259E-06
    8.1250000000E+00     6.9744173349E-06
    8.1750000000E+00     9.5838384832E-06
    8.2250000000E+00     1.3112990716E-05
    8.2750000000E+00     1.7864636537E-05
    8.3250000000E+00     2.4233504742E-05
    8.3750000000E+00     3.2731607254E-05
    8.4250000000E+00     4.4019686151E-05
    8.4750000000E+00     5.8946022401E-05
    8.5250000000E+00     7.8594013109E-05
    8.5750000000E+00     1.0434010412E-04
    8.6250000000E+00     1.3792384302E-04
    8.6750000000E+00     1.8153198544E-04
    8.7250000000E+00     2.3789873363E-04
    8.7750000000E+00     3.1042429720E-04
    8.8250000000E+00     4.0331402510E-04
    8.8750000000E+00     5.2174034592E-04
    8.9250000000E+00     6.7202964892E-04
    8.9750000000E+00     8.6187601712E-04
    9.0250000000E+00     1.1005833600E-03
    9.0750000000E+00     1.3993369622E-03
    9.1250000000E+00     1.7715047392E-03
    9.1750000000E+00     2.2329675488E-03
    9.2250000000E+00     2.8024767306E-03
    9.2750000000E+00     3.5020356164E-03
    9.3250000000E+00     4.3573000789E-03
    9.3750000000E+00     5.3979912556E-03
    9.4250000000E+00     6.6583114379E-03
    9.4750000000E+00     8.1773517764E-03
    9.5250000000E+00     9.9994779791E-03
    9.5750000000E+00     1.2174677657E-02
    9.6250000000E+00     1.4758850480E-02
    9.6750000000E+00     1.7814019975E-02
    9.7250000000E+00     2.1408443765E-02
    9.7750000000E+00     2.5616597457E-02
    9.8250000000E+00     3.0519006405E-02
    9.8750000000E+00     3.6201899373E-02
    9.9250000000E+00     4.2756658897E-02
    9.9750000000E+00     5.0279044996E-02
