#t= 1.120000
    2.5000000000E-02     1.0000000000E+00
    7.5000000000E-02     1.0000000000E+00
    1.2500000000E-01     1.0000000000E+00
    1.7500000000E-01     1.0000000000E+00
    2.2500000000E-01     1.0000000000E+00
    2.7500000000E-01     1.0000000000E+00
    3.2500000000E-01     1.0000000000E+00
    3.7500000000E-01     1.0000000000E+00
    4.2500000000E-01     1.0000000000E+00
    4.7500000000E-01     1.0000000000E+00
    5.2500000000E-01     1.0000000000E+00
    5.7500000000E-01     1.0000000000E+00
    6.2500000000E-01     1.0000000000E+00
    6.7500000000E-01     1.0000000000E+00
    7.2500000000E-01     1.0000000000E+00
    7.7500000000E-01     1.0000000000E+00
    8.2500000000E-01     1.0000000000E+00
    8.7500000000E-01     1.0000000000E+00
    9.2500000000E-01     1.0000000000E+00
    9.7500000000E-01     1.0000000000E+00
    1.0250000000E+00     1.0000000000E+00
    1.0750000000E+00     1.0000000000E+00
    1.1250000000E+00     9.9999999997E-01
    1.1750000000E+00     9.9999999981E-01
    1.2250000000E+00     9.9999999895E-01
    1.2750000000E+00     9.9999999453E-01
    1.3250000000E+00     9.9999997348E-01
    1.3750000000E+00     9.9999987997E-01
    1.4250000000E+00     9.9999949293E-01
    1.4750000000E+00     9.9999799955E-01
    1.5250000000E+00     9.9999262908E-01
    1.5750000000E+00     9.9997463351E-01
    1.6250000000E+00     9.9991847340E-01
    1.6750000000E+00     9.9975535125E-01
    1.7250000000E+00     9.9931474952E-01
    1.7750000000E+00     9.9820925362E-01
    1.8250000000E+00     9.9563607934E-01
    1.8750000000E+00     9.9008871139E-01
    1.9250000000E+00     9.7903320548E-01
    1.9750000000E+00     9.5871187857E-01
    2.0250000000E+00     9.2435438242E-01
    2.0750000000E+00     8.7109959269E-01
    2.1250000000E+00     7.9572621821E-01
    2.1750000000E+00     6.9880609155E-01
    2.2250000000E+00     5.8631850871E-01
    2.2750000000E+00     4.6953880667E-01
    2.3250000000E+00     3.6256742125E-01
    2.3750000000E+00     2.7814396916E-01
    2.4250000000E+00     2.2363282536E-01
    2.4750000000E+00     1.9924456947E-01
    2.5250000000E+00     1.9931039961E-01
    2.5750000000E+00     2.1558693561E-01
    2.6250000000E+00     2.4055027777E-01
    2.6750000000E+00     2.6913544220E-01
    2.7250000000E+00     2.9874692258E-01
    2.7750000000E+00     3.2837784415E-01
    2.8250000000E+00     3.5773422043E-01
    2.8750000000E+00     3.8674135644E-01
    2.9250000000E+00     4.1536682541E-01
    2.9750000000E+00     4.4358237748E-01
    3.0250000000E+00     4.7136016730E-01
    3.0750000000E+00     4.9867278154E-01
    3.1250000000E+00     5.2549326595E-01
    3.1750000000E+00     5.5179515195E-01
    3.2250000000E+00     5.7755248275E-01
    3.2750000000E+00     6.0273983898E-01
    3.3250000000E+00     6.2733236376E-01
    3.3750000000E+00     6.5130578724E-01
    3.4250000000E+00     6.7463645053E-01
    3.4750000000E+00     6.9730132910E-01
    3.5250000000E+00     7.1927805545E-01
    3.5750000000E+00     7.4054494119E-01
    3.6250000000E+00     7.6108099848E-01
    3.6750000000E+00     7.8086596072E-01
    3.7250000000E+00     7.9988030253E-01
    3.7750000000E+00     8.1810525904E-01
    3.8250000000E+00     8.3552284444E-01
    3.8750000000E+00     8.5211586967E-01
    3.9250000000E+00     8.6786795941E-01
    3.9750000000E+00     8.8276356825E-01
    4.0250000000E+00     8.9678799603E-01
    4.0750000000E+00     9.0992740232E-01
    4.1250000000E+00     9.2216882013E-01
    4.1750000000E+00     9.3350016865E-01
    4.2250000000E+00     9.4391026520E-01
    4.2750000000E+00     9.5338883628E-01
    4.3250000000E+00     9.6192652768E-01
    4.3750000000E+00     9.6951491374E-01
    4.4250000000E+00     9.7614650562E-01
    4.4750000000E+00     9.8181475876E-01
    4.5250000000E+00     9.8651407926E-01
    4.5750000000E+00     9.9023982948E-01
    4.6250000000E+00     9.9298833253E-01
    4.6750000000E+00     9.9475687599E-01
    4.7250000000E+00     9.9554371450E-01
    4.7750000000E+00     9.9534807157E-01
    4.8250000000E+00     9.9417014025E-01
    4.8750000000E+00     9.9201108304E-01
    4.9250000000E+00     9.8887303065E-01
    4.9750000000E+00     9.8475907998E-01
    5.0250000000E+00     9.7967329098E-01
    5.0750000000E+00     9.7362068272E-01
    5.1250000000E+00     9.6660722839E-01
    5.1750000000E+00     9.5863984943E-01
    5.2250000000E+00     9.4972640867E-01
    5.2750000000E+00     9.3987570261E-01
    5.3250000000E+00     9.2909745271E-01
    5.3750000000E+00     9.1740229579E-01
    5.4250000000E+00     9.0480177356E-01
    5.4750000000E+00     8.9130832122E-01
    5.5250000000E+00     8.7693525518E-01
    5.5750000000E+00     8.6169675992E-01
    5.6250000000E+00     8.4560787398E-01
    5.6750000000E+00     8.2868447517E-01
    5.7250000000E+00     8.1094326483E-01
    5.7750000000E+00     7.9240175139E-01
    5.8250000000E+00     7.7307823309E-01
    5.8750000000E+00     7.5299177991E-01
    5.9250000000E+00     7.3216221475E-01
    5.9750000000E+00     7.1061009388E-01
    6.0250000000E+00     6.8835668664E-01
    6.0750000000E+00     6.6542395446E-01
    6.1250000000E+00     6.4183452917E-01
    6.1750000000E+00     6.1761169070E-01
    6.2250000000E+00     5.9277934405E-01
    6.2750000000E+00     5.6736199575E-01
    6.3250000000E+00     5.4138472966E-01
    6.3750000000E+00     5.1487318221E-01
    6.4250000000E+00     4.8785351708E-01
    6.4750000000E+00     4.6035239944E-01
    6.5250000000E+00     4.3239696955E-01
    6.5750000000E+00     4.0401481606E-01
    6.6250000000E+00     3.7523394873E-01
    6.6750000000E+00     3.4608277079E-01
    6.7250000000E+00     3.1659005093E-01
    6.7750000000E+00     2.8678489492E-01
    6.8250000000E+00     2.5669671684E-01
    6.8750000000E+00     2.2635521010E-01
    6.9250000000E+00     1.9579031809E-01
    6.9750000000E+00     1.6503220467E-01
    7.0250000000E+00     1.3411122440E-01
    7.0750000000E+00     1.0305789253E-01
    7.1250000000E+00     7.1902854969E-02
    7.1750000000E+00     4.0676857970E-02
    7.2250000000E+00     9.4107178232E-03
    7.2750000000E+00    -2.1864709566E-02
    7.3250000000E+00    -5.3118559126E-02
    7.3750000000E+00    -8.4319987082E-02
    7.4250000000E+00    -1.1543820139E-01
    7.4750000000E+00    -1.4644249213E-01
    7.5250000000E+00    -1.7730226181E-01
    7.5750000000E+00    -2.0798705557E-01
    7.6250000000E+00    -2.3846659121E-01
    7.6750000000E+00    -2.6871078912E-01
    7.7250000000E+00    -2.9868980192E-01
    7.7750000000E+00    -3.2837404394E-01
    7.8250000000E+00    -3.5773422043E-01
    7.8750000000E+00    -3.8674135644E-01
    7.9250000000E+00    -4.1536682541E-01
    7.9750000000E+00    -4.4358237748E-01
    8.0250000000E+00    -4.7136016730E-01
    8.0750000000E+00    -4.9867278154E-01
    8.1250000000E+00    -5.2549326595E-01
    8.1750000000E+00    -5.5179515195E-01
    8.2250000000E+00    -5.7755248275E-01
    8.2750000000E+00    -6.0273983898E-01
    8.3250000000E+00    -6.2733236376E-01
    8.3750000000E+00    -6.5130578724E-01
    8.4250000000E+00    -6.7463645053E-01
    8.4750000000E+00    -6.9730132910E-01
    8.5250000000E+00    -7.1927805545E-01
    8.5750000000E+00    -7.4054494119E-01
    8.6250000000E+00    -7.6108099848E-01
    8.6750000000E+00    -7.8086596072E-01
    8.7250000000E+00    -7.9988030253E-01
    8.7750000000E+00    -8.1810525904E-01
    8.8250000000E+00    -8.3552284444E-01
    8.8750000000E+00    -8.5211586967E-01
    8.9250000000E+00    -8.6786795941E-01
    8.9750000000E+00    -8.8276356825E-01
    9.0250000000E+00    -8.9678799603E-01
    9.0750000000E+00    -9.0992740232E-01
    9.1250000000E+00    -9.2216882013E-01
    9.1750000000E+00    -9.3350016865E-01
    9.2250000000E+00    -9.4391026520E-01
    9.2750000000E+00    -9.5338883628E-01
    9.3250000000E+00    -9.6192652768E-01
    9.3750000000E+00    -9.6951491374E-01
    9.4250000000E+00    -9.7614650562E-01
    9.4750000000E+00    -9.8181475876E-01
    9.5250000000E+00    -9.8651407926E-01
    9.5750000000E+00    -9.9023982948E-01
    9.6250000000E+00    -9.9298833253E-01
    9.6750000000E+00    -9.9475687599E-01
    9.7250000000E+00    -9.9554371450E-01
    9.7750000000E+00    -9.9534807157E-01
    9.8250000000E+00    -9.9417014025E-01
    9.8750000000E+00    -9.9201108304E-01
    9.9250000000E+00    -9.8887303065E-01
    9.9750000000E+00    -9.8475907998E-01
