#t= 3.560000
    2.5000000000E-02     2.0285122553E-02
    7.5000000000E-02     2.4289179412E-02
    1.2500000000E-01     2.8958248913E-02
    1.7500000000E-01     3.4376004723E-02
    2.2500000000E-01     4.0631378335E-02
    2.7500000000E-01     4.7817862835E-02
    3.2500000000E-01     5.6032580114E-02
    3.7500000000E-01     6.5375094667E-02
    4.2500000000E-01     7.5945962470E-02
    4.7500000000E-01     8.7845010080E-02
    5.2500000000E-01     1.0116934717E-01
    5.7500000000E-01     1.1601112491E-01
    6.2500000000E-01     1.3245506297E-01
    6.7500000000E-01     1.5057577894E-01
    7.2500000000E-01     1.7043496540E-01
    7.7500000000E-01     1.9207847160E-01
    8.2500000000E-01     2.1553335754E-01
    8.7500000000E-01     2.4080499843E-01
    9.2500000000E-01     2.6787432602E-01
    9.7500000000E-01     2.9669529977E-01
    1.0250000000E+00     3.2719270467E-01
    1.0750000000E+00     3.5926037301E-01
    1.1250000000E+00     3.9275992515E-01
    1.1750000000E+00     4.2752011728E-01
    1.2250000000E+00     4.6333687405E-01
    1.2750000000E+00     4.9997406973E-01
    1.3250000000E+00     5.3716510337E-01
    1.3750000000E+00     5.7461529258E-01
    1.4250000000E+00     6.1200508640E-01
    1.4750000000E+00     6.4899407209E-01
    1.5250000000E+00     6.8522572383E-01
    1.5750000000E+00     7.2033281433E-01
    1.6250000000E+00     7.5394338469E-01
    1.6750000000E+00     7.8568714397E-01
    1.7250000000E+00     8.1520214978E-01
    1.7750000000E+00     8.4214160462E-01
    1.8250000000E+00     8.6618059210E-01
    1.8750000000E+00     8.8702257118E-01
    1.9250000000E+00     9.0440544818E-01
    1.9750000000E+00     9.1810705297E-01
    2.0250000000E+00     9.2794985981E-01
    2.0750000000E+00     9.3380481273E-01
    2.1250000000E+00     9.3559414028E-01
    2.1750000000E+00     9.3329307382E-01
    2.2250000000E+00     9.2693041641E-01
    2.2750000000E+00     9.1658794406E-01
    2.3250000000E+00     9.0239865657E-01
    2.3750000000E+00     8.8454393049E-01
    2.4250000000E+00     8.6324965919E-01
    2.4750000000E+00     8.3878149504E-01
    2.5250000000E+00     8.1143933391E-01
    2.5750000000E+00     7.8155120183E-01
    2.6250000000E+00     7.4946671816E-01
    2.6750000000E+00     7.1555031687E-01
    2.7250000000E+00     6.8017440877E-01
    2.7750000000E+00     6.4371266259E-01
    2.8250000000E+00     6.0653357143E-01
    2.8750000000E+00     5.6899445539E-01
    2.9250000000E+00     5.3143603006E-01
    2.9750000000E+00     4.9417764727E-01
    3.0250000000E+00     4.5751328787E-01
    3.0750000000E+00     4.2170835927E-01
    3.1250000000E+00     3.8699732326E-01
    3.1750000000E+00     3.5358215319E-01
    3.2250000000E+00     3.2163159540E-01
    3.2750000000E+00     2.9128118806E-01
    3.3250000000E+00     2.6263397255E-01
    3.3750000000E+00     2.3576181747E-01
    3.4250000000E+00     2.1070726532E-01
    3.4750000000E+00     1.8748580477E-01
    3.5250000000E+00     1.6608846898E-01
    3.5750000000E+00     1.4648466115E-01
    3.6250000000E+00     1.2862511231E-01
    3.6750000000E+00     1.1244488352E-01
    3.7250000000E+00     9.7866332801E-02
    3.7750000000E+00     8.4801978224E-02
    3.8250000000E+00     7.3157199568E-02
    3.8750000000E+00     6.2832732986E-02
    3.9250000000E+00     5.3726924996E-02
    3.9750000000E+00     4.5737723453E-02
    4.0250000000E+00     3.8764393754E-02
    4.0750000000E+00     3.2708957987E-02
    4.1250000000E+00     2.7477362929E-02
    4.1750000000E+00     2.2980389609E-02
    4.2250000000E+00     1.9134322472E-02
    4.2750000000E+00     1.5861400173E-02
    4.3250000000E+00     1.3090072602E-02
    4.3750000000E+00     1.0755090172E-02
    4.4250000000E+00     8.7974517166E-03
    4.4750000000E+00     7.1642367855E-03
    4.5250000000E+00     5.8083468391E-03
    4.5750000000E+00     4.6881779911E-03
    4.6250000000E+00     3.7672457263E-03
    4.6750000000E+00     3.0137795486E-03
    4.7250000000E+00     2.4003029434E-03
    4.7750000000E+00     1.9032114680E-03
    4.8250000000E+00     1.5023593166E-03
    4.8750000000E+00     1.1806623983E-03
    4.9250000000E+00     9.2372387165E-04
    4.9750000000E+00     7.1948623348E-04
    5.0250000000E+00     5.5791246599E-04
    5.0750000000E+00     4.3069741630E-04
    5.1250000000E+00     3.3100950226E-04
    5.1750000000E+00     2.5326199228E-04
    5.2250000000E+00     1.9291247336E-04
    5.2750000000E+00     1.4628867350E-04
    5.3250000000E+00     1.1043851718E-04
    5.3750000000E+00     8.3002137077E-05
    5.4250000000E+00     6.2103516904E-05
    5.4750000000E+00     4.6259474912E-05
    5.5250000000E+00     3.4303794119E-05
    5.5750000000E+00     2.5324445275E-05
    5.6250000000E+00     1.8612016194E-05
    5.6750000000E+00     1.3617643827E-05
    5.7250000000E+00     9.9189330844E-06
    5.7750000000E+00     7.1925313321E-06
    5.8250000000E+00     5.1922040243E-06
    5.8750000000E+00     3.7314213679E-06
    5.9250000000E+00     2.6696158352E-06
    5.9750000000E+00     1.9014046407E-06
    6.0250000000E+00     1.3481897080E-06
    6.0750000000E+00     9.5165058293E-07
    6.1250000000E+00     6.6873408075E-07
    6.1750000000E+00     4.6781937260E-07
    6.2250000000E+00     3.2580004447E-07
    6.2750000000E+00     2.2587682289E-07
    6.3250000000E+00     1.5589753337E-07
    6.3750000000E+00     1.0711577286E-07
    6.4250000000E+00     7.3267958037E-08
    6.4750000000E+00     4.9890962498E-08
    6.5250000000E+00     3.3820453749E-08
    6.5750000000E+00     2.2824132535E-08
    6.6250000000E+00     1.5335085957E-08
    6.6750000000E+00     1.0259002388E-08
    6.7250000000E+00     6.8355673305E-09
    6.7750000000E+00     4.5393822989E-09
    6.8250000000E+00     3.0095626691E-09
    6.8750000000E+00     2.0000483655E-09
    6.9250000000E+00     1.3448212551E-09
    6.9750000000E+00     9.3383788307E-10
    7.0250000000E+00     6.9669177238E-10
    7.0750000000E+00     5.9192283555E-10
    7.1250000000E+00     6.0057676805E-10
    7.1750000000E+00     7.2315176868E-10
    7.2250000000E+00     9.7950840804E-10
    7.2750000000E+00     1.4117076770E-09
    7.3250000000E+00     2.0901245765E-09
    7.3750000000E+00     3.1236015900E-09
    7.4250000000E+00     4.6749021156E-09
    7.4750000000E+00     6.9833486200E-09
    7.5250000000E+00     1.0397343970E-08
    7.5750000000E+00     1.5420551285E-08
    7.6250000000E+00     2.2776940863E-08
    7.6750000000E+00     3.3501819997E-08
    7.7250000000E+00     4.9068491529E-08
    7.7750000000E+00     7.1563527061E-08
    7.8250000000E+00     1.0392802499E-07
    7.8750000000E+00     1.5028794240E-07
    7.9250000000E+00     2.1640400043E-07
    7.9750000000E+00     3.1028119913E-07
    8.0250000000E+00     4.4299016326E-07
    8.0750000000E+00     6.2976799576E-07
    8.1250000000E+00     8.9148577075E-07
    8.1750000000E+00     1.2565940959E-06
    8.2250000000E+00     1.7636882753E-06
    8.2750000000E+00     2.4648715788E-06
    8.3250000000E+00     3.4301401476E-06
    8.3750000000E+00     4.7530673750E-06
    8.4250000000E+00     6.5581304894E-06
    8.4750000000E+00     9.0100987797E-06
    8.5250000000E+00     1.2325992603E-05
    8.5750000000E+00     1.6790225953E-05
    8.6250000000E+00     2.2773663548E-05
    8.6750000000E+00     3.0757456218E-05
    8.7250000000E+00     4.1362665264E-05
    8.7750000000E+00     5.5386845833E-05
    8.8250000000E+00     7.3848928595E-05
    8.8750000000E+00     9.8043913830E-05
    8.9250000000E+00     1.2960906660E-04
    8.9750000000E+00     1.7060346807E-04
    9.0250000000E+00     2.2360292572E-04
    9.0750000000E+00     2.9181236220E-04
    9.1250000000E+00     3.7919787209E-04
    9.1750000000E+00     4.9064064176E-04
    9.2250000000E+00     6.3211484753E-04
    9.2750000000E+00     8.1089145959E-04
    9.3250000000E+00     1.0357695595E-03
    9.3750000000E+00     1.3173363014E-03
    9.4250000000E+00     1.6682559876E-03
    9.4750000000E+00     2.1035878639E-03
    9.5250000000E+00     2.6411311492E-03
    9.5750000000E+00     3.3017944854E-03
    9.6250000000E+00     4.1099854176E-03
    9.6750000000E+00     5.0940136961E-03
    9.7250000000E+00     6.2865001536E-03
    9.7750000000E+00     7.7247806693E-03
    9.8250000000E+00     9.4512923587E-03
    9.8750000000E+00     1.1513926664E-02
    9.9250000000E+00     1.3966331581E-02
    9.9750000000E+00     1.6868142939E-02
