#t= 2.000000
    2.5000000000E-02     1.0000000000E+00
    7.5000000000E-02     1.0000000000E+00
    1.2500000000E-01     1.0000000000E+00
    1.7500000000E-01     1.0000000000E+00
    2.2500000000E-01     1.0000000000E+00
    2.7500000000E-01     1.0000000000E+00
    3.2500000000E-01     1.0000000000E+00
    3.7500000000E-01     1.0000000000E+00
    4.2500000000E-01     1.0000000000E+00
    4.7500000000E-01     1.0000000000E+00
    5.2500000000E-01     1.0000000000E+00
    5.7500000000E-01     1.0000000000E+00
    6.2500000000E-01     1.0000000000E+00
    6.7500000000E-01     1.0000000000E+00
    7.2500000000E-01     1.0000000000E+00
    7.7500000000E-01     1.0000000000E+00
    8.2500000000E-01     1.0000000000E+00
    8.7500000000E-01     1.0000000000E+00
    9.2500000000E-01     1.0000000000E+00
    9.7500000000E-01     1.0000000000E+00
    1.0250000000E+00     1.0000000000E+00
    1.0750000000E+00     1.0000000000E+00
    1.1250000000E+00     1.0000000000E+00
    1.1750000000E+00     1.0000000000E+00
    1.2250000000E+00     1.0000000000E+00
    1.2750000000E+00     1.0000000000E+00
    1.3250000000E+00     1.0000000000E+00
    1.3750000000E+00     1.0000000000E+00
    1.4250000000E+00     1.0000000000E+00
    1.4750000000E+00     1.0000000000E+00
    1.5250000000E+00     1.0000000000E+00
    1.5750000000E+00     1.0000000000E+00
    1.6250000000E+00     1.0000000000E+00
    1.6750000000E+00     1.0000000000E+00
    1.7250000000E+00     1.0000000000E+00
    1.7750000000E+00     1.0000000000E+00
    1.8250000000E+00     1.0000000000E+00
    1.8750000000E+00     1.0000000000E+00
    1.9250000000E+00     1.0000000000E+00
    1.9750000000E+00     1.0000000000E+00
    2.0250000000E+00     1.0000000000E+00
    2.0750000000E+00     1.0000000000E+00
    2.1250000000E+00     1.0000000000E+00
    2.1750000000E+00     1.0000000000E+00
    2.2250000000E+00     1.0000000000E+00
    2.2750000000E+00     1.0000000000E+00
    2.3250000000E+00     1.0000000000E+00
    2.3750000000E+00     1.0000000000E+00
    2.4250000000E+00     1.0000000000E+00
    2.4750000000E+00     9.9999999999E-01
    2.5250000000E+00     9.9999999998E-01
    2.5750000000E+00     9.9999999992E-01
    2.6250000000E+00     9.9999999968E-01
    2.6750000000E+00     9.9999999884E-01
    2.7250000000E+00     9.9999999590E-01
    2.7750000000E+00     9.9999998608E-01
    2.8250000000E+00     9.9999995454E-01
    2.8750000000E+00     9.9999985723E-01
    2.9250000000E+00     9.9999956892E-01
    2.9750000000E+00     9.9999874878E-01
    3.0250000000E+00     9.9999650946E-01
    3.0750000000E+00     9.9999064270E-01
    3.1250000000E+00     9.9997590010E-01
    3.1750000000E+00     9.9994038096E-01
    3.2250000000E+00     9.9985837157E-01
    3.2750000000E+00     9.9967700588E-01
    3.3250000000E+00     9.9929304102E-01
    3.3750000000E+00     9.9851536034E-01
    3.4250000000E+00     9.9700949875E-01
    3.4750000000E+00     9.9422394275E-01
    3.5250000000E+00     9.8930563337E-01
    3.5750000000E+00     9.8102447971E-01
    3.6250000000E+00     9.6774183939E-01
    3.6750000000E+00     9.4747018461E-01
    3.7250000000E+00     9.1807126280E-01
    3.7750000000E+00     8.7761792670E-01
    3.8250000000E+00     8.2489562862E-01
    3.8750000000E+00     7.5995094103E-01
    3.9250000000E+00     6.8453017392E-01
    3.9750000000E+00     6.0222622174E-01
    4.0250000000E+00     5.1819669099E-01
    4.0750000000E+00     4.3843603889E-01
    4.1250000000E+00     3.6874445640E-01
    4.1750000000E+00     3.1366964632E-01
    4.2250000000E+00     2.7573558090E-01
    4.2750000000E+00     2.5518404566E-01
    4.3250000000E+00     2.5027198404E-01
    4.3750000000E+00     2.5797293923E-01
    4.4250000000E+00     2.7481325758E-01
    4.4750000000E+00     2.9757853170E-01
    4.5250000000E+00     3.2373229238E-01
    4.5750000000E+00     3.5152956751E-01
    4.6250000000E+00     3.7991282401E-01
    4.6750000000E+00     4.0831302534E-01
    4.7250000000E+00     4.3645414502E-01
    4.7750000000E+00     4.6421002866E-01
    4.8250000000E+00     4.9151993767E-01
    4.8750000000E+00     5.1834743903E-01
    4.9250000000E+00     5.4466385484E-01
    4.9750000000E+00     5.7044281218E-01
    5.0250000000E+00     5.9565881631E-01
    5.0750000000E+00     6.2028697731E-01
    5.1250000000E+00     6.4430298995E-01
    5.1750000000E+00     6.6768315333E-01
    5.2250000000E+00     6.9040439405E-01
    5.2750000000E+00     7.1244428898E-01
    5.3250000000E+00     7.3378108742E-01
    5.3750000000E+00     7.5439373251E-01
    5.4250000000E+00     7.7426188206E-01
    5.4750000000E+00     7.9336592862E-01
    5.5250000000E+00     8.1168701879E-01
    5.5750000000E+00     8.2920707187E-01
    5.6250000000E+00     8.4590879768E-01
    5.6750000000E+00     8.6177571363E-01
    5.7250000000E+00     8.7679216100E-01
    5.7750000000E+00     8.9094332036E-01
    5.8250000000E+00     9.0421522623E-01
    5.8750000000E+00     9.1659478084E-01
    5.9250000000E+00     9.2806976706E-01
    5.9750000000E+00     9.3862886047E-01
    6.0250000000E+00     9.4826164051E-01
    6.0750000000E+00     9.5695860081E-01
    6.1250000000E+00     9.6471115849E-01
    6.1750000000E+00     9.7151166274E-01
    6.2250000000E+00     9.7735340226E-01
    6.2750000000E+00     9.8223061198E-01
    6.3250000000E+00     9.8613847867E-01
    6.3750000000E+00     9.8907314573E-01
    6.4250000000E+00     9.9103171702E-01
    6.4750000000E+00     9.9201225964E-01
    6.5250000000E+00     9.9201380594E-01
    6.5750000000E+00     9.9103635437E-01
    6.6250000000E+00     9.8908086958E-01
    6.6750000000E+00     9.8614928138E-01
    6.7250000000E+00     9.8224448289E-01
    6.7750000000E+00     9.7737032769E-01
    6.8250000000E+00     9.7153162598E-01
    6.8750000000E+00     9.6473413984E-01
    6.9250000000E+00     9.5698457759E-01
    6.9750000000E+00     9.4829058709E-01
    7.0250000000E+00     9.3866074827E-01
    7.0750000000E+00     9.2810456462E-01
    7.1250000000E+00     9.1663245382E-01
    7.1750000000E+00     9.0425573745E-01
    7.2250000000E+00     8.9098662984E-01
    7.2750000000E+00     8.7683822599E-01
    7.3250000000E+00     8.6182448868E-01
    7.3750000000E+00     8.4596023465E-01
    7.4250000000E+00     8.2926112000E-01
    7.4750000000E+00     8.1174362474E-01
    7.5250000000E+00     7.9342503653E-01
    7.5750000000E+00     7.7432343360E-01
    7.6250000000E+00     7.5445766692E-01
    7.6750000000E+00     7.3384734161E-01
    7.7250000000E+00     7.1251279758E-01
    7.7750000000E+00     6.9047508944E-01
    7.8250000000E+00     6.6775596575E-01
    7.8750000000E+00     6.4437784753E-01
    7.9250000000E+00     6.2036380618E-01
    7.9750000000E+00     5.9573754065E-01
    8.0250000000E+00     5.7052335409E-01
    8.0750000000E+00     5.4474612986E-01
    8.1250000000E+00     5.1843130697E-01
    8.1750000000E+00     4.9160485497E-01
    8.2250000000E+00     4.6429324833E-01
    8.2750000000E+00     4.3652344031E-01
    8.3250000000E+00     4.0832283636E-01
    8.3750000000E+00     3.7971926706E-01
    8.4250000000E+00     3.5074096069E-01
    8.4750000000E+00     3.2141651534E-01
    8.5250000000E+00     2.9177487069E-01
    8.5750000000E+00     2.6184527947E-01
    8.6250000000E+00     2.3165727857E-01
    8.6750000000E+00     2.0124065991E-01
    8.7250000000E+00     1.7062544101E-01
    8.7750000000E+00     1.3984183541E-01
    8.8250000000E+00     1.0892022279E-01
    8.8750000000E+00     7.7891119064E-02
    8.9250000000E+00     4.6785146207E-02
    8.9750000000E+00     1.5633002060E-02
    9.0250000000E+00    -1.5534569973E-02
    9.0750000000E+00    -4.6686811261E-02
    9.1250000000E+00    -7.7792978303E-02
    9.1750000000E+00    -1.0882237307E-01
    9.2250000000E+00    -1.3974437329E-01
    9.2750000000E+00    -1.7052846268E-01
    9.3250000000E+00    -2.0114426107E-01
    9.3750000000E+00    -2.3156155436E-01
    9.4250000000E+00    -2.6175032436E-01
    9.4750000000E+00    -2.9168077838E-01
    9.5250000000E+00    -3.2132337869E-01
    9.5750000000E+00    -3.5064887162E-01
    9.6250000000E+00    -3.7962831645E-01
    9.6750000000E+00    -4.0823311396E-01
    9.7250000000E+00    -4.3643503468E-01
    9.7750000000E+00    -4.6420624670E-01
    9.8250000000E+00    -4.9151934321E-01
    9.8750000000E+00    -5.1834736947E-01
    9.9250000000E+00    -5.4466384945E-01
    9.9750000000E+00    -5.7044281197E-01
