#t= 0.920000
    2.5000000000E-02     5.4339358455E-05
    7.5000000000E-02     3.9832292945E-05
    1.2500000000E-01     2.9056811933E-05
    1.7500000000E-01     2.1093675752E-05
    2.2500000000E-01     1.5238703223E-05
    2.7500000000E-01     1.0955570365E-05
    3.2500000000E-01     7.8381397836E-06
    3.7500000000E-01     5.5806121598E-06
    4.2500000000E-01     3.9540421780E-06
    4.7500000000E-01     2.7879897274E-06
    5.2500000000E-01     1.9562810643E-06
    5.7500000000E-01     1.3660334666E-06
    6.2500000000E-01     9.4925136321E-07
    6.7500000000E-01     6.5643347216E-07
    7.2500000000E-01     4.5174109627E-07
    7.7500000000E-01     3.0936962909E-07
    8.2500000000E-01     2.1084084140E-07
    8.7500000000E-01     1.4299491404E-07
    9.2500000000E-01     9.6510602173E-08
    9.7500000000E-01     6.4821315701E-08
    1.0250000000E+00     4.3326024267E-08
    1.0750000000E+00     2.8818263929E-08
    1.1250000000E+00     1.9075440186E-08
    1.1750000000E+00     1.2565185413E-08
    1.2250000000E+00     8.2366501759E-09
    1.2750000000E+00     5.3730338278E-09
    1.3250000000E+00     3.4879946472E-09
    1.3750000000E+00     2.2533067959E-09
    1.4250000000E+00     1.4486328875E-09
    1.4750000000E+00     9.2685623986E-10
    1.5250000000E+00     5.9029764386E-10
    1.5750000000E+00     3.7450505930E-10
    1.6250000000E+00     2.3728530659E-10
    1.6750000000E+00     1.5134591960E-10
    1.7250000000E+00     9.9410683906E-11
    1.7750000000E+00     7.1025912700E-11
    1.8250000000E+00     6.0535584753E-11
    1.8750000000E+00     6.5906770111E-11
    1.9250000000E+00     8.8248501451E-11
    1.9750000000E+00     1.3198881596E-10
    2.0250000000E+00     2.0575899533E-10
    2.0750000000E+00     3.2410424586E-10
    2.1250000000E+00     5.1024017220E-10
    2.1750000000E+00     8.0024532704E-10
    2.2250000000E+00     1.2493362386E-09
    2.2750000000E+00     1.9412089104E-09
    2.3250000000E+00     3.0018640156E-09
    2.3750000000E+00     4.6199180409E-09
    2.4250000000E+00     7.0762276329E-09
    2.4750000000E+00     1.0786819001E-08
    2.5250000000E+00     1.6364730744E-08
    2.5750000000E+00     2.4708593038E-08
    2.6250000000E+00     3.7128777644E-08
    2.6750000000E+00     5.5526023451E-08
    2.7250000000E+00     8.2642906060E-08
    2.7750000000E+00     1.2241580076E-07
    2.8250000000E+00     1.8046461768E-07
    2.8750000000E+00     2.6477022542E-07
    2.9250000000E+00     3.8660593460E-07
    2.9750000000E+00     5.6181066517E-07
    3.0250000000E+00     8.1251864168E-07
    3.0750000000E+00     1.1694950254E-06
    3.1250000000E+00     1.6752703924E-06
    3.1750000000E+00     2.3883212083E-06
    3.2250000000E+00     3.3886104277E-06
    3.2750000000E+00     4.7848842248E-06
    3.3250000000E+00     6.7242198701E-06
    3.3750000000E+00     9.4044381522E-06
    3.4250000000E+00     1.3090133555E-05
    3.4750000000E+00     1.8133238365E-05
    3.5250000000E+00     2.4999224067E-05
    3.5750000000E+00     3.4300255019E-05
    3.6250000000E+00     4.6836844186E-05
    3.6750000000E+00     6.3649815956E-05
    3.7250000000E+00     8.6084651324E-05
    3.7750000000E+00     1.1587056823E-04
    3.8250000000E+00     1.5521696310E-04
    3.8750000000E+00     2.0693009345E-04
    3.9250000000E+00     2.7455309612E-04
    3.9750000000E+00     3.6253258684E-04
    4.0250000000E+00     4.7641514544E-04
    4.0750000000E+00     6.2307692273E-04
    4.1250000000E+00     8.1098937150E-04
    4.1750000000E+00     1.0505236642E-03
    4.2250000000E+00     1.3542956684E-03
    4.2750000000E+00     1.7375523677E-03
    4.3250000000E+00     2.2185992922E-03
    4.3750000000E+00     2.8192668357E-03
    4.4250000000E+00     3.5654112490E-03
    4.4750000000E+00     4.4874436034E-03
    4.5250000000E+00     5.6208771314E-03
    4.5750000000E+00     7.0068800889E-03
    4.6250000000E+00     8.6928177184E-03
    4.6750000000E+00     1.0732763111E-02
    4.7250000000E+00     1.3187952894E-02
    4.7750000000E+00     1.6127159887E-02
    4.8250000000E+00     1.9626951333E-02
    4.8750000000E+00     2.3771798344E-02
    4.9250000000E+00     2.8653999921E-02
    4.9750000000E+00     3.4373383792E-02
    5.0250000000E+00     4.1036746417E-02
    5.0750000000E+00     4.8756996345E-02
    5.1250000000E+00     5.7651968735E-02
    5.1750000000E+00     6.7842884612E-02
    5.2250000000E+00     7.9452436370E-02
    5.2750000000E+00     9.2602491272E-02
    5.3250000000E+00     1.0741141711E-01
    5.3750000000E+00     1.2399104868E-01
    5.4250000000E+00     1.4244332979E-01
    5.4750000000E+00     1.6285668301E-01
    5.5250000000E+00     1.8530217742E-01
    5.5750000000E+00     2.0982958223E-01
    5.6250000000E+00     2.3646341154E-01
    5.6750000000E+00     2.6519908025E-01
    5.7250000000E+00     2.9599930352E-01
    5.7750000000E+00     3.2879088070E-01
    5.8250000000E+00     3.6346200831E-01
    5.8750000000E+00     3.9986026536E-01
    5.9250000000E+00     4.3779140654E-01
    5.9750000000E+00     4.7701908500E-01
    6.0250000000E+00     5.1726560628E-01
    6.0750000000E+00     5.5821378868E-01
    6.1250000000E+00     5.9950997336E-01
    6.1750000000E+00     6.4076819117E-01
    6.2250000000E+00     6.8157545348E-01
    6.2750000000E+00     7.2149809243E-01
    6.3250000000E+00     7.6008903453E-01
    6.3750000000E+00     7.9689585124E-01
    6.4250000000E+00     8.3146939402E-01
    6.4750000000E+00     8.6337278996E-01
    6.5250000000E+00     8.9219055068E-01
    6.5750000000E+00     9.1753753163E-01
    6.6250000000E+00     9.3906747316E-01
    6.6750000000E+00     9.5648085966E-01
    6.7250000000E+00     9.6953184760E-01
    6.7750000000E+00     9.7803403889E-01
    6.8250000000E+00     9.8186490986E-01
    6.8750000000E+00     9.8096874908E-01
    6.9250000000E+00     9.7535800535E-01
    6.9750000000E+00     9.6511300036E-01
    7.0250000000E+00     9.5038001530E-01
    7.0750000000E+00     9.3136781507E-01
    7.1250000000E+00     9.0834272559E-01
    7.1750000000E+00     8.8162242641E-01
    7.2250000000E+00     8.5156866096E-01
    7.2750000000E+00     8.1857909789E-01
    7.3250000000E+00     7.8307859934E-01
    7.3750000000E+00     7.4551016318E-01
    7.4250000000E+00     7.0632580748E-01
    7.4750000000E+00     6.6597765665E-01
    7.5250000000E+00     6.2490947008E-01
    7.5750000000E+00     5.8354882793E-01
    7.6250000000E+00     5.4230015525E-01
    7.6750000000E+00     5.0153872800E-01
    7.7250000000E+00     4.6160576320E-01
    7.7750000000E+00     4.2280465354E-01
    7.8250000000E+00     3.8539836528E-01
    7.8750000000E+00     3.4960797944E-01
    7.9250000000E+00     3.1561232074E-01
    7.9750000000E+00     2.8354858906E-01
    8.0250000000E+00     2.5351388328E-01
    8.0750000000E+00     2.2556748948E-01
    8.1250000000E+00     1.9973379373E-01
    8.1750000000E+00     1.7600567414E-01
    8.2250000000E+00     1.5434822728E-01
    8.2750000000E+00     1.3470268978E-01
    8.3250000000E+00     1.1699042575E-01
    8.3750000000E+00     1.0111686420E-01
    8.4250000000E+00     8.6975286694E-02
    8.4750000000E+00     7.4450383005E-02
    8.5250000000E+00     6.3421510564E-02
    8.5750000000E+00     5.3765611852E-02
    8.6250000000E+00     4.5359760775E-02
    8.6750000000E+00     3.8083324924E-02
    8.7250000000E+00     3.1819744488E-02
    8.7750000000E+00     2.6457940324E-02
    8.8250000000E+00     2.1893373178E-02
    8.8750000000E+00     1.8028783253E-02
    8.9250000000E+00     1.4774644300E-02
    8.9750000000E+00     1.2049369363E-02
    9.0250000000E+00     9.7793064691E-03
    9.0750000000E+00     7.8985621486E-03
    9.1250000000E+00     6.3486890420E-03
    9.1750000000E+00     5.0782712469E-03
    9.2250000000E+00     4.0424377783E-03
    9.2750000000E+00     3.2023308144E-03
    9.3250000000E+00     2.5245515040E-03
    9.3750000000E+00     1.9806021969E-03
    9.4250000000E+00     1.5463402057E-03
    9.4750000000E+00     1.2014546981E-03
    9.5250000000E+00     9.2897516351E-04
    9.5750000000E+00     7.1481712432E-04
    9.6250000000E+00     5.4736840494E-04
    9.6750000000E+00     4.1711732331E-04
    9.7250000000E+00     3.1632261587E-04
    9.7750000000E+00     2.3872371632E-04
    9.8250000000E+00     1.7928914187E-04
    9.8750000000E+00     1.3400015511E-04
    9.9250000000E+00     9.9666520463E-05
    9.9750000000E+00     7.3771016463E-05
