#t= 4.880000
    2.5000000000E-02     1.0000000000E+00
    7.5000000000E-02     1.0000000000E+00
    1.2500000000E-01     1.0000000000E+00
    1.7500000000E-01     1.0000000000E+00
    2.2500000000E-01     1.0000000000E+00
    2.7500000000E-01     1.0000000000E+00
    3.2500000000E-01     1.0000000000E+00
    3.7500000000E-01     1.0000000000E+00
    4.2500000000E-01     1.0000000000E+00
    4.7500000000E-01     1.0000000000E+00
    5.2500000000E-01     1.0000000000E+00
    5.7500000000E-01     1.0000000000E+00
    6.2500000000E-01     1.0000000000E+00
    6.7500000000E-01     1.0000000000E+00
    7.2500000000E-01     1.0000000000E+00
    7.7500000000E-01     1.0000000000E+00
    8.2500000000E-01     1.0000000000E+00
    8.7500000000E-01     1.0000000000E+00
    9.2500000000E-01     1.0000000000E+00
    9.7500000000E-01     1.0000000000E+00
    1.0250000000E+00     1.0000000000E+00
    1.0750000000E+00     1.0000000000E+00
    1.1250000000E+00     1.0000000000E+00
    1.1750000000E+00     1.0000000000E+00
    1.2250000000E+00     1.0000000000E+00
    1.2750000000E+00     1.0000000000E+00
    1.3250000000E+00     1.0000000000E+00
    1.3750000000E+00     1.0000000000E+00
    1.4250000000E+00     1.0000000000E+00
    1.4750000000E+00     1.0000000000E+00
    1.5250000000E+00     1.0000000000E+00
    1.5750000000E+00     1.0000000000E+00
    1.6250000000E+00     1.0000000000E+00
    1.6750000000E+00     1.0000000000E+00
    1.7250000000E+00     1.0000000000E+00
    1.7750000000E+00     1.0000000000E+00
    1.8250000000E+00     1.0000000000E+00
    1.8750000000E+00     1.0000000000E+00
    1.9250000000E+00     1.0000000000E+00
    1.9750000000E+00     1.0000000000E+00
    2.0250000000E+00     1.0000000000E+00
    2.0750000000E+00     1.0000000000E+00
    2.1250000000E+00     1.0000000000E+00
    2.1750000000E+00     1.0000000000E+00
    2.2250000000E+00     1.0000000000E+00
    2.2750000000E+00     1.0000000000E+00
    2.3250000000E+00     1.0000000000E+00
    2.3750000000E+00     1.0000000000E+00
    2.4250000000E+00     1.0000000000E+00
    2.4750000000E+00     1.0000000000E+00
    2.5250000000E+00     1.0000000000E+00
    2.5750000000E+00     1.0000000000E+00
    2.6250000000E+00     1.0000000000E+00
    2.6750000000E+00     1.0000000000E+00
    2.7250000000E+00     1.0000000000E+00
    2.7750000000E+00     1.0000000000E+00
    2.8250000000E+00     1.0000000000E+00
    2.8750000000E+00     1.0000000000E+00
    2.9250000000E+00     1.0000000000E+00
    2.9750000000E+00     1.0000000000E+00
    3.0250000000E+00     1.0000000000E+00
    3.0750000000E+00     1.0000000000E+00
    3.1250000000E+00     1.0000000000E+00
    3.1750000000E+00     1.0000000000E+00
    3.2250000000E+00     1.0000000000E+00
    3.2750000000E+00     1.0000000000E+00
    3.3250000000E+00     1.0000000000E+00
    3.3750000000E+00     1.0000000000E+00
    3.4250000000E+00     1.0000000000E+00
    3.4750000000E+00     1.0000000000E+00
    3.5250000000E+00     1.0000000000E+00
    3.5750000000E+00     1.0000000000E+00
    3.6250000000E+00     1.0000000000E+00
    3.6750000000E+00     1.0000000000E+00
    3.7250000000E+00     1.0000000000E+00
    3.7750000000E+00     1.0000000000E+00
    3.8250000000E+00     1.0000000000E+00
    3.8750000000E+00     1.0000000000E+00
    3.9250000000E+00     1.0000000000E+00
    3.9750000000E+00     1.0000000000E+00
    4.0250000000E+00     1.0000000000E+00
    4.0750000000E+00     1.0000000000E+00
    4.1250000000E+00     1.0000000000E+00
    4.1750000000E+00     1.0000000000E+00
    4.2250000000E+00     1.0000000000E+00
    4.2750000000E+00     1.0000000000E+00
    4.3250000000E+00     1.0000000000E+00
    4.3750000000E+00     1.0000000000E+00
    4.4250000000E+00     1.0000000000E+00
    4.4750000000E+00     1.0000000000E+00
    4.5250000000E+00     1.0000000000E+00
    4.5750000000E+00     1.0000000000E+00
    4.6250000000E+00     1.0000000000E+00
    4.6750000000E+00     1.0000000000E+00
    4.7250000000E+00     1.0000000000E+00
    4.7750000000E+00     1.0000000000E+00
    4.8250000000E+00     1.0000000000E+00
    4.8750000000E+00     1.0000000000E+00
    4.9250000000E+00     1.0000000000E+00
    4.9750000000E+00     1.0000000000E+00
    5.0250000000E+00     1.0000000000E+00
    5.0750000000E+00     1.0000000000E+00
    5.1250000000E+00     1.0000000000E+00
    5.1750000000E+00     1.0000000000E+00
    5.2250000000E+00     1.0000000000E+00
    5.2750000000E+00     1.0000000000E+00
    5.3250000000E+00     1.0000000000E+00
    5.3750000000E+00     1.0000000000E+00
    5.4250000000E+00     1.0000000000E+00
    5.4750000000E+00     1.0000000000E+00
    5.5250000000E+00     1.0000000000E+00
    5.5750000000E+00     1.0000000000E+00
    5.6250000000E+00     1.0000000000E+00
    5.6750000000E+00     1.0000000000E+00
    5.7250000000E+00     1.0000000000E+00
    5.7750000000E+00     1.0000000000E+00
    5.8250000000E+00     1.0000000000E+00
    5.8750000000E+00     1.0000000000E+00
    5.9250000000E+00     1.0000000000E+00
    5.9750000000E+00     1.0000000000E+00
    6.0250000000E+00     1.0000000000E+00
    6.0750000000E+00     1.0000000000E+00
    6.1250000000E+00     1.0000000000E+00
    6.1750000000E+00     1.0000000000E+00
    6.2250000000E+00     1.0000000000E+00
    6.2750000000E+00     1.0000000000E+00
    6.3250000000E+00     1.0000000000E+00
    6.3750000000E+00     1.0000000000E+00
    6.4250000000E+00     1.0000000000E+00
    6.4750000000E+00     1.0000000000E+00
    6.5250000000E+00     1.0000000000E+00
    6.5750000000E+00     1.0000000000E+00
    6.6250000000E+00     1.0000000000E+00
    6.6750000000E+00     1.0000000000E+00
    6.7250000000E+00     1.0000000000E+00
    6.7750000000E+00     1.0000000000E+00
    6.8250000000E+00     1.0000000000E+00
    6.8750000000E+00     1.0000000000E+00
    6.9250000000E+00     1.0000000000E+00
    6.9750000000E+00     1.0000000000E+00
    7.0250000000E+00     1.0000000000E+00
    7.0750000000E+00     1.0000000000E+00
    7.1250000000E+00     1.0000000000E+00
    7.1750000000E+00     1.0000000000E+00
    7.2250000000E+00     1.0000000000E+00
    7.2750000000E+00     1.0000000000E+00
    7.3250000000E+00     1.0000000000E+00
    7.3750000000E+00     1.0000000000E+00
    7.4250000000E+00     1.0000000000E+00
    7.4750000000E+00     9.9999999999E-01
    7.5250000000E+00     9.9999999998E-01
    7.5750000000E+00     9.9999999995E-01
    7.6250000000E+00     9.9999999987E-01
    7.6750000000E+00     9.9999999969E-01
    7.7250000000E+00     9.9999999925E-01
    7.7750000000E+00     9.9999999824E-01
    7.8250000000E+00     9.9999999595E-01
    7.8750000000E+00     9.9999999079E-01
    7.9250000000E+00     9.9999997946E-01
    7.9750000000E+00     9.9999995495E-01
    8.0250000000E+00     9.9999990292E-01
    8.0750000000E+00     9.9999979443E-01
    8.1250000000E+00     9.9999957232E-01
    8.1750000000E+00     9.9999912584E-01
    8.2250000000E+00     9.9999824476E-01
    8.2750000000E+00     9.9999653802E-01
    8.3250000000E+00     9.9999329312E-01
    8.3750000000E+00     9.9998723886E-01
    8.4250000000E+00     9.9997615515E-01
    8.4750000000E+00     9.9995624781E-01
    8.5250000000E+00     9.9992117412E-01
    8.5750000000E+00     9.9986056718E-01
    8.6250000000E+00     9.9975786815E-01
    8.6750000000E+00     9.9958724407E-01
    8.7250000000E+00     9.9930935728E-01
    8.7750000000E+00     9.9886578009E-01
    8.8250000000E+00     9.9817193864E-01
    8.8750000000E+00     9.9710864594E-01
    8.9250000000E+00     9.9551256810E-01
    8.9750000000E+00     9.9316636402E-01
    9.0250000000E+00     9.8978973000E-01
    9.0750000000E+00     9.8503311429E-01
    9.1250000000E+00     9.7847634594E-01
    9.1750000000E+00     9.6963471448E-01
    9.2250000000E+00     9.5797498093E-01
    9.2750000000E+00     9.4294324350E-01
    9.3250000000E+00     9.2400541934E-01
    9.3750000000E+00     9.0069933484E-01
    9.4250000000E+00     8.7269518450E-01
    9.4750000000E+00     8.3985873119E-01
    9.5250000000E+00     8.0230953411E-01
    9.5750000000E+00     7.6046523651E-01
    9.6250000000E+00     7.1506301616E-01
    9.6750000000E+00     6.6715101410E-01
    9.7250000000E+00     6.1804592085E-01
    9.7750000000E+00     5.6925754271E-01
    9.8250000000E+00     5.2238635998E-01
    9.8750000000E+00     4.7900484247E-01
    9.9250000000E+00     4.4053659328E-01
    9.9750000000E+00     4.0814845208E-01
