#t= 0.680000
    2.5000000000E-02     2.0213952118E-06
    7.5000000000E-02     1.4099888724E-06
    1.2500000000E-01     9.7871051940E-07
    1.7500000000E-01     6.7603128081E-07
    2.2500000000E-01     4.6467909846E-07
    2.7500000000E-01     3.1784335906E-07
    3.2500000000E-01     2.1634489398E-07
    3.7500000000E-01     1.4653909627E-07
    4.2500000000E-01     9.8771936026E-08
    4.7500000000E-01     6.6250120118E-08
    5.2500000000E-01     4.4219381863E-08
    5.7500000000E-01     2.9370504492E-08
    6.2500000000E-01     1.9412556619E-08
    6.7500000000E-01     1.2768106688E-08
    7.2500000000E-01     8.3568490573E-09
    7.7500000000E-01     5.4429049714E-09
    8.2500000000E-01     3.5276943787E-09
    8.7500000000E-01     2.2752186539E-09
    9.2500000000E-01     1.4602525054E-09
    9.7500000000E-01     9.3263074612E-10
    1.0250000000E+00     5.9277639151E-10
    1.0750000000E+00     3.7503778234E-10
    1.1250000000E+00     2.3642510196E-10
    1.1750000000E+00     1.4906467654E-10
    1.2250000000E+00     9.5198972910E-11
    1.2750000000E+00     6.3911691465E-11
    1.3250000000E+00     4.9007620757E-11
    1.3750000000E+00     4.7680090851E-11
    1.4250000000E+00     5.9786604848E-11
    1.4750000000E+00     8.7711020684E-11
    1.5250000000E+00     1.3687414821E-10
    1.5750000000E+00     2.1695981909E-10
    1.6250000000E+00     3.4393587946E-10
    1.6750000000E+00     5.4308071231E-10
    1.7250000000E+00     8.5349150247E-10
    1.7750000000E+00     1.3348658610E-09
    1.8250000000E+00     2.0776704426E-09
    1.8750000000E+00     3.2182231822E-09
    1.9250000000E+00     4.9608485629E-09
    1.9750000000E+00     7.6101977998E-09
    2.0250000000E+00     1.1618122054E-08
    2.0750000000E+00     1.7651263135E-08
    2.1250000000E+00     2.6687958793E-08
    2.1750000000E+00     4.0156374106E-08
    2.2250000000E+00     6.0130253922E-08
    2.2750000000E+00     8.9604711502E-08
    2.3250000000E+00     1.3288249205E-07
    2.3750000000E+00     1.9611176159E-07
    2.4250000000E+00     2.8803039729E-07
    2.4750000000E+00     4.2098988336E-07
    2.5250000000E+00     6.1235532161E-07
    2.5750000000E+00     8.8640802779E-07
    2.6250000000E+00     1.2769152061E-06
    2.6750000000E+00     1.8305790050E-06
    2.7250000000E+00     2.6116368119E-06
    2.7750000000E+00     3.7079580968E-06
    2.8250000000E+00     5.2390727692E-06
    2.8750000000E+00     7.3666742481E-06
    2.9250000000E+00     1.0308269589E-05
    2.9750000000E+00     1.4354801171E-05
    3.0250000000E+00     1.9893241298E-05
    3.0750000000E+00     2.7435363529E-05
    3.1250000000E+00     3.7654122493E-05
    3.1750000000E+00     5.1429325646E-05
    3.2250000000E+00     6.9904552271E-05
    3.2750000000E+00     9.4557560676E-05
    3.3250000000E+00     1.2728671469E-04
    3.3750000000E+00     1.7051624205E-04
    3.4250000000E+00     2.2732339249E-04
    3.4750000000E+00     3.0159077063E-04
    3.5250000000E+00     3.9818724981E-04
    3.5750000000E+00     5.2318089680E-04
    3.6250000000E+00     6.8408721452E-04
    3.6750000000E+00     8.9015570104E-04
    3.7250000000E+00     1.1526971809E-03
    3.7750000000E+00     1.4854535450E-03
    3.8250000000E+00     1.9050103903E-03
    3.8750000000E+00     2.4312515413E-03
    3.9250000000E+00     3.0878525259E-03
    3.9750000000E+00     3.9028077460E-03
    4.0250000000E+00     4.9089833277E-03
    4.0750000000E+00     6.1446844695E-03
    4.1250000000E+00     7.6542225700E-03
    4.1750000000E+00     9.4884635997E-03
    4.2250000000E+00     1.1705335174E-02
    4.2750000000E+00     1.4370265751E-02
    4.3250000000E+00     1.7556525513E-02
    4.3750000000E+00     2.1345434988E-02
    4.4250000000E+00     2.5826404623E-02
    4.4750000000E+00     3.1096766629E-02
    4.5250000000E+00     3.7261359688E-02
    4.5750000000E+00     4.4431828003E-02
    4.6250000000E+00     5.2725598797E-02
    4.6750000000E+00     6.2264507128E-02
    4.7250000000E+00     7.3173043828E-02
    4.7750000000E+00     8.5576211759E-02
    4.8250000000E+00     9.9596987251E-02
    4.8750000000E+00     1.1535339756E-01
    4.9250000000E+00     1.3295524113E-01
    4.9750000000E+00     1.5250049493E-01
    5.0250000000E+00     1.7407147170E-01
    5.0750000000E+00     1.9773080887E-01
    5.1250000000E+00     2.2351738902E-01
    5.1750000000E+00     2.5144230901E-01
    5.2250000000E+00     2.8148502886E-01
    5.2750000000E+00     3.1358984307E-01
    5.3250000000E+00     3.4766282302E-01
    5.3750000000E+00     3.8356938087E-01
    5.4250000000E+00     4.2113260037E-01
    5.4750000000E+00     4.6013246904E-01
    5.5250000000E+00     5.0030612814E-01
    5.5750000000E+00     5.4134923254E-01
    5.6250000000E+00     5.8291848203E-01
    5.6750000000E+00     6.2463534967E-01
    5.7250000000E+00     6.6609099290E-01
    5.7750000000E+00     7.0685229014E-01
    5.8250000000E+00     7.4646890218E-01
    5.8750000000E+00     7.8448121454E-01
    5.9250000000E+00     8.2042897729E-01
    5.9750000000E+00     8.5386042341E-01
    6.0250000000E+00     8.8434161889E-01
    6.0750000000E+00     9.1146577719E-01
    6.1250000000E+00     9.3486226083E-01
    6.1750000000E+00     9.5420499258E-01
    6.2250000000E+00     9.6922001023E-01
    6.2750000000E+00     9.7969192026E-01
    6.3250000000E+00     9.8546903830E-01
    6.3750000000E+00     9.8646704466E-01
    6.4250000000E+00     9.8267103211E-01
    6.4750000000E+00     9.7413587607E-01
    6.5250000000E+00     9.6098491471E-01
    6.5750000000E+00     9.4340698302E-01
    6.6250000000E+00     9.2165190079E-01
    6.6750000000E+00     8.9602456502E-01
    6.7250000000E+00     8.6687784214E-01
    6.7750000000E+00     8.3460449149E-01
    6.8250000000E+00     7.9962837814E-01
    6.8750000000E+00     7.6239524929E-01
    6.9250000000E+00     7.2336335323E-01
    6.9750000000E+00     6.8299417457E-01
    7.0250000000E+00     6.4174354314E-01
    7.0750000000E+00     6.0005334948E-01
    7.1250000000E+00     5.5834406735E-01
    7.1750000000E+00     5.1700824536E-01
    7.2250000000E+00     4.7640508845E-01
    7.2750000000E+00     4.3685620554E-01
    7.3250000000E+00     3.9864255676E-01
    7.3750000000E+00     3.6200259157E-01
    7.4250000000E+00     3.2713153128E-01
    7.4750000000E+00     2.9418171644E-01
    7.5250000000E+00     2.6326391177E-01
    7.5750000000E+00     2.3444944093E-01
    7.6250000000E+00     2.0777300896E-01
    7.6750000000E+00     1.8323606264E-01
    7.7250000000E+00     1.6081053795E-01
    7.7750000000E+00     1.4044284807E-01
    7.8250000000E+00     1.2205797453E-01
    7.8750000000E+00     1.0556353751E-01
    7.9250000000E+00     9.0853737024E-02
    7.9750000000E+00     7.7813074974E-02
    8.0250000000E+00     6.6319786686E-02
    8.0750000000E+00     5.6248929613E-02
    8.1250000000E+00     4.7475094945E-02
    8.1750000000E+00     3.9874724721E-02
    8.2250000000E+00     3.3328031969E-02
    8.2750000000E+00     2.7720534178E-02
    8.3250000000E+00     2.2944220847E-02
    8.3750000000E+00     1.8898383882E-02
    8.4250000000E+00     1.5490145290E-02
    8.4750000000E+00     1.2634720177E-02
    8.5250000000E+00     1.0255454603E-02
    8.5750000000E+00     8.2836777697E-03
    8.6250000000E+00     6.6584065491E-03
    8.6750000000E+00     5.3259378333E-03
    8.7250000000E+00     4.2393608939E-03
    8.7750000000E+00     3.3580181470E-03
    8.8250000000E+00     2.6469386893E-03
    8.8750000000E+00     2.0762648880E-03
    8.9250000000E+00     1.6206883598E-03
    8.9750000000E+00     1.2589079702E-03
    9.0250000000E+00     9.7311913297E-04
    9.0750000000E+00     7.4854073585E-04
    9.1250000000E+00     5.7298349171E-04
    9.1750000000E+00     4.3646142177E-04
    9.2250000000E+00     3.3084649808E-04
    9.2750000000E+00     2.4956517878E-04
    9.3250000000E+00     1.8733462131E-04
    9.3750000000E+00     1.3993571060E-04
    9.4250000000E+00     1.0401964430E-04
    9.4750000000E+00     7.6944629078E-05
    9.5250000000E+00     5.6639216746E-05
    9.5750000000E+00     4.1488906971E-05
    9.6250000000E+00     3.0242829262E-05
    9.6750000000E+00     2.1937561706E-05
    9.7250000000E+00     1.5835422344E-05
    9.7750000000E+00     1.1374862310E-05
    9.8250000000E+00     8.1308826367E-06
    9.8750000000E+00     5.7836782886E-06
    9.9250000000E+00     4.0939760664E-06
    9.9750000000E+00     2.8837728755E-06
