#t= 2.920000
    2.5000000000E-02     5.2132999936E-01
    7.5000000000E-02     5.5953396447E-01
    1.2500000000E-01     5.9786643394E-01
    1.7500000000E-01     6.3598273695E-01
    2.2500000000E-01     6.7351826727E-01
    2.7500000000E-01     7.1009390387E-01
    3.2500000000E-01     7.4532210057E-01
    3.7500000000E-01     7.7881351733E-01
    4.2500000000E-01     8.1018404136E-01
    4.7500000000E-01     8.3906202542E-01
    5.2500000000E-01     8.6509555577E-01
    5.7500000000E-01     8.8795955284E-01
    6.2500000000E-01     9.0736250567E-01
    6.7500000000E-01     9.2305264551E-01
    7.2500000000E-01     9.3482337646E-01
    7.7500000000E-01     9.4251779931E-01
    8.2500000000E-01     9.4603219042E-01
    8.7500000000E-01     9.4531832782E-01
    9.2500000000E-01     9.4038459147E-01
    9.7500000000E-01     9.3129580285E-01
    1.0250000000E+00     9.1817180793E-01
    1.0750000000E+00     9.0118484677E-01
    1.1250000000E+00     8.8055579058E-01
    1.1750000000E+00     8.5654936116E-01
    1.2250000000E+00     8.2946847730E-01
    1.2750000000E+00     7.9964789713E-01
    1.3250000000E+00     7.6744734265E-01
    1.3750000000E+00     7.3324430365E-01
    1.4250000000E+00     6.9742672130E-01
    1.4750000000E+00     6.6038574829E-01
    1.5250000000E+00     6.2250877156E-01
    1.5750000000E+00     5.8417286742E-01
    1.6250000000E+00     5.4573883713E-01
    1.6750000000E+00     5.0754594533E-01
    1.7250000000E+00     4.6990745539E-01
    1.7750000000E+00     4.3310702550E-01
    1.8250000000E+00     3.9739599952E-01
    1.8750000000E+00     3.6299159670E-01
    1.9250000000E+00     3.3007597756E-01
    1.9750000000E+00     2.9879613841E-01
    2.0250000000E+00     2.6926456630E-01
    2.0750000000E+00     2.4156056942E-01
    2.1250000000E+00     2.1573218566E-01
    2.1750000000E+00     1.9179856395E-01
    2.2250000000E+00     1.6975270989E-01
    2.2750000000E+00     1.4956448716E-01
    2.3250000000E+00     1.3118377069E-01
    2.3750000000E+00     1.1454365459E-01
    2.4250000000E+00     9.9563627404E-02
    2.4750000000E+00     8.6152638858E-02
    2.5250000000E+00     7.4211994597E-02
    2.5750000000E+00     6.3638028770E-02
    2.6250000000E+00     5.4324517250E-02
    2.6750000000E+00     4.6164806947E-02
    2.7250000000E+00     3.9053648323E-02
    2.7750000000E+00     3.2888728689E-02
    2.8250000000E+00     2.7571912868E-02
    2.8750000000E+00     2.3010205282E-02
    2.9250000000E+00     1.9116453388E-02
    2.9750000000E+00     1.5809816642E-02
    3.0250000000E+00     1.3016028017E-02
    3.0750000000E+00     1.0667476529E-02
    3.1250000000E+00     8.7031395200E-03
    3.1750000000E+00     7.0683927584E-03
    3.2250000000E+00     5.7147248865E-03
    3.2750000000E+00     4.5993807026E-03
    3.3250000000E+00     3.6849552289E-03
    3.3750000000E+00     2.9389577877E-03
    3.4250000000E+00     2.3333624607E-03
    3.4750000000E+00     1.8441584829E-03
    3.5250000000E+00     1.4509114254E-03
    3.5750000000E+00     1.1363435131E-03
    3.6250000000E+00     8.8593916408E-04
    3.6750000000E+00     6.8757985212E-04
    3.7250000000E+00     5.3121069836E-04
    3.7750000000E+00     4.0853979264E-04
    3.8250000000E+00     3.1277011324E-04
    3.8750000000E+00     2.3836303933E-04
    3.9250000000E+00     1.8083180506E-04
    3.9750000000E+00     1.3656279876E-04
    4.0250000000E+00     1.0266233574E-04
    4.0750000000E+00     7.6826397150E-05
    4.1250000000E+00     5.7230803068E-05
    4.1750000000E+00     4.2439349010E-05
    4.2250000000E+00     3.1327557895E-05
    4.2750000000E+00     2.3019865264E-05
    4.3250000000E+00     1.6838247014E-05
    4.3750000000E+00     1.2260503134E-05
    4.4250000000E+00     8.8866173806E-06
    4.4750000000E+00     6.4118137547E-06
    4.5250000000E+00     4.6051205117E-06
    4.5750000000E+00     3.2924276532E-06
    4.6250000000E+00     2.3431823000E-06
    4.6750000000E+00     1.6600071893E-06
    4.7250000000E+00     1.1706508113E-06
    4.7750000000E+00     8.2178411175E-07
    4.8250000000E+00     5.7424938291E-07
    4.8750000000E+00     3.9944337268E-07
    4.9250000000E+00     2.7658030446E-07
    4.9750000000E+00     1.9063300561E-07
    5.0250000000E+00     1.3079322150E-07
    5.0750000000E+00     8.9326887209E-08
    5.1250000000E+00     6.0727951365E-08
    5.1750000000E+00     4.1096468269E-08
    5.2250000000E+00     2.7684116967E-08
    5.2750000000E+00     1.8563949858E-08
    5.3250000000E+00     1.2391762811E-08
    5.3750000000E+00     8.2346353762E-09
    5.4250000000E+00     5.4484262949E-09
    5.4750000000E+00     3.5907441508E-09
    5.5250000000E+00     2.3594826308E-09
    5.5750000000E+00     1.5496837423E-09
    5.6250000000E+00     1.0234834006E-09
    5.6750000000E+00     6.8936922411E-10
    5.7250000000E+00     4.8807049716E-10
    5.7750000000E+00     3.8320625045E-10
    5.8250000000E+00     3.5541777097E-10
    5.8750000000E+00     3.9916793307E-10
    5.9250000000E+00     5.2175035414E-10
    5.9750000000E+00     7.4435681578E-10
    6.0250000000E+00     1.1053369025E-09
    6.0750000000E+00     1.6660827399E-09
    6.1250000000E+00     2.5203184748E-09
    6.1750000000E+00     3.8080071654E-09
    6.2250000000E+00     5.7356527066E-09
    6.2750000000E+00     8.6055277329E-09
    6.3250000000E+00     1.2857371576E-08
    6.3750000000E+00     1.9127466648E-08
    6.4250000000E+00     2.8331834276E-08
    6.4750000000E+00     4.1782741761E-08
    6.5250000000E+00     6.1350971839E-08
    6.5750000000E+00     8.9690613853E-08
    6.6250000000E+00     1.3054879320E-07
    6.6750000000E+00     1.8919013387E-07
    6.7250000000E+00     2.7297530369E-07
    6.7750000000E+00     3.9214527629E-07
    6.8250000000E+00     5.6087861833E-07
    6.8750000000E+00     7.9870895946E-07
    6.9250000000E+00     1.1324147356E-06
    6.9750000000E+00     1.5985243616E-06
    7.0250000000E+00     2.2466183636E-06
    7.0750000000E+00     3.1436569847E-06
    7.1250000000E+00     4.3796187656E-06
    7.1750000000E+00     6.0748040477E-06
    7.2250000000E+00     8.3892387031E-06
    7.2750000000E+00     1.1534709021E-05
    7.3250000000E+00     1.5790069743E-05
    7.3750000000E+00     2.1520594558E-05
    7.4250000000E+00     2.9202282182E-05
    7.4750000000E+00     3.9452191105E-05
    7.5250000000E+00     5.3066050542E-05
    7.5750000000E+00     7.1064581479E-05
    7.6250000000E+00     9.4750155470E-05
    7.6750000000E+00     1.2577561369E-04
    7.7250000000E+00     1.6622725614E-04
    7.7750000000E+00     2.1872417936E-04
    7.8250000000E+00     2.8653627719E-04
    7.8750000000E+00     3.7372330452E-04
    7.9250000000E+00     4.8529742048E-04
    7.9750000000E+00     6.2741155000E-04
    8.0250000000E+00     8.0757570688E-04
    8.0750000000E+00     1.0349030795E-03
    8.1250000000E+00     1.3203871625E-03
    8.1750000000E+00     1.6772104985E-03
    8.2250000000E+00     2.1210846413E-03
    8.2750000000E+00     2.6706197520E-03
    8.3250000000E+00     3.3477207645E-03
    8.3750000000E+00     4.1780053128E-03
    8.4250000000E+00     5.1912365882E-03
    8.4750000000E+00     6.4217620262E-03
    8.5250000000E+00     7.9089462305E-03
    8.5750000000E+00     9.6975838941E-03
    8.6250000000E+00     1.1838275746E-02
    8.6750000000E+00     1.4387747840E-02
    8.7250000000E+00     1.7409091941E-02
    8.7750000000E+00     2.0971902479E-02
    8.8250000000E+00     2.5152283731E-02
    8.8750000000E+00     3.0032699709E-02
    8.9250000000E+00     3.5701638861E-02
    8.9750000000E+00     4.2253066361E-02
    9.0250000000E+00     4.9785638599E-02
    9.0750000000E+00     5.8401657653E-02
    9.1250000000E+00     6.8205748183E-02
    9.1750000000E+00     7.9303245369E-02
    9.2250000000E+00     9.1798290199E-02
    9.2750000000E+00     1.0579163767E-01
    9.3250000000E+00     1.2137819399E-01
    9.3750000000E+00     1.3864431043E-01
    9.4250000000E+00     1.5766487413E-01
    9.4750000000E+00     1.7850024873E-01
    9.5250000000E+00     2.0119313058E-01
    9.5750000000E+00     2.2576539814E-01
    9.6250000000E+00     2.5221504322E-01
    9.6750000000E+00     2.8051328108E-01
    9.7250000000E+00     3.1060194323E-01
    9.7750000000E+00     3.4239125951E-01
    9.8250000000E+00     3.7575813592E-01
    9.8750000000E+00     4.1054502984E-01
    9.9250000000E+00     4.4655951586E-01
    9.9750000000E+00     4.8357462209E-01
