#t= 5.240000
    2.5000000000E-02     2.8358371237E-08
    7.5000000000E-02     1.9315711747E-08
    1.2500000000E-01     1.3119875899E-08
    1.7500000000E-01     8.9038627416E-09
    2.2500000000E-01     6.0637612246E-09
    2.7500000000E-01     4.1834794859E-09
    3.2500000000E-01     2.9815414084E-09
    3.7500000000E-01     2.2742115299E-09
    4.2500000000E-01     1.9508567086E-09
    4.7500000000E-01     1.9587366608E-09
    5.2500000000E-01     2.2954413114E-09
    5.7500000000E-01     3.0080495303E-09
    6.2500000000E-01     4.1988482780E-09
    6.7500000000E-01     6.0381937017E-09
    7.2500000000E-01     8.7858844777E-09
    7.7500000000E-01     1.2823323272E-08
    8.2500000000E-01     1.8699842215E-08
    8.7500000000E-01     2.7197952094E-08
    9.2500000000E-01     3.9424048820E-08
    9.7500000000E-01     5.6933402914E-08
    1.0250000000E+00     8.1901225215E-08
    1.0750000000E+00     1.1735543584E-07
    1.1250000000E+00     1.6749169706E-07
    1.1750000000E+00     2.3809758616E-07
    1.2250000000E+00     3.3712082054E-07
    1.2750000000E+00     4.7542660763E-07
    1.3250000000E+00     6.6780195049E-07
    1.3750000000E+00     9.3428064750E-07
    1.4250000000E+00     1.3018824129E-06
    1.4750000000E+00     1.8068837256E-06
    1.5250000000E+00     2.4977674752E-06
    1.5750000000E+00     3.4390340730E-06
    1.6250000000E+00     4.7160993316E-06
    1.6750000000E+00     6.4415550125E-06
    1.7250000000E+00     8.7631274000E-06
    1.7750000000E+00     1.1873738400E-05
    1.8250000000E+00     1.6024153157E-05
    1.8750000000E+00     2.1538788480E-05
    1.9250000000E+00     2.8835357515E-05
    1.9750000000E+00     3.8449137716E-05
    2.0250000000E+00     5.1062770242E-05
    2.0750000000E+00     6.7542627453E-05
    2.1250000000E+00     8.8982918552E-05
    2.1750000000E+00     1.1675883735E-04
    2.2250000000E+00     1.5259018540E-04
    2.2750000000E+00     1.9861702114E-04
    2.3250000000E+00     2.5748898278E-04
    2.3750000000E+00     3.3246999853E-04
    2.4250000000E+00     4.2756012038E-04
    2.4750000000E+00     5.4763618268E-04
    2.5250000000E+00     6.9861287802E-04
    2.5750000000E+00     8.8762564399E-04
    2.6250000000E+00     1.1232364464E-03
    2.6750000000E+00     1.4156631099E-03
    2.7250000000E+00     1.7770322682E-03
    2.7750000000E+00     2.2216552662E-03
    2.8250000000E+00     2.7663254369E-03
    2.8750000000E+00     3.4306340791E-03
    2.9250000000E+00     4.2373011932E-03
    2.9750000000E+00     5.2125155720E-03
    3.0250000000E+00     6.3862772378E-03
    3.0750000000E+00     7.7927334612E-03
    3.1250000000E+00     9.4704977549E-03
    3.1750000000E+00     1.1462939347E-02
    3.2250000000E+00     1.3818428772E-02
    3.2750000000E+00     1.6590523452E-02
    3.3250000000E+00     1.9838075581E-02
    3.3750000000E+00     2.3625243367E-02
    3.4250000000E+00     2.8021385834E-02
    3.4750000000E+00     3.3100821086E-02
    3.5250000000E+00     3.8942428298E-02
    3.5750000000E+00     4.5629074792E-02
    3.6250000000E+00     5.3246851592E-02
    3.6750000000E+00     6.1884103765E-02
    3.7250000000E+00     7.1630245832E-02
    3.7750000000E+00     8.2574357530E-02
    3.8250000000E+00     9.4803561171E-02
    3.8750000000E+00     1.0840118882E-01
    3.9250000000E+00     1.2344475520E-01
    3.9750000000E+00     1.4000376073E-01
    4.0250000000E+00     1.5813735765E-01
    4.0750000000E+00     1.7789192145E-01
    4.1250000000E+00     1.9929857815E-01
    4.1750000000E+00     2.2237074618E-01
    4.2250000000E+00     2.4710175896E-01
    4.2750000000E+00     2.7346263958E-01
    4.3250000000E+00     3.0140010324E-01
    4.3750000000E+00     3.3083486488E-01
    4.4250000000E+00     3.6166032846E-01
    4.4750000000E+00     3.9374173147E-01
    4.5250000000E+00     4.2691581141E-01
    4.5750000000E+00     4.6099105234E-01
    4.6250000000E+00     4.9574855705E-01
    4.6750000000E+00     5.3094357628E-01
    4.7250000000E+00     5.6630770879E-01
    4.7750000000E+00     6.0155176778E-01
    4.8250000000E+00     6.3636928859E-01
    4.8750000000E+00     6.7044063198E-01
    4.9250000000E+00     7.0343761672E-01
    4.9750000000E+00     7.3502859519E-01
    5.0250000000E+00     7.6488386819E-01
    5.0750000000E+00     7.9268131908E-01
    5.1250000000E+00     8.1811213553E-01
    5.1750000000E+00     8.4088647876E-01
    5.2250000000E+00     8.6073895570E-01
    5.2750000000E+00     8.7743375064E-01
    5.3250000000E+00     8.9076927796E-01
    5.3750000000E+00     9.0058222788E-01
    5.4250000000E+00     9.0675089197E-01
    5.4750000000E+00     9.0919767370E-01
    5.5250000000E+00     9.0789071175E-01
    5.5750000000E+00     9.0284456873E-01
    5.6250000000E+00     8.9411996432E-01
    5.6750000000E+00     8.8182255978E-01
    5.7250000000E+00     8.6610082777E-01
    5.7750000000E+00     8.4714306744E-01
    5.8250000000E+00     8.2517364883E-01
    5.8750000000E+00     8.0044859135E-01
    5.9250000000E+00     7.7325059813E-01
    5.9750000000E+00     7.4388368102E-01
    6.0250000000E+00     7.1266751878E-01
    6.0750000000E+00     6.7993169470E-01
    6.1250000000E+00     6.4600995766E-01
    6.1750000000E+00     6.1123464517E-01
    6.2250000000E+00     5.7593139568E-01
    6.2750000000E+00     5.4041426422E-01
    6.3250000000E+00     5.0498133755E-01
    6.3750000000E+00     4.6991092648E-01
    6.4250000000E+00     4.3545839173E-01
    6.4750000000E+00     4.0185363888E-01
    6.5250000000E+00     3.6929929675E-01
    6.5750000000E+00     3.3796957347E-01
    6.6250000000E+00     3.0800976628E-01
    6.6750000000E+00     2.7953638447E-01
    6.7250000000E+00     2.5263783150E-01
    6.7750000000E+00     2.2737558123E-01
    6.8250000000E+00     2.0378577549E-01
    6.8750000000E+00     1.8188116517E-01
    6.9250000000E+00     1.6165331536E-01
    6.9750000000E+00     1.4307499541E-01
    7.0250000000E+00     1.2610267824E-01
    7.0750000000E+00     1.1067907833E-01
    7.1250000000E+00     9.6735664442E-02
    7.1750000000E+00     8.4195091511E-02
    7.2250000000E+00     7.2973504586E-02
    7.2750000000E+00     6.2982677266E-02
    7.3250000000E+00     5.4131956086E-02
    7.3750000000E+00     4.6329991377E-02
    7.4250000000E+00     3.9486243458E-02
    7.4750000000E+00     3.3512260606E-02
    7.5250000000E+00     2.8322731904E-02
    7.5750000000E+00     2.3836323662E-02
    7.6250000000E+00     1.9976312629E-02
    7.6750000000E+00     1.6671032649E-02
    7.7250000000E+00     1.3854153822E-02
    7.7750000000E+00     1.1464814679E-02
    7.8250000000E+00     9.4476284741E-03
    7.8750000000E+00     7.7525845264E-03
    7.9250000000E+00     6.3348648281E-03
    7.9750000000E+00     5.1545948533E-03
    8.0250000000E+00     4.1765459330E-03
    8.0750000000E+00     3.3698047104E-03
    8.1250000000E+00     2.7074232255E-03
    8.1750000000E+00     2.1660611589E-03
    8.2250000000E+00     1.7256297843E-03
    8.2750000000E+00     1.3689452868E-03
    8.3250000000E+00     1.0813973574E-03
    8.3750000000E+00     8.5063738920E-04
    8.4250000000E+00     6.6628921451E-04
    8.4750000000E+00     5.1968412464E-04
    8.5250000000E+00     4.0362092081E-04
    8.5750000000E+00     3.1215093446E-04
    8.6250000000E+00     2.4038732332E-04
    8.6750000000E+00     1.8433747550E-04
    8.7250000000E+00     1.4075701904E-04
    8.7750000000E+00     1.0702371866E-04
    8.8250000000E+00     8.1029426253E-05
    8.8750000000E+00     6.1088215783E-05
    8.9250000000E+00     4.5858861369E-05
    8.9750000000E+00     3.4279891858E-05
    9.0250000000E+00     2.5515563710E-05
    9.0750000000E+00     1.8911224048E-05
    9.1250000000E+00     1.3956678029E-05
    9.1750000000E+00     1.0256321511E-05
    9.2250000000E+00     7.5049454466E-06
    9.2750000000E+00     5.4682580259E-06
    9.3250000000E+00     3.9673014819E-06
    9.3750000000E+00     2.8660605194E-06
    9.4250000000E+00     2.0616676567E-06
    9.4750000000E+00     1.4767069327E-06
    9.5250000000E+00     1.0532016705E-06
    9.5750000000E+00     7.4794483860E-07
    9.6250000000E+00     5.2889284071E-07
    9.6750000000E+00     3.7239624451E-07
    9.7250000000E+00     2.6108507401E-07
    9.7750000000E+00     1.8226287658E-07
    9.8250000000E+00     1.2669384660E-07
    9.8750000000E+00     8.7691791384E-08
    9.9250000000E+00     6.0439526364E-08
    9.9750000000E+00     4.1483161593E-08
