#t= 2.120000
    2.5000000000E-02     5.4460396638E-01
    7.5000000000E-02     5.0540894277E-01
    1.2500000000E-01     4.6687010756E-01
    1.7500000000E-01     4.2927915762E-01
    2.2500000000E-01     3.9289245803E-01
    2.7500000000E-01     3.5792934067E-01
    3.2500000000E-01     3.2457135829E-01
    3.7500000000E-01     2.9296243387E-01
    4.2500000000E-01     2.6320982210E-01
    4.7500000000E-01     2.3538578282E-01
    5.2500000000E-01     2.0952985370E-01
    5.7500000000E-01     1.8565160230E-01
    6.2500000000E-01     1.6373373535E-01
    6.7500000000E-01     1.4373544536E-01
    7.2500000000E-01     1.2559588053E-01
    7.7500000000E-01     1.0923763362E-01
    8.2500000000E-01     9.4570157067E-02
    8.7500000000E-01     8.1493025400E-02
    9.2500000000E-01     6.9898980573E-02
    9.7500000000E-01     5.9676710884E-02
    1.0250000000E+00     5.0713328730E-02
    1.0750000000E+00     4.2896526330E-02
    1.1250000000E+00     3.6116401133E-02
    1.1750000000E+00     3.0266953682E-02
    1.2250000000E+00     2.5247270011E-02
    1.2750000000E+00     2.0962408144E-02
    1.3250000000E+00     1.7324013872E-02
    1.3750000000E+00     1.4250694919E-02
    1.4250000000E+00     1.1668184825E-02
    1.4750000000E+00     9.5093287449E-03
    1.5250000000E+00     7.7139229383E-03
    1.5750000000E+00     6.2284383638E-03
    1.6250000000E+00     5.0056566280E-03
    1.6750000000E+00     4.0042438436E-03
    1.7250000000E+00     3.1882849134E-03
    1.7750000000E+00     2.5267975482E-03
    1.8250000000E+00     1.9932421106E-03
    1.8750000000E+00     1.5650402615E-03
    1.9250000000E+00     1.2231124831E-03
    1.9750000000E+00     9.5144190647E-04
    2.0250000000E+00     7.3666954728E-04
    2.0750000000E+00     5.6772405019E-04
    2.1250000000E+00     4.3548737839E-04
    2.1750000000E+00     3.3249653863E-04
    2.2250000000E+00     2.5268038616E-04
    2.2750000000E+00     1.9112977755E-04
    2.3250000000E+00     1.4389879849E-04
    2.3750000000E+00     1.0783445418E-04
    2.4250000000E+00     8.0432035023E-05
    2.4750000000E+00     5.9713328283E-05
    2.5250000000E+00     4.4124904862E-05
    2.5750000000E+00     3.2453843783E-05
    2.6250000000E+00     2.3758440512E-05
    2.6750000000E+00     1.7311660383E-05
    2.7250000000E+00     1.2555328944E-05
    2.7750000000E+00     9.0632846744E-06
    2.8250000000E+00     6.5119472846E-06
    2.8750000000E+00     4.6569699571E-06
    2.9250000000E+00     3.3148423409E-06
    2.9750000000E+00     2.3484903317E-06
    3.0250000000E+00     1.6560777052E-06
    3.0750000000E+00     1.1623535777E-06
    3.1250000000E+00     8.1200928048E-07
    3.1750000000E+00     5.6460991081E-07
    3.2250000000E+00     3.9075122525E-07
    3.2750000000E+00     2.6916347452E-07
    3.3250000000E+00     1.8454207903E-07
    3.3750000000E+00     1.2593248677E-07
    3.4250000000E+00     8.5534795614E-08
    3.4750000000E+00     5.7824266663E-08
    3.5250000000E+00     3.8908039645E-08
    3.5750000000E+00     2.6057348836E-08
    3.6250000000E+00     1.7369323381E-08
    3.6750000000E+00     1.1523878018E-08
    3.7250000000E+00     7.6099559166E-09
    3.7750000000E+00     5.0020465885E-09
    3.8250000000E+00     3.2729322941E-09
    3.8750000000E+00     2.1323881570E-09
    3.9250000000E+00     1.3843694854E-09
    3.9750000000E+00     8.9729691805E-10
    4.0250000000E+00     5.8357694812E-10
    4.0750000000E+00     3.8561220414E-10
    4.1250000000E+00     2.6637013006E-10
    4.1750000000E+00     2.0317255950E-10
    4.2250000000E+00     1.8380465633E-10
    4.2750000000E+00     2.0436757357E-10
    4.3250000000E+00     2.6855211749E-10
    4.3750000000E+00     3.8822081761E-10
    4.4250000000E+00     5.8537933161E-10
    4.4750000000E+00     8.9582008787E-10
    4.5250000000E+00     1.3749576205E-09
    4.5750000000E+00     2.1066755422E-09
    4.6250000000E+00     3.2164044191E-09
    4.6750000000E+00     4.8901912820E-09
    4.7250000000E+00     7.4022606693E-09
    4.7750000000E+00     1.1154576433E-08
    4.8250000000E+00     1.6733288156E-08
    4.8750000000E+00     2.4988810131E-08
    4.9250000000E+00     3.7148795157E-08
    4.9750000000E+00     5.4976636142E-08
    5.0250000000E+00     8.0992617187E-08
    5.0750000000E+00     1.1878077203E-07
    5.1250000000E+00     1.7341230209E-07
    5.1750000000E+00     2.5202656570E-07
    5.2250000000E+00     3.6462379360E-07
    5.2750000000E+00     5.2514055901E-07
    5.3250000000E+00     7.5290052248E-07
    5.3750000000E+00     1.0745601230E-06
    5.4250000000E+00     1.5267029007E-06
    5.4750000000E+00     2.1592783729E-06
    5.5250000000E+00     3.0401333626E-06
    5.5750000000E+00     4.2609470188E-06
    5.6250000000E+00     5.9449572033E-06
    5.6750000000E+00     8.2569571548E-06
    5.7250000000E+00     1.1416149024E-05
    5.7750000000E+00     1.5712566409E-05
    5.8250000000E+00     2.1527922431E-05
    5.8750000000E+00     2.9361903546E-05
    5.9250000000E+00     3.9865111772E-05
    5.9750000000E+00     5.3880057555E-05
    6.0250000000E+00     7.2491818996E-05
    6.0750000000E+00     9.7090205364E-05
    6.1250000000E+00     1.2944548633E-04
    6.1750000000E+00     1.7179996291E-04
    6.2250000000E+00     2.2697784822E-04
    6.2750000000E+00     2.9851607960E-04
    6.3250000000E+00     3.9081877686E-04
    6.3750000000E+00     5.0933807198E-04
    6.4250000000E+00     6.6078393418E-04
    6.4750000000E+00     8.5336537183E-04
    6.5250000000E+00     1.0970649751E-03
    6.5750000000E+00     1.4039481373E-03
    6.6250000000E+00     1.7885074266E-03
    6.6750000000E+00     2.2680414369E-03
    6.7250000000E+00     2.8630660129E-03
    6.7750000000E+00     3.5977539862E-03
    6.8250000000E+00     4.5003974900E-03
    6.8750000000E+00     5.6038845266E-03
    6.9250000000E+00     6.9461787955E-03
    6.9750000000E+00     8.5707888762E-03
    7.0250000000E+00     1.0527209793E-02
    7.0750000000E+00     1.2871316854E-02
    7.1250000000E+00     1.5665688584E-02
    7.1750000000E+00     1.8979832748E-02
    7.2250000000E+00     2.2890286987E-02
    7.2750000000E+00     2.7480563784E-02
    7.3250000000E+00     3.2840908449E-02
    7.3750000000E+00     3.9067838837E-02
    7.4250000000E+00     4.6263436820E-02
    7.4750000000E+00     5.4534364271E-02
    7.5250000000E+00     6.3990580699E-02
    7.5750000000E+00     7.4743745797E-02
    7.6250000000E+00     8.6905298071E-02
    7.6750000000E+00     1.0058421041E-01
    7.7250000000E+00     1.1588443478E-01
    7.7750000000E+00     1.3290206098E-01
    7.8250000000E+00     1.5172222830E-01
    7.8750000000E+00     1.7241584335E-01
    7.9250000000E+00     1.9503617209E-01
    7.9750000000E+00     2.1961538812E-01
    8.0250000000E+00     2.4616117232E-01
    8.0750000000E+00     2.7465346991E-01
    8.1250000000E+00     3.0504151930E-01
    8.1750000000E+00     3.3724127216E-01
    8.2250000000E+00     3.7113332494E-01
    8.2750000000E+00     4.0656147854E-01
    8.3250000000E+00     4.4333203445E-01
    8.3750000000E+00     4.8121392175E-01
    8.4250000000E+00     5.1993973136E-01
    8.4750000000E+00     5.5920771005E-01
    8.5250000000E+00     5.9868473978E-01
    8.5750000000E+00     6.3801029707E-01
    8.6250000000E+00     6.7680135397E-01
    8.6750000000E+00     7.1465814826E-01
    8.7250000000E+00     7.5117071677E-01
    8.7750000000E+00     7.8592605353E-01
    8.8250000000E+00     8.1851572588E-01
    8.8750000000E+00     8.4854375754E-01
    8.9250000000E+00     8.7563456930E-01
    8.9750000000E+00     8.9944075707E-01
    9.0250000000E+00     9.1965048318E-01
    9.0750000000E+00     9.3599426209E-01
    9.1250000000E+00     9.4825093429E-01
    9.1750000000E+00     9.5625264357E-01
    9.2250000000E+00     9.5988866111E-01
    9.2750000000E+00     9.5910793474E-01
    9.3250000000E+00     9.5392028122E-01
    9.3750000000E+00     9.4439618279E-01
    9.4250000000E+00     9.3066519369E-01
    9.4750000000E+00     9.1291300704E-01
    9.5250000000E+00     8.9137727496E-01
    9.5750000000E+00     8.6634231346E-01
    9.6250000000E+00     8.3813285695E-01
    9.6750000000E+00     8.0710705434E-01
    9.7250000000E+00     7.7364891743E-01
    9.7750000000E+00     7.3816044389E-01
    9.8250000000E+00     7.0105363952E-01
    9.8750000000E+00     6.6274265916E-01
    9.9250000000E+00     6.2363627248E-01
    9.9750000000E+00     5.8413084090E-01
