#t= 1.920000
    2.5000000000E-02     1.0000000000E+00
    7.5000000000E-02     1.0000000000E+00
    1.2500000000E-01     1.0000000000E+00
    1.7500000000E-01     1.0000000000E+00
    2.2500000000E-01     1.0000000000E+00
    2.7500000000E-01     1.0000000000E+00
    3.2500000000E-01     1.0000000000E+00
    3.7500000000E-01     1.0000000000E+00
    4.2500000000E-01     1.0000000000E+00
    4.7500000000E-01     1.0000000000E+00
    5.2500000000E-01     1.0000000000E+00
    5.7500000000E-01     1.0000000000E+00
    6.2500000000E-01     1.0000000000E+00
    6.7500000000E-01     1.0000000000E+00
    7.2500000000E-01     1.0000000000E+00
    7.7500000000E-01     1.0000000000E+00
    8.2500000000E-01     1.0000000000E+00
    8.7500000000E-01     1.0000000000E+00
    9.2500000000E-01     1.0000000000E+00
    9.7500000000E-01     1.0000000000E+00
    1.0250000000E+00     1.0000000000E+00
    1.0750000000E+00     1.0000000000E+00
    1.1250000000E+00     1.0000000000E+00
    1.1750000000E+00     1.0000000000E+00
    1.2250000000E+00     1.0000000000E+00
    1.2750000000E+00     1.0000000000E+00
    1.3250000000E+00     1.0000000000E+00
    1.3750000000E+00     1.0000000000E+00
    1.4250000000E+00     1.0000000000E+00
    1.4750000000E+00     1.0000000000E+00
    1.5250000000E+00     1.0000000000E+00
    1.5750000000E+00     1.0000000000E+00
    1.6250000000E+00     1.0000000000E+00
    1.6750000000E+00     1.0000000000E+00
    1.7250000000E+00     1.0000000000E+00
    1.7750000000E+00     1.0000000000E+00
    1.8250000000E+00     1.0000000000E+00
    1.8750000000E+00     1.0000000000E+00
    1.9250000000E+00     1.0000000000E+00
    1.9750000000E+00     1.0000000000E+00
    2.0250000000E+00     1.0000000000E+00
    2.0750000000E+00     1.0000000000E+00
    2.1250000000E+00     1.0000000000E+00
    2.1750000000E+00     1.0000000000E+00
    2.2250000000E+00     1.0000000000E+00
    2.2750000000E+00     1.0000000000E+00
    2.3250000000E+00     1.0000000000E+00
    2.3750000000E+00     9.9999999999E-01
    2.4250000000E+00     9.9999999995E-01
    2.4750000000E+00     9.9999999979E-01
    2.5250000000E+00     9.9999999921E-01
    2.5750000000E+00     9.9999999713E-01
    2.6250000000E+00     9.9999998990E-01
    2.6750000000E+00     9.9999996594E-01
    2.7250000000E+00     9.9999988966E-01
    2.7750000000E+00     9.9999965687E-01
    2.8250000000E+00     9.9999897579E-01
    2.8750000000E+00     9.9999706598E-01
    2.9250000000E+00     9.9999193515E-01
    2.9750000000E+00     9.9997873338E-01
    3.0250000000E+00     9.9994621430E-01
    3.0750000000E+00     9.9986956632E-01
    3.1250000000E+00     9.9969678769E-01
    3.1750000000E+00     9.9932452364E-01
    3.2250000000E+00     9.9855839654E-01
    3.2750000000E+00     9.9705343500E-01
    3.3250000000E+00     9.9423390407E-01
    3.3750000000E+00     9.8920041761E-01
    3.4250000000E+00     9.8064637440E-01
    3.4750000000E+00     9.6682333262E-01
    3.5250000000E+00     9.4560923917E-01
    3.5750000000E+00     9.1473330851E-01
    3.6250000000E+00     8.7218472718E-01
    3.6750000000E+00     8.1677375236E-01
    3.7250000000E+00     7.4873319850E-01
    3.7750000000E+00     6.7017565014E-01
    3.8250000000E+00     5.8519966805E-01
    3.8750000000E+00     4.9950162223E-01
    3.9250000000E+00     4.1949936531E-01
    3.9750000000E+00     3.5116155173E-01
    4.0250000000E+00     2.9887766111E-01
    4.0750000000E+00     2.6471994885E-01
    4.1250000000E+00     2.4831583506E-01
    4.1750000000E+00     2.4732200822E-01
    4.2250000000E+00     2.5827761323E-01
    4.2750000000E+00     2.7751325336E-01
    4.3250000000E+00     3.0183922057E-01
    4.3750000000E+00     3.2888407468E-01
    4.4250000000E+00     3.5711377060E-01
    4.4750000000E+00     3.8565748365E-01
    4.5250000000E+00     4.1407743652E-01
    4.5750000000E+00     4.4217388945E-01
    4.6250000000E+00     4.6985777789E-01
    4.6750000000E+00     4.9708343668E-01
    4.7250000000E+00     5.2381952248E-01
    4.7750000000E+00     5.5003879388E-01
    4.8250000000E+00     5.7571525504E-01
    4.8750000000E+00     6.0082355525E-01
    4.9250000000E+00     6.2533891515E-01
    4.9750000000E+00     6.4923714104E-01
    5.0250000000E+00     6.7249464825E-01
    5.0750000000E+00     6.9508848444E-01
    5.1250000000E+00     7.1699635221E-01
    5.1750000000E+00     7.3819663115E-01
    5.2250000000E+00     7.5866839914E-01
    5.2750000000E+00     7.7839145301E-01
    5.3250000000E+00     7.9734632849E-01
    5.3750000000E+00     8.1551431941E-01
    5.4250000000E+00     8.3287749616E-01
    5.4750000000E+00     8.4941872337E-01
    5.5250000000E+00     8.6512167685E-01
    5.5750000000E+00     8.7997085969E-01
    5.6250000000E+00     8.9395161753E-01
    5.6750000000E+00     9.0705015305E-01
    5.7250000000E+00     9.1925353957E-01
    5.7750000000E+00     9.3054973384E-01
    5.8250000000E+00     9.4092758787E-01
    5.8750000000E+00     9.5037685996E-01
    5.9250000000E+00     9.5888822484E-01
    5.9750000000E+00     9.6645328281E-01
    6.0250000000E+00     9.7306456806E-01
    6.0750000000E+00     9.7871555607E-01
    6.1250000000E+00     9.8340066999E-01
    6.1750000000E+00     9.8711528617E-01
    6.2250000000E+00     9.8985573874E-01
    6.2750000000E+00     9.9161932320E-01
    6.3250000000E+00     9.9240429912E-01
    6.3750000000E+00     9.9220989180E-01
    6.4250000000E+00     9.9103629311E-01
    6.4750000000E+00     9.8888466125E-01
    6.5250000000E+00     9.8575711961E-01
    6.5750000000E+00     9.8165675471E-01
    6.6250000000E+00     9.7658761312E-01
    6.6750000000E+00     9.7055469745E-01
    6.7250000000E+00     9.6356396147E-01
    6.7750000000E+00     9.5562230420E-01
    6.8250000000E+00     9.4673756308E-01
    6.8750000000E+00     9.3691850629E-01
    6.9250000000E+00     9.2617482405E-01
    6.9750000000E+00     9.1451711908E-01
    7.0250000000E+00     9.0195689612E-01
    7.0750000000E+00     8.8850655060E-01
    7.1250000000E+00     8.7417935639E-01
    7.1750000000E+00     8.5898945269E-01
    7.2250000000E+00     8.4295183011E-01
    7.2750000000E+00     8.2608231584E-01
    7.3250000000E+00     8.0839755806E-01
    7.3750000000E+00     7.8991500949E-01
    7.4250000000E+00     7.7065291018E-01
    7.4750000000E+00     7.5063026948E-01
    7.5250000000E+00     7.2986684733E-01
    7.5750000000E+00     7.0838313473E-01
    7.6250000000E+00     6.8620033349E-01
    7.6750000000E+00     6.6334033537E-01
    7.7250000000E+00     6.3982570042E-01
    7.7750000000E+00     6.1567963476E-01
    7.8250000000E+00     5.9092596762E-01
    7.8750000000E+00     5.6558912790E-01
    7.9250000000E+00     5.3969412000E-01
    7.9750000000E+00     5.1326649916E-01
    8.0250000000E+00     4.8633234625E-01
    8.0750000000E+00     4.5891824203E-01
    8.1250000000E+00     4.3105124091E-01
    8.1750000000E+00     4.0275884426E-01
    8.2250000000E+00     3.7406897325E-01
    8.2750000000E+00     3.4500994133E-01
    8.3250000000E+00     3.1561042625E-01
    8.3750000000E+00     2.8589944179E-01
    8.4250000000E+00     2.5590630909E-01
    8.4750000000E+00     2.2566062776E-01
    8.5250000000E+00     1.9519224663E-01
    8.5750000000E+00     1.6453123433E-01
    8.6250000000E+00     1.3370784956E-01
    8.6750000000E+00     1.0275251128E-01
    8.7250000000E+00     7.1695768687E-02
    8.7750000000E+00     4.0568271021E-02
    8.8250000000E+00     9.4007373698E-03
    8.8750000000E+00    -2.1776073674E-02
    8.9250000000E+00    -5.2931394363E-02
    8.9750000000E+00    -8.4034478155E-02
    9.0250000000E+00    -1.1505463006E-01
    9.0750000000E+00    -1.4596123694E-01
    9.1250000000E+00    -1.7672379770E-01
    9.1750000000E+00    -2.0731195341E-01
    9.2250000000E+00    -2.3769551725E-01
    9.2750000000E+00    -2.6784450431E-01
    9.3250000000E+00    -2.9772916118E-01
    9.3750000000E+00    -3.2731999532E-01
    9.4250000000E+00    -3.5658780414E-01
    9.4750000000E+00    -3.8550370384E-01
    9.5250000000E+00    -4.1403915794E-01
    9.5750000000E+00    -4.4216600537E-01
    9.6250000000E+00    -4.6985648834E-01
    9.6750000000E+00    -4.9708327968E-01
    9.7250000000E+00    -5.2381950984E-01
    9.7750000000E+00    -5.5003879338E-01
    9.8250000000E+00    -5.7571525504E-01
    9.8750000000E+00    -6.0082355525E-01
    9.9250000000E+00    -6.2533891515E-01
    9.9750000000E+00    -6.4923714104E-01
