#t= 5.160000
    2.5000000000E-02     7.8731308957E-09
    7.5000000000E-02     5.3639887447E-09
    1.2500000000E-01     3.7123020444E-09
    1.7500000000E-01     2.6684804557E-09
    2.2500000000E-01     2.0714538908E-09
    2.7500000000E-01     1.8268506739E-09
    3.2500000000E-01     1.8938759424E-09
    3.7500000000E-01     2.2793336813E-09
    4.2500000000E-01     3.0380449016E-09
    4.7500000000E-01     4.2796473880E-09
    5.2500000000E-01     6.1824871695E-09
    5.7500000000E-01     9.0160952503E-09
    6.2500000000E-01     1.3174655341E-08
    6.7500000000E-01     1.9224987384E-08
    7.2500000000E-01     2.7973988237E-08
    7.7500000000E-01     4.0562293306E-08
    8.2500000000E-01     5.8593282932E-08
    8.7500000000E-01     8.4309615704E-08
    9.2500000000E-01     1.2083342471E-07
    9.7500000000E-01     1.7249140170E-07
    1.0250000000E+00     2.4525250888E-07
    1.0750000000E+00     3.4731434745E-07
    1.1250000000E+00     4.8988469025E-07
    1.1750000000E+00     6.8821784158E-07
    1.2250000000E+00     9.6298188481E-07
    1.2750000000E+00     1.3420531675E-06
    1.3250000000E+00     1.8628592824E-06
    1.3750000000E+00     2.5754221400E-06
    1.4250000000E+00     3.5462893641E-06
    1.4750000000E+00     4.8635860985E-06
    1.5250000000E+00     6.6434713270E-06
    1.5750000000E+00     9.0383438842E-06
    1.6250000000E+00     1.2247214303E-05
    1.6750000000E+00     1.6528740170E-05
    1.7250000000E+00     2.2217515138E-05
    1.7750000000E+00     2.9744305263E-05
    1.8250000000E+00     3.9661040311E-05
    1.8750000000E+00     5.2671491175E-05
    1.9250000000E+00     6.9668695328E-05
    1.9750000000E+00     9.1780327538E-05
    2.0250000000E+00     1.2042334849E-04
    2.0750000000E+00     1.5736939390E-04
    2.1250000000E+00     2.0482248373E-04
    2.1750000000E+00     2.6551072669E-04
    2.2250000000E+00     3.4279375736E-04
    2.2750000000E+00     4.4078766074E-04
    2.3250000000E+00     5.6450909548E-04
    2.3750000000E+00     7.2004020779E-04
    2.4250000000E+00     9.1471571420E-04
    2.4750000000E+00     1.1573332057E-03
    2.5250000000E+00     1.4583872690E-03
    2.5750000000E+00     1.8303274153E-03
    2.6250000000E+00     2.2878390391E-03
    2.6750000000E+00     2.8481456824E-03
    2.7250000000E+00     3.5313297520E-03
    2.7750000000E+00     4.3606675233E-03
    2.8250000000E+00     5.3629727692E-03
    2.8750000000E+00     6.5689417034E-03
    2.9250000000E+00     8.0134901374E-03
    2.9750000000E+00     9.7360718763E-03
    3.0250000000E+00     1.1780965462E-02
    3.0750000000E+00     1.4197514496E-02
    3.1250000000E+00     1.7040305007E-02
    3.1750000000E+00     2.0369261789E-02
    3.2250000000E+00     2.4249644401E-02
    3.2750000000E+00     2.8751922740E-02
    3.3250000000E+00     3.3951511885E-02
    3.3750000000E+00     3.9928346356E-02
    3.4250000000E+00     4.6766275205E-02
    3.4750000000E+00     5.4552261503E-02
    3.5250000000E+00     6.3375372925E-02
    3.5750000000E+00     7.3325554297E-02
    3.6250000000E+00     8.4492178185E-02
    3.6750000000E+00     9.6962375798E-02
    3.7250000000E+00     1.1081915766E-01
    3.7750000000E+00     1.2613934147E-01
    3.8250000000E+00     1.4299131302E-01
    3.8750000000E+00     1.6143265522E-01
    3.9250000000E+00     1.8150768896E-01
    3.9750000000E+00     2.0324497846E-01
    4.0250000000E+00     2.2665486194E-01
    4.0750000000E+00     2.5172707489E-01
    4.1250000000E+00     2.7842853961E-01
    4.1750000000E+00     3.0670139746E-01
    4.2250000000E+00     3.3646136224E-01
    4.2750000000E+00     3.6759647192E-01
    4.3250000000E+00     3.9996631171E-01
    4.3750000000E+00     4.3340177501E-01
    4.4250000000E+00     4.6770541875E-01
    4.4750000000E+00     5.0265245696E-01
    4.5250000000E+00     5.3799242129E-01
    4.5750000000E+00     5.7345149940E-01
    4.6250000000E+00     6.0873554285E-01
    4.6750000000E+00     6.4353371560E-01
    4.7250000000E+00     6.7752273303E-01
    4.7750000000E+00     7.1037162074E-01
    4.8250000000E+00     7.4174690256E-01
    4.8750000000E+00     7.7131810939E-01
    4.9250000000E+00     7.9876348562E-01
    4.9750000000E+00     8.2377575771E-01
    5.0250000000E+00     8.4606782226E-01
    5.0750000000E+00     8.6537820738E-01
    5.1250000000E+00     8.8147616283E-01
    5.1750000000E+00     8.9416624085E-01
    5.2250000000E+00     9.0329224069E-01
    5.2750000000E+00     9.0874040586E-01
    5.3250000000E+00     9.1044178244E-01
    5.3750000000E+00     9.0837367041E-01
    5.4250000000E+00     9.0256012517E-01
    5.4750000000E+00     8.9307149378E-01
    5.5250000000E+00     8.8002299858E-01
    5.5750000000E+00     8.6357240779E-01
    5.6250000000E+00     8.4391685916E-01
    5.6750000000E+00     8.2128892591E-01
    5.7250000000E+00     7.9595203505E-01
    5.7750000000E+00     7.6819536396E-01
    5.8250000000E+00     7.3832835382E-01
    5.8750000000E+00     7.0667498489E-01
    5.9250000000E+00     6.7356796142E-01
    5.9750000000E+00     6.3934295107E-01
    6.0250000000E+00     6.0433301641E-01
    6.0750000000E+00     5.6886336491E-01
    6.1250000000E+00     5.3324652861E-01
    6.1750000000E+00     4.9777806703E-01
    6.2250000000E+00     4.6273286688E-01
    6.2750000000E+00     4.2836209100E-01
    6.3250000000E+00     3.9489080770E-01
    6.3750000000E+00     3.6251631011E-01
    6.4250000000E+00     3.3140711560E-01
    6.4750000000E+00     3.0170261694E-01
    6.5250000000E+00     2.7351334084E-01
    6.5750000000E+00     2.4692175655E-01
    6.6250000000E+00     2.2198356673E-01
    6.6750000000E+00     1.9872940543E-01
    6.7250000000E+00     1.7716686416E-01
    6.7750000000E+00     1.5728276533E-01
    6.8250000000E+00     1.3904560391E-01
    6.8750000000E+00     1.2240808183E-01
    6.9250000000E+00     1.0730966528E-01
    6.9750000000E+00     9.3679102239E-02
    7.0250000000E+00     8.1436846081E-02
    7.0750000000E+00     7.0497340024E-02
    7.1250000000E+00     6.0771126623E-02
    7.1750000000E+00     5.2166755831E-02
    7.2250000000E+00     4.4592474039E-02
    7.2750000000E+00     3.7957684845E-02
    7.3250000000E+00     3.2174179718E-02
    7.3750000000E+00     2.7157143217E-02
    7.4250000000E+00     2.2825942776E-02
    7.4750000000E+00     1.9104717430E-02
    7.5250000000E+00     1.5922782989E-02
    7.5750000000E+00     1.3214873397E-02
    7.6250000000E+00     1.0921239225E-02
    7.6750000000E+00     8.9876246320E-03
    7.7250000000E+00     7.3651438366E-03
    7.7750000000E+00     6.0100771911E-03
    7.8250000000E+00     4.8836056339E-03
    7.8750000000E+00     3.9515005762E-03
    7.9250000000E+00     3.1837843877E-03
    7.9750000000E+00     2.5543746269E-03
    8.0250000000E+00     2.0407231259E-03
    8.0750000000E+00     1.6234590544E-03
    8.1250000000E+00     1.2860432078E-03
    8.1750000000E+00     1.0144390402E-03
    8.2250000000E+00     7.9680441213E-04
    8.2750000000E+00     6.2320667221E-04
    8.3250000000E+00     4.8536253900E-04
    8.3750000000E+00     3.7640329400E-04
    8.4250000000E+00     2.9066503071E-04
    8.4750000000E+00     2.2350311065E-04
    8.5250000000E+00     1.7112953883E-04
    8.5750000000E+00     1.3047166862E-04
    8.6250000000E+00     9.9050458074E-05
    8.6750000000E+00     7.4876407884E-05
    8.7250000000E+00     5.6361294869E-05
    8.7750000000E+00     4.2243858291E-05
    8.8250000000E+00     3.1527682790E-05
    8.8750000000E+00     2.3429638842E-05
    8.9250000000E+00     1.7337377640E-05
    8.9750000000E+00     1.2774523312E-05
    9.0250000000E+00     9.3723539816E-06
    9.0750000000E+00     6.8469089852E-06
    9.1250000000E+00     4.9805984098E-06
    9.1750000000E+00     3.6075204526E-06
    9.2250000000E+00     2.6018100794E-06
    9.2750000000E+00     1.8684483826E-06
    9.3250000000E+00     1.3360556687E-06
    9.3750000000E+00     9.5127298527E-07
    9.4250000000E+00     6.7440717209E-07
    9.4750000000E+00     4.7607448439E-07
    9.5250000000E+00     3.3462838024E-07
    9.5750000000E+00     2.3419925554E-07
    9.6250000000E+00     1.6320879594E-07
    9.6750000000E+00     1.1325020524E-07
    9.7250000000E+00     7.8248799804E-08
    9.7750000000E+00     5.3836180061E-08
    9.8250000000E+00     3.6886158512E-08
    9.8750000000E+00     2.5172501190E-08
    9.9250000000E+00     1.7117895614E-08
    9.9750000000E+00     1.1610876842E-08
