#t= 2.880000
    2.5000000000E-02     1.0000000000E+00
    7.5000000000E-02     1.0000000000E+00
    1.2500000000E-01     1.0000000000E+00
    1.7500000000E-01     1.0000000000E+00
    2.2500000000E-01     1.0000000000E+00
    2.7500000000E-01     1.0000000000E+00
    3.2500000000E-01     1.0000000000E+00
    3.7500000000E-01     1.0000000000E+00
    4.2500000000E-01     1.0000000000E+00
    4.7500000000E-01     1.0000000000E+00
    5.2500000000E-01     1.0000000000E+00
    5.7500000000E-01     1.0000000000E+00
    6.2500000000E-01     1.0000000000E+00
    6.7500000000E-01     1.0000000000E+00
    7.2500000000E-01     1.0000000000E+00
    7.7500000000E-01     1.0000000000E+00
    8.2500000000E-01     1.0000000000E+00
    8.7500000000E-01     1.0000000000E+00
    9.2500000000E-01     1.0000000000E+00
    9.7500000000E-01     1.0000000000E+00
    1.0250000000E+00     1.0000000000E+00
    1.0750000000E+00     1.0000000000E+00
    1.1250000000E+00     1.0000000000E+00
    1.1750000000E+00     1.0000000000E+00
    1.2250000000E+00     1.0000000000E+00
    1.2750000000E+00     1.0000000000E+00
    1.3250000000E+00     1.0000000000E+00
    1.3750000000E+00     1.0000000000E+00
    1.4250000000E+00     1.0000000000E+00
    1.4750000000E+00     1.0000000000E+00
    1.5250000000E+00     1.0000000000E+00
    1.5750000000E+00     1.0000000000E+00
    1.6250000000E+00     1.0000000000E+00
    1.6750000000E+00     1.0000000000E+00
    1.7250000000E+00     1.0000000000E+00
    1.7750000000E+00     1.0000000000E+00
    1.8250000000E+00     1.0000000000E+00
    1.8750000000E+00     1.0000000000E+00
    1.9250000000E+00     1.0000000000E+00
    1.9750000000E+00     1.0000000000E+00
    2.0250000000E+00     1.0000000000E+00
    2.0750000000E+00     1.0000000000E+00
    2.1250000000E+00     1.0000000000E+00
    2.1750000000E+00     1.0000000000E+00
    2.2250000000E+00     1.0000000000E+00
    2.2750000000E+00     1.0000000000E+00
    2.3250000000E+00     1.0000000000E+00
    2.3750000000E+00     1.0000000000E+00
    2.4250000000E+00     1.0000000000E+00
    2.4750000000E+00     1.0000000000E+00
    2.5250000000E+00     1.0000000000E+00
    2.5750000000E+00     1.0000000000E+00
    2.6250000000E+00     1.0000000000E+00
    2.6750000000E+00     1.0000000000E+00
    2.7250000000E+00     1.0000000000E+00
    2.7750000000E+00     1.0000000000E+00
    2.8250000000E+00     1.0000000000E+00
    2.8750000000E+00     1.0000000000E+00
    2.9250000000E+00     1.0000000000E+00
    2.9750000000E+00     1.0000000000E+00
    3.0250000000E+00     1.0000000000E+00
    3.0750000000E+00     1.0000000000E+00
    3.1250000000E+00     1.0000000000E+00
    3.1750000000E+00     1.0000000000E+00
    3.2250000000E+00     1.0000000000E+00
    3.2750000000E+00     1.0000000000E+00
    3.3250000000E+00     1.0000000000E+00
    3.3750000000E+00     1.0000000000E+00
    3.4250000000E+00     1.0000000000E+00
    3.4750000000E+00     1.0000000000E+00
    3.5250000000E+00     1.0000000000E+00
    3.5750000000E+00     1.0000000000E+00
    3.6250000000E+00     1.0000000000E+00
    3.6750000000E+00     1.0000000000E+00
    3.7250000000E+00     1.0000000000E+00
    3.7750000000E+00     1.0000000000E+00
    3.8250000000E+00     1.0000000000E+00
    3.8750000000E+00     1.0000000000E+00
    3.9250000000E+00     1.0000000000E+00
    3.9750000000E+00     9.9999999999E-01
    4.0250000000E+00     9.9999999997E-01
    4.0750000000E+00     9.9999999991E-01
    4.1250000000E+00     9.9999999972E-01
    4.1750000000E+00     9.9999999916E-01
    4.2250000000E+00     9.9999999754E-01
    4.2750000000E+00     9.9999999295E-01
    4.3250000000E+00     9.9999998037E-01
    4.3750000000E+00     9.9999994686E-01
    4.4250000000E+00     9.9999986010E-01
    4.4750000000E+00     9.9999964194E-01
    4.5250000000E+00     9.9999910919E-01
    4.5750000000E+00     9.9999784601E-01
    4.6250000000E+00     9.9999493856E-01
    4.6750000000E+00     9.9998844397E-01
    4.7250000000E+00     9.9997436835E-01
    4.7750000000E+00     9.9994477893E-01
    4.8250000000E+00     9.9988446379E-01
    4.8750000000E+00     9.9976528589E-01
    4.9250000000E+00     9.9953709787E-01
    4.9750000000E+00     9.9911388859E-01
    5.0250000000E+00     9.9835389739E-01
    5.0750000000E+00     9.9703300991E-01
    5.1250000000E+00     9.9481212714E-01
    5.1750000000E+00     9.9120159862E-01
    5.2250000000E+00     9.8552920785E-01
    5.2750000000E+00     9.7692212246E-01
    5.3250000000E+00     9.6431658772E-01
    5.3750000000E+00     9.4651027402E-01
    5.4250000000E+00     9.2226915538E-01
    5.4750000000E+00     8.9049212870E-01
    5.5250000000E+00     8.5042224095E-01
    5.5750000000E+00     8.0187562630E-01
    5.6250000000E+00     7.4544284121E-01
    5.6750000000E+00     6.8260863993E-01
    5.7250000000E+00     6.1574131649E-01
    5.7750000000E+00     5.4792427805E-01
    5.8250000000E+00     4.8263768464E-01
    5.8750000000E+00     4.2333794812E-01
    5.9250000000E+00     3.7301496069E-01
    5.9750000000E+00     3.3381914399E-01
    6.0250000000E+00     3.0683660862E-01
    6.0750000000E+00     2.9205382814E-01
    6.1250000000E+00     2.8850488020E-01
    6.1750000000E+00     2.9455044487E-01
    6.2250000000E+00     3.0821225051E-01
    6.2750000000E+00     3.2748583359E-01
    6.3250000000E+00     3.5057516208E-01
    6.3750000000E+00     3.7602454200E-01
    6.4250000000E+00     4.0275394310E-01
    6.4750000000E+00     4.3002423807E-01
    6.5250000000E+00     4.5736560645E-01
    6.5750000000E+00     4.8449788011E-01
    6.6250000000E+00     5.1126130493E-01
    6.6750000000E+00     5.3756545340E-01
    6.7250000000E+00     5.6335622042E-01
    6.7750000000E+00     5.8859690356E-01
    6.8250000000E+00     6.1325852971E-01
    6.8750000000E+00     6.3731544419E-01
    6.9250000000E+00     6.6074352666E-01
    6.9750000000E+00     6.8351956056E-01
    7.0250000000E+00     7.0562104774E-01
    7.0750000000E+00     7.2702617281E-01
    7.1250000000E+00     7.4771381090E-01
    7.1750000000E+00     7.6766354573E-01
    7.2250000000E+00     7.8685568933E-01
    7.2750000000E+00     8.0527130137E-01
    7.3250000000E+00     8.2289220785E-01
    7.3750000000E+00     8.3970101907E-01
    7.4250000000E+00     8.5568114676E-01
    7.4750000000E+00     8.7081682046E-01
    7.5250000000E+00     8.8509310310E-01
    7.5750000000E+00     8.9849590571E-01
    7.6250000000E+00     9.1101200134E-01
    7.6750000000E+00     9.2262903810E-01
    7.7250000000E+00     9.3333555140E-01
    7.7750000000E+00     9.4312097519E-01
    7.8250000000E+00     9.5197565244E-01
    7.8750000000E+00     9.5989084466E-01
    7.9250000000E+00     9.6685874050E-01
    7.9750000000E+00     9.7287246350E-01
    8.0250000000E+00     9.7792607883E-01
    8.0750000000E+00     9.8201459918E-01
    8.1250000000E+00     9.8513398969E-01
    8.1750000000E+00     9.8728117189E-01
    8.2250000000E+00     9.8845402676E-01
    8.2750000000E+00     9.8865139685E-01
    8.3250000000E+00     9.8787308737E-01
    8.3750000000E+00     9.8611986642E-01
    8.4250000000E+00     9.8339346422E-01
    8.4750000000E+00     9.7969657140E-01
    8.5250000000E+00     9.7503283634E-01
    8.5750000000E+00     9.6940686159E-01
    8.6250000000E+00     9.6282419930E-01
    8.6750000000E+00     9.5529134577E-01
    8.7250000000E+00     9.4681573502E-01
    8.7750000000E+00     9.3740573145E-01
    8.8250000000E+00     9.2707062159E-01
    8.8750000000E+00     9.1582060496E-01
    8.9250000000E+00     9.0366678396E-01
    8.9750000000E+00     8.9062115295E-01
    9.0250000000E+00     8.7669658638E-01
    9.0750000000E+00     8.6190682612E-01
    9.1250000000E+00     8.4626646789E-01
    9.1750000000E+00     8.2979094683E-01
    9.2250000000E+00     8.1249652228E-01
    9.2750000000E+00     7.9440026176E-01
    9.3250000000E+00     7.7552002409E-01
    9.3750000000E+00     7.5587444179E-01
    9.4250000000E+00     7.3548290267E-01
    9.4750000000E+00     7.1436553072E-01
    9.5250000000E+00     6.9254316624E-01
    9.5750000000E+00     6.7003734526E-01
    9.6250000000E+00     6.4687027832E-01
    9.6750000000E+00     6.2306482852E-01
    9.7250000000E+00     5.9864448895E-01
    9.7750000000E+00     5.7363335954E-01
    9.8250000000E+00     5.4805612327E-01
    9.8750000000E+00     5.2193802177E-01
    9.9250000000E+00     4.9530483045E-01
    9.9750000000E+00     4.6818283307E-01
