#t= 0.520000
    2.5000000000E-02     1.6971665735E-07
    7.5000000000E-02     1.1447991883E-07
    1.2500000000E-01     7.6841690309E-08
    1.7500000000E-01     5.1324785342E-08
    2.2500000000E-01     3.4112998182E-08
    2.7500000000E-01     2.2561867279E-08
    3.2500000000E-01     1.4848838071E-08
    3.7500000000E-01     9.7246071731E-09
    4.2500000000E-01     6.3374378056E-09
    4.7500000000E-01     4.1097677957E-09
    5.2500000000E-01     2.6520559291E-09
    5.7500000000E-01     1.7029810875E-09
    6.2500000000E-01     1.0881756659E-09
    6.7500000000E-01     6.9191539277E-10
    7.2500000000E-01     4.3781398452E-10
    7.7500000000E-01     2.7574488079E-10
    8.2500000000E-01     1.7305436140E-10
    8.7500000000E-01     1.0872602449E-10
    9.2500000000E-01     6.9562915750E-11
    9.7500000000E-01     4.7716923816E-11
    1.0250000000E+00     3.9078741271E-11
    1.0750000000E+00     4.2229187661E-11
    1.1250000000E+00     5.7883255747E-11
    1.1750000000E+00     8.8945938825E-11
    1.2250000000E+00     1.4130085685E-10
    1.2750000000E+00     2.2530685857E-10
    1.3250000000E+00     3.5796596395E-10
    1.3750000000E+00     5.6602337867E-10
    1.4250000000E+00     8.9065876704E-10
    1.4750000000E+00     1.3946735124E-09
    1.5250000000E+00     2.1732909458E-09
    1.5750000000E+00     3.3701341181E-09
    1.6250000000E+00     5.2006829390E-09
    1.6750000000E+00     7.9865154067E-09
    1.7250000000E+00     1.2205004270E-08
    1.7750000000E+00     1.8561029720E-08
    1.8250000000E+00     2.8089862130E-08
    1.8750000000E+00     4.2303903450E-08
    1.9250000000E+00     6.3400758276E-08
    1.9750000000E+00     9.4556528357E-08
    2.0250000000E+00     1.4033678518E-07
    2.0750000000E+00     2.0726899793E-07
    2.1250000000E+00     3.0463505161E-07
    2.1750000000E+00     4.4556182863E-07
    2.2250000000E+00     6.4851278818E-07
    2.2750000000E+00     9.3931542205E-07
    2.3250000000E+00     1.3538999826E-06
    2.3750000000E+00     1.9419758004E-06
    2.4250000000E+00     2.7719348937E-06
    2.4750000000E+00     3.9373506826E-06
    2.5250000000E+00     5.5655348685E-06
    2.5750000000E+00     7.8287303852E-06
    2.6250000000E+00     1.0958655176E-05
    2.6750000000E+00     1.5265272511E-05
    2.7250000000E+00     2.1160850291E-05
    2.7750000000E+00     2.9190585008E-05
    2.8250000000E+00     4.0071305504E-05
    2.8750000000E+00     5.4740035066E-05
    2.9250000000E+00     7.4414473730E-05
    2.9750000000E+00     1.0066775867E-04
    3.0250000000E+00     1.3552015887E-04
    3.0750000000E+00     1.8155064659E-04
    3.1250000000E+00     2.4203154306E-04
    3.1750000000E+00     3.2108963584E-04
    3.2250000000E+00     4.2389728034E-04
    3.2750000000E+00     5.5689699398E-04
    3.3250000000E+00     7.2806288789E-04
    3.3750000000E+00     9.4720191422E-04
    3.4250000000E+00     1.2262972902E-03
    3.4750000000E+00     1.5798955437E-03
    3.5250000000E+00     2.0255373654E-03
    3.5750000000E+00     2.5842308029E-03
    3.6250000000E+00     3.2809632683E-03
    3.6750000000E+00     4.1452463225E-03
    3.7250000000E+00     5.2116842579E-03
    3.7750000000E+00     6.5205541408E-03
    3.8250000000E+00     8.1183812553E-03
    3.8750000000E+00     1.0058489893E-02
    3.9250000000E+00     1.2401505288E-02
    3.9750000000E+00     1.5215778373E-02
    4.0250000000E+00     1.8577701103E-02
    4.0750000000E+00     2.2571876679E-02
    4.1250000000E+00     2.7291106279E-02
    4.1750000000E+00     3.2836152243E-02
    4.2250000000E+00     3.9315237378E-02
    4.2750000000E+00     4.6843241399E-02
    4.3250000000E+00     5.5540558821E-02
    4.3750000000E+00     6.5531588175E-02
    4.4250000000E+00     7.6942830248E-02
    4.4750000000E+00     8.9900583423E-02
    4.5250000000E+00     1.0452823693E-01
    4.5750000000E+00     1.2094317780E-01
    4.6250000000E+00     1.3925334439E-01
    4.6750000000E+00     1.5955347752E-01
    4.7250000000E+00     1.8192113983E-01
    4.7750000000E+00     2.0641259306E-01
    4.8250000000E+00     2.3305864160E-01
    4.8750000000E+00     2.6186056737E-01
    4.9250000000E+00     2.9278629464E-01
    4.9750000000E+00     3.2576693393E-01
    5.0250000000E+00     3.6069385851E-01
    5.0750000000E+00     3.9741646688E-01
    5.1250000000E+00     4.3574077746E-01
    5.1750000000E+00     4.7542898764E-01
    5.2250000000E+00     5.1620010920E-01
    5.2750000000E+00     5.5773176396E-01
    5.3250000000E+00     5.9966319094E-01
    5.3750000000E+00     6.4159947687E-01
    5.4250000000E+00     6.8311698032E-01
    5.4750000000E+00     7.2376987457E-01
    5.5250000000E+00     7.6309768971E-01
    5.5750000000E+00     8.0063369132E-01
    5.6250000000E+00     8.3591389333E-01
    5.6750000000E+00     8.6848646913E-01
    5.7250000000E+00     8.9792129880E-01
    5.7750000000E+00     9.2381937330E-01
    5.8250000000E+00     9.4582176983E-01
    5.8750000000E+00     9.6361791710E-01
    5.9250000000E+00     9.7695288477E-01
    5.9750000000E+00     9.8563345821E-01
    6.0250000000E+00     9.8953279619E-01
    6.0750000000E+00     9.8859351476E-01
    6.1250000000E+00     9.8282909233E-01
    6.1750000000E+00     9.7232354795E-01
    6.2250000000E+00     9.5722940361E-01
    6.2750000000E+00     9.3776399949E-01
    6.3250000000E+00     9.1420428662E-01
    6.3750000000E+00     8.8688027146E-01
    6.4250000000E+00     8.5616732905E-01
    6.4750000000E+00     8.2247763500E-01
    6.5250000000E+00     7.8625098912E-01
    6.5750000000E+00     7.4794531527E-01
    6.6250000000E+00     7.0802712254E-01
    6.6750000000E+00     6.6696220208E-01
    6.7250000000E+00     6.2520681365E-01
    6.7750000000E+00     5.8319958672E-01
    6.8250000000E+00     5.4135432485E-01
    6.8750000000E+00     5.0005386086E-01
    6.9250000000E+00     4.5964506623E-01
    6.9750000000E+00     4.2043507290E-01
    7.0250000000E+00     3.8268872171E-01
    7.0750000000E+00     3.4662721035E-01
    7.1250000000E+00     3.1242787680E-01
    7.1750000000E+00     2.8022502269E-01
    7.2250000000E+00     2.5011165623E-01
    7.2750000000E+00     2.2214201568E-01
    7.3250000000E+00     1.9633472349E-01
    7.3750000000E+00     1.7267641613E-01
    7.4250000000E+00     1.5112569662E-01
    7.4750000000E+00     1.3161726357E-01
    7.5250000000E+00     1.1406608207E-01
    7.5750000000E+00     9.8371477020E-02
    7.6250000000E+00     8.4421047001E-02
    7.6750000000E+00     7.2094315756E-02
    7.7250000000E+00     6.1266057964E-02
    7.7750000000E+00     5.1809255074E-02
    7.8250000000E+00     4.3597654996E-02
    7.8750000000E+00     3.6507925810E-02
    7.9250000000E+00     3.0421407926E-02
    7.9750000000E+00     2.5225481011E-02
    8.0250000000E+00     2.0814571479E-02
    8.0750000000E+00     1.7090833319E-02
    8.1250000000E+00     1.3964539693E-02
    8.1750000000E+00     1.1354225311E-02
    8.2250000000E+00     9.1866202433E-03
    8.2750000000E+00     7.3964149534E-03
    8.3250000000E+00     5.9258942360E-03
    8.3750000000E+00     4.7244746603E-03
    8.4250000000E+00     3.7481764521E-03
    8.4750000000E+00     2.9590566788E-03
    8.5250000000E+00     2.3246264138E-03
    8.5750000000E+00     1.8172704193E-03
    8.6250000000E+00     1.4136839520E-03
    8.6750000000E+00     1.0943376891E-03
    8.7250000000E+00     8.4297854291E-04
    8.7750000000E+00     6.4617134642E-04
    8.8250000000E+00     4.9288404584E-04
    8.8750000000E+00     3.7411712820E-04
    8.9250000000E+00     2.8257651658E-04
    8.9750000000E+00     2.1238804330E-04
    9.0250000000E+00     1.5885081958E-04
    9.0750000000E+00     1.1822630953E-04
    9.1250000000E+00     8.7559638883E-05
    9.1750000000E+00     6.4529577849E-05
    9.2250000000E+00     4.7323689717E-05
    9.2750000000E+00     3.4535294437E-05
    9.3250000000E+00     2.5079125988E-05
    9.3750000000E+00     1.8122836802E-05
    9.4250000000E+00     1.3031799495E-05
    9.4750000000E+00     9.3249584591E-06
    9.5250000000E+00     6.6397787522E-06
    9.5750000000E+00     4.7046181137E-06
    9.6250000000E+00     3.3171040146E-06
    9.6750000000E+00     2.3273281844E-06
    9.7250000000E+00     1.6248746885E-06
    9.7750000000E+00     1.1288746067E-06
    9.8250000000E+00     7.8043187861E-07
    9.8750000000E+00     5.3689288036E-07
    9.9250000000E+00     3.6753907411E-07
    9.9750000000E+00     2.5037012033E-07
