#t= 3.240000
    2.5000000000E-02     1.0000000000E+00
    7.5000000000E-02     1.0000000000E+00
    1.2500000000E-01     1.0000000000E+00
    1.7500000000E-01     1.0000000000E+00
    2.2500000000E-01     1.0000000000E+00
    2.7500000000E-01     1.0000000000E+00
    3.2500000000E-01     1.0000000000E+00
    3.7500000000E-01     1.0000000000E+00
    4.2500000000E-01     1.0000000000E+00
    4.7500000000E-01     1.0000000000E+00
    5.2500000000E-01     1.0000000000E+00
    5.7500000000E-01     1.0000000000E+00
    6.2500000000E-01     1.0000000000E+00
    6.7500000000E-01     1.0000000000E+00
    7.2500000000E-01     1.0000000000E+00
    7.7500000000E-01     1.0000000000E+00
    8.2500000000E-01     1.0000000000E+00
    8.7500000000E-01     1.0000000000E+00
    9.2500000000E-01     1.0000000000E+00
    9.7500000000E-01     1.0000000000E+00
    1.0250000000E+00     1.0000000000E+00
    1.0750000000E+00     1.0000000000E+00
    1.1250000000E+00     1.0000000000E+00
    1.1750000000E+00     1.0000000000E+00
    1.2250000000E+00     1.0000000000E+00
    1.2750000000E+00     1.0000000000E+00
    1.3250000000E+00     1.0000000000E+00
    1.3750000000E+00     1.0000000000E+00
    1.4250000000E+00     1.0000000000E+00
    1.4750000000E+00     1.0000000000E+00
    1.5250000000E+00     1.0000000000E+00
    1.5750000000E+00     1.0000000000E+00
    1.6250000000E+00     1.0000000000E+00
    1.6750000000E+00     1.0000000000E+00
    1.7250000000E+00     1.0000000000E+00
    1.7750000000E+00     1.0000000000E+00
    1.8250000000E+00     1.0000000000E+00
    1.8750000000E+00     1.0000000000E+00
    1.9250000000E+00     1.0000000000E+00
    1.9750000000E+00     1.0000000000E+00
    2.0250000000E+00     1.0000000000E+00
    2.0750000000E+00     1.0000000000E+00
    2.1250000000E+00     1.0000000000E+00
    2.1750000000E+00     1.0000000000E+00
    2.2250000000E+00     1.0000000000E+00
    2.2750000000E+00     1.0000000000E+00
    2.3250000000E+00     1.0000000000E+00
    2.3750000000E+00     1.0000000000E+00
    2.4250000000E+00     1.0000000000E+00
    2.4750000000E+00     1.0000000000E+00
    2.5250000000E+00     1.0000000000E+00
    2.5750000000E+00     1.0000000000E+00
    2.6250000000E+00     1.0000000000E+00
    2.6750000000E+00     1.0000000000E+00
    2.7250000000E+00     1.0000000000E+00
    2.7750000000E+00     1.0000000000E+00
    2.8250000000E+00     1.0000000000E+00
    2.8750000000E+00     1.0000000000E+00
    2.9250000000E+00     1.0000000000E+00
    2.9750000000E+00     1.0000000000E+00
    3.0250000000E+00     1.0000000000E+00
    3.0750000000E+00     1.0000000000E+00
    3.1250000000E+00     1.0000000000E+00
    3.1750000000E+00     1.0000000000E+00
    3.2250000000E+00     1.0000000000E+00
    3.2750000000E+00     1.0000000000E+00
    3.3250000000E+00     1.0000000000E+00
    3.3750000000E+00     1.0000000000E+00
    3.4250000000E+00     1.0000000000E+00
    3.4750000000E+00     1.0000000000E+00
    3.5250000000E+00     1.0000000000E+00
    3.5750000000E+00     1.0000000000E+00
    3.6250000000E+00     1.0000000000E+00
    3.6750000000E+00     1.0000000000E+00
    3.7250000000E+00     1.0000000000E+00
    3.7750000000E+00     1.0000000000E+00
    3.8250000000E+00     1.0000000000E+00
    3.8750000000E+00     1.0000000000E+00
    3.9250000000E+00     1.0000000000E+00
    3.9750000000E+00     1.0000000000E+00
    4.0250000000E+00     1.0000000000E+00
    4.0750000000E+00     1.0000000000E+00
    4.1250000000E+00     1.0000000000E+00
    4.1750000000E+00     1.0000000000E+00
    4.2250000000E+00     1.0000000000E+00
    4.2750000000E+00     1.0000000000E+00
    4.3250000000E+00     1.0000000000E+00
    4.3750000000E+00     1.0000000000E+00
    4.4250000000E+00     1.0000000000E+00
    4.4750000000E+00     1.0000000000E+00
    4.5250000000E+00     1.0000000000E+00
    4.5750000000E+00     9.9999999999E-01
    4.6250000000E+00     9.9999999998E-01
    4.6750000000E+00     9.9999999995E-01
    4.7250000000E+00     9.9999999985E-01
    4.7750000000E+00     9.9999999956E-01
    4.8250000000E+00     9.9999999875E-01
    4.8750000000E+00     9.9999999655E-01
    4.9250000000E+00     9.9999999072E-01
    4.9750000000E+00     9.9999997566E-01
    5.0250000000E+00     9.9999993773E-01
    5.0750000000E+00     9.9999984470E-01
    5.1250000000E+00     9.9999962234E-01
    5.1750000000E+00     9.9999910476E-01
    5.2250000000E+00     9.9999793153E-01
    5.2750000000E+00     9.9999534224E-01
    5.3250000000E+00     9.9998977978E-01
    5.3750000000E+00     9.9997815069E-01
    5.4250000000E+00     9.9995449626E-01
    5.4750000000E+00     9.9990769540E-01
    5.5250000000E+00     9.9981765216E-01
    5.5750000000E+00     9.9964923846E-01
    5.6250000000E+00     9.9934311398E-01
    5.6750000000E+00     9.9880252208E-01
    5.7250000000E+00     9.9787539592E-01
    5.7750000000E+00     9.9633176830E-01
    5.8250000000E+00     9.9383771516E-01
    5.8750000000E+00     9.8992894215E-01
    5.9250000000E+00     9.8398951826E-01
    5.9750000000E+00     9.7524374718E-01
    6.0250000000E+00     9.6277097215E-01
    6.0750000000E+00     9.4555318096E-01
    6.1250000000E+00     9.2256252609E-01
    6.1750000000E+00     8.9288959851E-01
    6.2250000000E+00     8.5590368991E-01
    6.2750000000E+00     8.1142484883E-01
    6.3250000000E+00     7.5987714125E-01
    6.3750000000E+00     7.0238686498E-01
    6.4250000000E+00     6.4079197621E-01
    6.4750000000E+00     5.7754140435E-01
    6.5250000000E+00     5.1548406737E-01
    6.5750000000E+00     4.5757275729E-01
    6.6250000000E+00     4.0653072394E-01
    6.6750000000E+00     3.6454151305E-01
    6.7250000000E+00     3.3302051710E-01
    6.7750000000E+00     3.1250933671E-01
    6.8250000000E+00     3.0270601701E-01
    6.8750000000E+00     3.0261373520E-01
    6.9250000000E+00     3.1076650393E-01
    6.9750000000E+00     3.2547933734E-01
    7.0250000000E+00     3.4507385300E-01
    7.0750000000E+00     3.6804532748E-01
    7.1250000000E+00     3.9315749202E-01
    7.1750000000E+00     4.1947007951E-01
    7.2250000000E+00     4.4631651376E-01
    7.2750000000E+00     4.7325353938E-01
    7.3250000000E+00     5.0000231311E-01
    7.3750000000E+00     5.2639443128E-01
    7.4250000000E+00     5.5232959544E-01
    7.4750000000E+00     5.7774622082E-01
    7.5250000000E+00     6.0260309888E-01
    7.5750000000E+00     6.2686904345E-01
    7.6250000000E+00     6.5051758763E-01
    7.6750000000E+00     6.7352452306E-01
    7.7250000000E+00     6.9586687226E-01
    7.7750000000E+00     7.1752250934E-01
    7.8250000000E+00     7.3847004353E-01
    7.8750000000E+00     7.5868879792E-01
    7.9250000000E+00     7.7815881821E-01
    7.9750000000E+00     7.9686088972E-01
    8.0250000000E+00     8.1477655573E-01
    8.0750000000E+00     8.3188813566E-01
    8.1250000000E+00     8.4817874243E-01
    8.1750000000E+00     8.6363229918E-01
    8.2250000000E+00     8.7823355512E-01
    8.2750000000E+00     8.9196810057E-01
    8.3250000000E+00     9.0482238120E-01
    8.3750000000E+00     9.1678371138E-01
    8.4250000000E+00     9.2784028672E-01
    8.4750000000E+00     9.3798119571E-01
    8.5250000000E+00     9.4719643051E-01
    8.5750000000E+00     9.5547689679E-01
    8.6250000000E+00     9.6281442272E-01
    8.6750000000E+00     9.6920176707E-01
    8.7250000000E+00     9.7463262628E-01
    8.7750000000E+00     9.7910164076E-01
    8.8250000000E+00     9.8260440013E-01
    8.8750000000E+00     9.8513744758E-01
    8.9250000000E+00     9.8669828332E-01
    8.9750000000E+00     9.8728536697E-01
    9.0250000000E+00     9.8689811916E-01
    9.0750000000E+00     9.8553692206E-01
    9.1250000000E+00     9.8320311900E-01
    9.1750000000E+00     9.7989901317E-01
    9.2250000000E+00     9.7562786531E-01
    9.2750000000E+00     9.7039389054E-01
    9.3250000000E+00     9.6420225416E-01
    9.3750000000E+00     9.5705906656E-01
    9.4250000000E+00     9.4897137722E-01
    9.4750000000E+00     9.3994716769E-01
    9.5250000000E+00     9.2999534379E-01
    9.5750000000E+00     9.1912572676E-01
    9.6250000000E+00     9.0734904361E-01
    9.6750000000E+00     8.9467691650E-01
    9.7250000000E+00     8.8112185129E-01
    9.7750000000E+00     8.6669722519E-01
    9.8250000000E+00     8.5141727357E-01
    9.8750000000E+00     8.3529707589E-01
    9.9250000000E+00     8.1835254084E-01
    9.9750000000E+00     8.0060039064E-01
