#t= 1.240000
    2.5000000000E-02     2.0175661676E-03
    7.5000000000E-02     1.5781526253E-03
    1.2500000000E-01     1.2285332762E-03
    1.7500000000E-01     9.5179031107E-04
    2.2500000000E-01     7.3385759651E-04
    2.7500000000E-01     5.6311642510E-04
    3.2500000000E-01     4.3003144093E-04
    3.7500000000E-01     3.2682672657E-04
    4.2500000000E-01     2.4720086559E-04
    4.7500000000E-01     1.8607893256E-04
    5.2500000000E-01     1.3939877236E-04
    5.7500000000E-01     1.0392856830E-04
    6.2500000000E-01     7.7112524501E-05
    6.7500000000E-01     5.6941461259E-05
    7.2500000000E-01     4.1845208314E-05
    7.7500000000E-01     3.0603847510E-05
    8.2500000000E-01     2.2275077478E-05
    8.7500000000E-01     1.6135225756E-05
    9.2500000000E-01     1.1631700966E-05
    9.7500000000E-01     8.3449454336E-06
    1.0250000000E+00     5.9582071075E-06
    1.0750000000E+00     4.2336918246E-06
    1.1250000000E+00     2.9938785131E-06
    1.1750000000E+00     2.1069785841E-06
    1.2250000000E+00     1.4756957223E-06
    1.2750000000E+00     1.0285940250E-06
    1.3250000000E+00     7.1351217973E-07
    1.3750000000E+00     4.9257087954E-07
    1.4250000000E+00     3.3841200210E-07
    1.4750000000E+00     2.3138339968E-07
    1.5250000000E+00     1.5744460696E-07
    1.5750000000E+00     1.0661842581E-07
    1.6250000000E+00     7.1853075826E-08
    1.6750000000E+00     4.8191097627E-08
    1.7250000000E+00     3.2165948755E-08
    1.7750000000E+00     2.1366517668E-08
    1.8250000000E+00     1.4124683102E-08
    1.8750000000E+00     9.2924680366E-09
    1.9250000000E+00     6.0840235289E-09
    1.9750000000E+00     3.9642326616E-09
    2.0250000000E+00     2.5706347374E-09
    2.0750000000E+00     1.6590205636E-09
    2.1250000000E+00     1.0657446818E-09
    2.1750000000E+00     6.8177570462E-10
    2.2250000000E+00     4.3494342131E-10
    2.2750000000E+00     2.7788027554E-10
    2.3250000000E+00     1.7990148698E-10
    2.3750000000E+00     1.2160371840E-10
    2.4250000000E+00     9.1348671197E-11
    2.4750000000E+00     8.3081378474E-11
    2.5250000000E+00     9.5145706720E-11
    2.5750000000E+00     1.2992330013E-10
    2.6250000000E+00     1.9425263596E-10
    2.6750000000E+00     3.0069828053E-10
    2.7250000000E+00     4.6985838097E-10
    2.7750000000E+00     7.3404742172E-10
    2.8250000000E+00     1.1428983237E-09
    2.8750000000E+00     1.7717173583E-09
    2.9250000000E+00     2.7338222928E-09
    2.9750000000E+00     4.1986347830E-09
    3.0250000000E+00     6.4180392670E-09
    3.0750000000E+00     9.7645448768E-09
    3.1250000000E+00     1.4786202689E-08
    3.1750000000E+00     2.2285175428E-08
    3.2250000000E+00     3.3429505890E-08
    3.2750000000E+00     4.9911210344E-08
    3.3250000000E+00     7.4168626145E-08
    3.3750000000E+00     1.0969734094E-07
    3.4250000000E+00     1.6148249215E-07
    3.4750000000E+00     2.3659633127E-07
    3.5250000000E+00     3.4501941266E-07
    3.5750000000E+00     5.0076245710E-07
    3.6250000000E+00     7.2338989562E-07
    3.6750000000E+00     1.0400765433E-06
    3.7250000000E+00     1.4883672091E-06
    3.7750000000E+00     2.1198569356E-06
    3.8250000000E+00     3.0050687928E-06
    3.8750000000E+00     4.2398786857E-06
    3.9250000000E+00     5.9539245492E-06
    3.9750000000E+00     8.3215426868E-06
    4.0250000000E+00     1.1575898856E-05
    4.0750000000E+00     1.6027127733E-05
    4.1250000000E+00     2.2085462879E-05
    4.1750000000E+00     3.0290530710E-05
    4.2250000000E+00     4.1348195750E-05
    4.2750000000E+00     5.6176578476E-05
    4.3250000000E+00     7.5963117382E-05
    4.3750000000E+00     1.0223480716E-04
    4.4250000000E+00     1.3694400574E-04
    4.4750000000E+00     1.8257245174E-04
    4.5250000000E+00     2.4225635379E-04
    4.5750000000E+00     3.1993558376E-04
    4.6250000000E+00     4.2053010135E-04
    4.6750000000E+00     5.5014672809E-04
    4.7250000000E+00     7.1631924066E-04
    4.7750000000E+00     9.2828442865E-04
    4.8250000000E+00     1.1972962202E-03
    4.8750000000E+00     1.5369791803E-03
    4.9250000000E+00     1.9637215895E-03
    4.9750000000E+00     2.4971068816E-03
    5.0250000000E+00     3.1603804284E-03
    5.0750000000E+00     3.9809464895E-03
    5.1250000000E+00     4.9908875970E-03
    5.1750000000E+00     6.2274957320E-03
    5.2250000000E+00     7.7338014204E-03
    5.2750000000E+00     9.5590833929E-03
    5.3250000000E+00     1.1759337826E-02
    5.3750000000E+00     1.4397682545E-02
    5.4250000000E+00     1.7544668072E-02
    5.4750000000E+00     2.1278464312E-02
    5.5250000000E+00     2.5684889091E-02
    5.5750000000E+00     3.0857243119E-02
    5.6250000000E+00     3.6895915345E-02
    5.6750000000E+00     4.3907723496E-02
    5.7250000000E+00     5.2004956985E-02
    5.7750000000E+00     6.1304093708E-02
    5.8250000000E+00     7.1924168488E-02
    5.8750000000E+00     8.3984779365E-02
    5.9250000000E+00     9.7603728454E-02
    5.9750000000E+00     1.1289430662E-01
    6.0250000000E+00     1.2996224556E-01
    6.0750000000E+00     1.4890237671E-01
    6.1250000000E+00     1.6979505300E-01
    6.1750000000E+00     1.9270240675E-01
    6.2250000000E+00     2.1766453342E-01
    6.2750000000E+00     2.4469570679E-01
    6.3250000000E+00     2.7378074406E-01
    6.3750000000E+00     3.0487165035E-01
    6.4250000000E+00     3.3788467808E-01
    6.4750000000E+00     3.7269793927E-01
    6.5250000000E+00     4.0914970504E-01
    6.5750000000E+00     4.4703751769E-01
    6.6250000000E+00     4.8611822587E-01
    6.6750000000E+00     5.2610903212E-01
    6.7250000000E+00     5.6668961571E-01
    6.7750000000E+00     6.0750536210E-01
    6.8250000000E+00     6.4817169483E-01
    6.8750000000E+00     6.8827946748E-01
    6.9250000000E+00     7.2740133356E-01
    6.9750000000E+00     7.6509897315E-01
    7.0250000000E+00     8.0093101791E-01
    7.0750000000E+00     8.3446148272E-01
    7.1250000000E+00     8.6526848478E-01
    7.1750000000E+00     8.9295300987E-01
    7.2250000000E+00     9.1714747364E-01
    7.2750000000E+00     9.3752382240E-01
    7.3250000000E+00     9.5380092455E-01
    7.3750000000E+00     9.6575102021E-01
    7.4250000000E+00     9.7320502244E-01
    7.4750000000E+00     9.7605649752E-01
    7.5250000000E+00     9.7426419357E-01
    7.5750000000E+00     9.6785303327E-01
    7.6250000000E+00     9.5691353758E-01
    7.6750000000E+00     9.4159969883E-01
    7.7250000000E+00     9.2212537318E-01
    7.7750000000E+00     8.9875931062E-01
    7.8250000000E+00     8.7181898380E-01
    7.8750000000E+00     8.4166341396E-01
    7.9250000000E+00     8.0868522026E-01
    7.9750000000E+00     7.7330213843E-01
    8.0250000000E+00     7.3594826377E-01
    8.0750000000E+00     6.9706527376E-01
    8.1250000000E+00     6.5709387518E-01
    8.1750000000E+00     6.1646570269E-01
    8.2250000000E+00     5.7559586968E-01
    8.2750000000E+00     5.3487634017E-01
    8.3250000000E+00     4.9467025435E-01
    8.3750000000E+00     4.5530730098E-01
    8.4250000000E+00     4.1708019046E-01
    8.4750000000E+00     3.8024224281E-01
    8.5250000000E+00     3.4500606852E-01
    8.5750000000E+00     3.1154328702E-01
    8.6250000000E+00     2.7998519944E-01
    8.6750000000E+00     2.5042430941E-01
    8.7250000000E+00     2.2291656910E-01
    8.7750000000E+00     1.9748421667E-01
    8.8250000000E+00     1.7411906662E-01
    8.8750000000E+00     1.5278611494E-01
    8.9250000000E+00     1.3342732683E-01
    8.9750000000E+00     1.1596548384E-01
    9.0250000000E+00     1.0030798052E-01
    9.0750000000E+00     8.6350475788E-02
    9.1250000000E+00     7.3980320793E-02
    9.1750000000E+00     6.3079702302E-02
    9.2250000000E+00     5.3528457885E-02
    9.2750000000E+00     4.5206535279E-02
    9.3250000000E+00     3.7996083329E-02
    9.3750000000E+00     3.1783175045E-02
    9.4250000000E+00     2.6459174535E-02
    9.4750000000E+00     2.1921768572E-02
    9.5250000000E+00     1.8075690466E-02
    9.5750000000E+00     1.4833168699E-02
    9.6250000000E+00     1.2114135675E-02
    9.6750000000E+00     9.8462330675E-03
    9.7250000000E+00     7.9646499861E-03
    9.7750000000E+00     6.4118286558E-03
    9.8250000000E+00     5.1370699020E-03
    9.8750000000E+00     4.0960676584E-03
    9.9250000000E+00     3.2503982243E-03
    9.9750000000E+00     2.5669863061E-03
