#t= 8.240000
    2.5000000000E-02     1.7654803324E-01
    7.5000000000E-02     1.9648138991E-01
    1.2500000000E-01     2.1785726555E-01
    1.7500000000E-01     2.4066552795E-01
    2.2500000000E-01     2.6487810686E-01
    2.7500000000E-01     2.9044753630E-01
    3.2500000000E-01     3.1730572461E-01
    3.7500000000E-01     3.4536300422E-01
    4.2500000000E-01     3.7450751080E-01
    4.7500000000E-01     4.0460493745E-01
    5.2500000000E-01     4.3549870317E-01
    5.7500000000E-01     4.6701056761E-01
    6.2500000000E-01     4.9894171415E-01
    6.7500000000E-01     5.3107431289E-01
    7.2500000000E-01     5.6317356271E-01
    7.7500000000E-01     5.9499019878E-01
    8.2500000000E-01     6.2626343832E-01
    8.7500000000E-01     6.5672432387E-01
    9.2500000000E-01     6.8609941025E-01
    9.7500000000E-01     7.1411472910E-01
    1.0250000000E+00     7.4049995385E-01
    1.0750000000E+00     7.6499267924E-01
    1.1250000000E+00     7.8734272210E-01
    1.1750000000E+00     8.0731634614E-01
    1.2250000000E+00     8.2470031171E-01
    1.2750000000E+00     8.3930565301E-01
    1.3250000000E+00     8.5097108941E-01
    1.3750000000E+00     8.5956598507E-01
    1.4250000000E+00     8.6499278100E-01
    1.4750000000E+00     8.6718883640E-01
    1.5250000000E+00     8.6612763065E-01
    1.5750000000E+00     8.6181929379E-01
    1.6250000000E+00     8.5431045076E-01
    1.6750000000E+00     8.4368338246E-01
    1.7250000000E+00     8.3005452488E-01
    1.7750000000E+00     8.1357234440E-01
    1.8250000000E+00     7.9441464369E-01
    1.8750000000E+00     7.7278536644E-01
    1.9250000000E+00     7.4891098137E-01
    1.9750000000E+00     7.2303653523E-01
    2.0250000000E+00     6.9542147089E-01
    2.0750000000E+00     6.6633531029E-01
    2.1250000000E+00     6.3605330222E-01
    2.1750000000E+00     6.0485213261E-01
    2.2250000000E+00     5.7300578949E-01
    2.2750000000E+00     5.4078166698E-01
    2.3250000000E+00     5.0843698293E-01
    2.3750000000E+00     4.7621557278E-01
    2.4250000000E+00     4.4434510961E-01
    2.4750000000E+00     4.1303478652E-01
    2.5250000000E+00     3.8247348335E-01
    2.5750000000E+00     3.5282842655E-01
    2.6250000000E+00     3.2424433704E-01
    2.6750000000E+00     2.9684304986E-01
    2.7250000000E+00     2.7072357761E-01
    2.7750000000E+00     2.4596258152E-01
    2.8250000000E+00     2.2261520591E-01
    2.8750000000E+00     2.0071622683E-01
    2.9250000000E+00     1.8028146174E-01
    2.9750000000E+00     1.6130938555E-01
    3.0250000000E+00     1.4378289828E-01
    3.0750000000E+00     1.2767119119E-01
    3.1250000000E+00     1.1293166108E-01
    3.1750000000E+00     9.9511826675E-02
    3.2250000000E+00     8.7351205697E-02
    3.2750000000E+00     7.6383117254E-02
    3.3250000000E+00     6.6536379627E-02
    3.3750000000E+00     5.7736880027E-02
    3.4250000000E+00     4.9908998776E-02
    3.4750000000E+00     4.2976876200E-02
    3.5250000000E+00     3.6865515923E-02
    3.5750000000E+00     3.1501723109E-02
    3.6250000000E+00     2.6814880486E-02
    3.6750000000E+00     2.2737568565E-02
    3.7250000000E+00     1.9206039389E-02
    3.7750000000E+00     1.6160555409E-02
    3.8250000000E+00     1.3545606631E-02
    3.8750000000E+00     1.1310020191E-02
    3.9250000000E+00     9.4069769296E-03
    3.9750000000E+00     7.7939495157E-03
    4.0250000000E+00     6.4325762175E-03
    4.0750000000E+00     5.2884836649E-03
    4.1250000000E+00     4.3310709516E-03
    4.1750000000E+00     3.5332662407E-03
    4.2250000000E+00     2.8712657636E-03
    4.2750000000E+00     2.3242637693E-03
    4.3250000000E+00     1.8741806556E-03
    4.3750000000E+00     1.5053952268E-03
    4.4250000000E+00     1.2044858137E-03
    4.4750000000E+00     9.5998387877E-04
    4.5250000000E+00     7.6214272922E-04
    4.5750000000E+00     6.0272308496E-04
    4.6250000000E+00     4.7479649849E-04
    4.6750000000E+00     3.7256699440E-04
    4.7250000000E+00     2.9121078802E-04
    4.7750000000E+00     2.2673354183E-04
    4.8250000000E+00     1.7584431670E-04
    4.8750000000E+00     1.3584516064E-04
    4.9250000000E+00     1.0453513799E-04
    4.9750000000E+00     8.0127525330E-05
    5.0250000000E+00     6.1178875362E-05
    5.0750000000E+00     4.6528664905E-05
    5.1250000000E+00     3.5248289948E-05
    5.1750000000E+00     2.6598239300E-05
    5.2250000000E+00     1.9992362469E-05
    5.2750000000E+00     1.4968240515E-05
    5.3250000000E+00     1.1162765822E-05
    5.3750000000E+00     8.2921341814E-06
    5.4250000000E+00     6.1355472232E-06
    5.4750000000E+00     4.5220129914E-06
    5.5250000000E+00     3.3197158499E-06
    5.5750000000E+00     2.4275030496E-06
    5.6250000000E+00     1.7681037817E-06
    5.6750000000E+00     1.2827573367E-06
    5.7250000000E+00     9.2698027739E-07
    5.7750000000E+00     6.6724874870E-07
    5.8250000000E+00     4.7841169542E-07
    5.8750000000E+00     3.4168445669E-07
    5.9250000000E+00     2.4310058724E-07
    5.9750000000E+00     1.7232345156E-07
    6.0250000000E+00     1.2173876542E-07
    6.0750000000E+00     8.5765393572E-08
    6.1250000000E+00     6.0334881120E-08
    6.1750000000E+00     4.2500875050E-08
    6.2250000000E+00     3.0148203848E-08
    6.2750000000E+00     2.1778297721E-08
    6.3250000000E+00     1.6353170618E-08
    6.3750000000E+00     1.3184625714E-08
    6.4250000000E+00     1.1858926550E-08
    6.4750000000E+00     1.2190102303E-08
    6.5250000000E+00     1.4197506246E-08
    6.5750000000E+00     1.8105379125E-08
    6.6250000000E+00     2.4364126811E-08
    6.6750000000E+00     3.3694938021E-08
    6.7250000000E+00     4.7161373772E-08
    6.7750000000E+00     6.6273788506E-08
    6.8250000000E+00     9.3135034473E-08
    6.8750000000E+00     1.3063901047E-07
    6.9250000000E+00     1.8273741660E-07
    6.9750000000E+00     2.5479476599E-07
    7.0250000000E+00     3.5405750914E-07
    7.0750000000E+00     4.9027030756E-07
    7.1250000000E+00     6.7648134947E-07
    7.1750000000E+00     9.3008947247E-07
    7.2250000000E+00     1.2741991288E-06
    7.2750000000E+00     1.7393653266E-06
    7.3250000000E+00     2.3658300712E-06
    7.3750000000E+00     3.2063750191E-06
    7.4250000000E+00     4.3299425686E-06
    7.4750000000E+00     5.8262099873E-06
    7.5250000000E+00     7.8113389350E-06
    7.5750000000E+00     1.0435166380E-05
    7.6250000000E+00     1.3890152817E-05
    7.6750000000E+00     1.8422460185E-05
    7.7250000000E+00     2.4345595009E-05
    7.7750000000E+00     3.2057121981E-05
    7.8250000000E+00     4.2059028876E-05
    7.8750000000E+00     5.4982404599E-05
    7.9250000000E+00     7.1617176759E-05
    7.9750000000E+00     9.2947741571E-05
    8.0250000000E+00     1.2019540430E-04
    8.0750000000E+00     1.5486862936E-04
    8.1250000000E+00     1.9882217110E-04
    8.1750000000E+00     2.5432621398E-04
    8.2250000000E+00     3.2414668747E-04
    8.2750000000E+00     4.1163792951E-04
    8.3250000000E+00     5.2084884398E-04
    8.3750000000E+00     6.5664362314E-04
    8.4250000000E+00     8.2483797514E-04
    8.4750000000E+00     1.0323515992E-03
    8.5250000000E+00     1.2873773762E-03
    8.5750000000E+00     1.5995673786E-03
    8.6250000000E+00     1.9802353466E-03
    8.6750000000E+00     2.4425747078E-03
    8.7250000000E+00     3.0018905483E-03
    8.7750000000E+00     3.6758431511E-03
    8.8250000000E+00     4.4846998221E-03
    8.8750000000E+00     5.4515907196E-03
    8.9250000000E+00     6.6027633121E-03
    8.9750000000E+00     7.9678289228E-03
    9.0250000000E+00     9.5799936078E-03
    9.0750000000E+00     1.1476264396E-02
    9.1250000000E+00     1.3697620729E-02
    9.1750000000E+00     1.6289139824E-02
    9.2250000000E+00     1.9300063737E-02
    9.2750000000E+00     2.2783795099E-02
    9.3250000000E+00     2.6797808053E-02
    9.3750000000E+00     3.1403460710E-02
    9.4250000000E+00     3.6665695755E-02
    9.4750000000E+00     4.2652616529E-02
    9.5250000000E+00     4.9434927198E-02
    9.5750000000E+00     5.7085227498E-02
    9.6250000000E+00     6.5677154993E-02
    9.6750000000E+00     7.5284370929E-02
    9.7250000000E+00     8.5979389492E-02
    9.7750000000E+00     9.7832254633E-02
    9.8250000000E+00     1.1090907346E-01
    9.8750000000E+00     1.2527042052E-01
    9.9250000000E+00     1.4096963295E-01
    9.9750000000E+00     1.5805102212E-01
