#t= 2.760000
    2.5000000000E-02     7.6021141538E-01
    7.5000000000E-02     7.9314361407E-01
    1.2500000000E-01     8.2379354994E-01
    1.7500000000E-01     8.5179194510E-01
    2.2500000000E-01     8.7679231110E-01
    2.7500000000E-01     8.9847805500E-01
    3.2500000000E-01     9.1656913457E-01
    3.7500000000E-01     9.3082806744E-01
    4.2500000000E-01     9.4106511440E-01
    4.7500000000E-01     9.4714247870E-01
    5.2500000000E-01     9.4897739160E-01
    5.7500000000E-01     9.4654398760E-01
    6.2500000000E-01     9.3987390996E-01
    6.7500000000E-01     9.2905562678E-01
    7.2500000000E-01     9.1423247821E-01
    7.7500000000E-01     8.9559951513E-01
    8.2500000000E-01     8.7339922668E-01
    8.7500000000E-01     8.4791628759E-01
    9.2500000000E-01     8.1947148440E-01
    9.7500000000E-01     7.8841500158E-01
    1.0250000000E+00     7.5511926395E-01
    1.0750000000E+00     7.1997153915E-01
    1.1250000000E+00     6.8336650472E-01
    1.1750000000E+00     6.4569897694E-01
    1.2250000000E+00     6.0735698550E-01
    1.2750000000E+00     5.6871535832E-01
    1.3250000000E+00     5.3012995708E-01
    1.3750000000E+00     4.9193267593E-01
    1.4250000000E+00     4.5442728604E-01
    1.4750000000E+00     4.1788617751E-01
    1.5250000000E+00     3.8254801939E-01
    1.5750000000E+00     3.4861632938E-01
    1.6250000000E+00     3.1625891787E-01
    1.6750000000E+00     2.8560814740E-01
    1.7250000000E+00     2.5676192956E-01
    1.7750000000E+00     2.2978536567E-01
    1.8250000000E+00     2.0471292752E-01
    1.8750000000E+00     1.8155106830E-01
    1.9250000000E+00     1.6028115216E-01
    1.9750000000E+00     1.4086259330E-01
    2.0250000000E+00     1.2323610131E-01
    2.0750000000E+00     1.0732693784E-01
    2.1250000000E+00     9.3048100918E-02
    2.1750000000E+00     8.0303365341E-02
    2.2250000000E+00     6.8990120815E-02
    2.2750000000E+00     5.9001963190E-02
    2.3250000000E+00     5.0231007222E-02
    2.3750000000E+00     4.2569901838E-02
    2.4250000000E+00     3.5913540270E-02
    2.4750000000E+00     3.0160467406E-02
    2.5250000000E+00     2.5213995171E-02
    2.5750000000E+00     2.0983043578E-02
    2.6250000000E+00     1.7382730226E-02
    2.6750000000E+00     1.4334734670E-02
    2.7250000000E+00     1.1767466196E-02
    2.7750000000E+00     9.6160643987E-03
    2.8250000000E+00     7.8222616940E-03
    2.8750000000E+00     6.3341357239E-03
    2.9250000000E+00     5.1057777433E-03
    2.9750000000E+00     4.0969006807E-03
    3.0250000000E+00     3.2724078534E-03
    3.0750000000E+00     2.6019404313E-03
    3.1250000000E+00     2.0594188239E-03
    3.1750000000E+00     1.6225903320E-03
    3.2250000000E+00     1.2725927362E-03
    3.2750000000E+00     9.9354105819E-04
    3.3250000000E+00     7.7214256552E-04
    3.3750000000E+00     5.9734322022E-04
    3.4250000000E+00     4.6000719703E-04
    3.4750000000E+00     3.5262981631E-04
    3.5250000000E+00     2.6908322633E-04
    3.5750000000E+00     2.0439340887E-04
    3.6250000000E+00     1.5454654030E-04
    3.6750000000E+00     1.1632238620E-04
    3.7250000000E+00     8.7152210684E-05
    3.7750000000E+00     6.4998611370E-05
    3.8250000000E+00     4.8254718939E-05
    3.8750000000E+00     3.5660302237E-05
    3.9250000000E+00     2.6232473498E-05
    3.9750000000E+00     1.9208875265E-05
    4.0250000000E+00     1.4001435939E-05
    4.0750000000E+00     1.0158992603E-05
    4.1250000000E+00     7.3372887976E-06
    4.1750000000E+00     5.2750546543E-06
    4.2250000000E+00     3.7750627378E-06
    4.2750000000E+00     2.6892224114E-06
    4.3250000000E+00     1.9069270882E-06
    4.3750000000E+00     1.3460021436E-06
    4.4250000000E+00     9.4571699282E-07
    4.4750000000E+00     6.6142391217E-07
    4.5250000000E+00     4.6046998865E-07
    4.5750000000E+00     3.1909866701E-07
    4.6250000000E+00     2.2011536341E-07
    4.6750000000E+00     1.5113913058E-07
    4.7250000000E+00     1.0330092027E-07
    4.7750000000E+00     7.0279996664E-08
    4.8250000000E+00     4.7594773011E-08
    4.8750000000E+00     3.2083882188E-08
    4.9250000000E+00     2.1528610186E-08
    4.9750000000E+00     1.4379737111E-08
    5.0250000000E+00     9.5610271209E-09
    5.0750000000E+00     6.3286547048E-09
    5.1250000000E+00     4.1712133238E-09
    5.1750000000E+00     2.7389992678E-09
    5.2250000000E+00     1.7942990308E-09
    5.2750000000E+00     1.1766710004E-09
    5.3250000000E+00     7.7888917589E-10
    5.3750000000E+00     5.3045421083E-10
    5.4250000000E+00     3.8648872998E-10
    5.4750000000E+00     3.2050727988E-10
    5.5250000000E+00     3.2005433066E-10
    5.5750000000E+00     3.8458960568E-10
    5.6250000000E+00     5.2531132677E-10
    5.6750000000E+00     7.6688056338E-10
    5.7250000000E+00     1.1512760078E-09
    5.7750000000E+00     1.7442997533E-09
    5.8250000000E+00     2.6456047790E-09
    5.8750000000E+00     4.0035626483E-09
    5.9250000000E+00     6.0368824542E-09
    5.9750000000E+00     9.0656882689E-09
    6.0250000000E+00     1.3555837567E-08
    6.0750000000E+00     2.0181714120E-08
    6.1250000000E+00     2.9914680257E-08
    6.1750000000E+00     4.4146984638E-08
    6.2250000000E+00     6.4864395690E-08
    6.2750000000E+00     9.4885423434E-08
    6.3250000000E+00     1.3819102326E-07
    6.3750000000E+00     2.0037654003E-07
    6.4250000000E+00     2.8926783391E-07
    6.4750000000E+00     4.1575661768E-07
    6.5250000000E+00     5.9492673033E-07
    6.5750000000E+00     8.4756420238E-07
    6.6250000000E+00     1.2021704990E-06
    6.6750000000E+00     1.6976313600E-06
    6.7250000000E+00     2.3867344323E-06
    6.7750000000E+00     3.3407787676E-06
    6.8250000000E+00     4.6555797019E-06
    6.8750000000E+00     6.4592451364E-06
    6.9250000000E+00     8.9221853116E-06
    6.9750000000E+00     1.2269919170E-05
    7.0250000000E+00     1.6799357506E-05
    7.0750000000E+00     2.2899377042E-05
    7.1250000000E+00     3.1076650542E-05
    7.1750000000E+00     4.1987865377E-05
    7.2250000000E+00     5.6479644912E-05
    7.2750000000E+00     7.5637680416E-05
    7.3250000000E+00     1.0084678114E-04
    7.3750000000E+00     1.3386374963E-04
    7.4250000000E+00     1.7690517884E-04
    7.4750000000E+00     2.3275243530E-04
    7.5250000000E+00     3.0487622242E-04
    7.5750000000E+00     3.9758319314E-04
    7.6250000000E+00     5.1618707825E-04
    7.6750000000E+00     6.6720669316E-04
    7.7250000000E+00     8.5859295284E-04
    7.7750000000E+00     1.0999866353E-03
    7.8250000000E+00     1.4030080560E-03
    7.8750000000E+00     1.7815790238E-03
    7.9250000000E+00     2.2522764106E-03
    7.9750000000E+00     2.8347153692E-03
    8.0250000000E+00     3.5519586501E-03
    8.0750000000E+00     4.4309466042E-03
    8.1250000000E+00     5.5029403180E-03
    8.1750000000E+00     6.8039679275E-03
    8.2250000000E+00     8.3752615592E-03
    8.2750000000E+00     1.0263669588E-02
    8.3250000000E+00     1.2522026099E-02
    8.3750000000E+00     1.5209456671E-02
    8.4250000000E+00     1.8391597041E-02
    8.4750000000E+00     2.2140698975E-02
    8.5250000000E+00     2.6535595961E-02
    8.5750000000E+00     3.1661500348E-02
    8.6250000000E+00     3.7609603449E-02
    8.6750000000E+00     4.4476451138E-02
    8.7250000000E+00     5.2363069736E-02
    8.7750000000E+00     6.1373820655E-02
    8.8250000000E+00     7.1614967535E-02
    8.8750000000E+00     8.3192946379E-02
    8.9250000000E+00     9.6212337609E-02
    8.9750000000E+00     1.1077354885E-01
    9.0250000000E+00     1.2697022844E-01
    9.0750000000E+00     1.4488644192E-01
    9.1250000000E+00     1.6459365675E-01
    9.1750000000E+00     1.8614759353E-01
    9.2250000000E+00     2.0958501507E-01
    9.2750000000E+00     2.3492053659E-01
    9.3250000000E+00     2.6214355061E-01
    9.3750000000E+00     2.9121536880E-01
    9.4250000000E+00     3.2206668807E-01
    9.4750000000E+00     3.5459549050E-01
    9.5250000000E+00     3.8866548503E-01
    9.5750000000E+00     4.2410519236E-01
    9.6250000000E+00     4.6070776438E-01
    9.6750000000E+00     4.9823161422E-01
    9.7250000000E+00     5.3640191360E-01
    9.7750000000E+00     5.7491299119E-01
    9.8250000000E+00     6.1343163897E-01
    9.8750000000E+00     6.5160130459E-01
    9.9250000000E+00     6.8904711770E-01
    9.9750000000E+00     7.2538166694E-01
