#t= 4.480000
    2.5000000000E-02     1.0000000000E+00
    7.5000000000E-02     1.0000000000E+00
    1.2500000000E-01     1.0000000000E+00
    1.7500000000E-01     1.0000000000E+00
    2.2500000000E-01     1.0000000000E+00
    2.7500000000E-01     1.0000000000E+00
    3.2500000000E-01     1.0000000000E+00
    3.7500000000E-01     1.0000000000E+00
    4.2500000000E-01     1.0000000000E+00
    4.7500000000E-01     1.0000000000E+00
    5.2500000000E-01     1.0000000000E+00
    5.7500000000E-01     1.0000000000E+00
    6.2500000000E-01     1.0000000000E+00
    6.7500000000E-01     1.0000000000E+00
    7.2500000000E-01     1.0000000000E+00
    7.7500000000E-01     1.0000000000E+00
    8.2500000000E-01     1.0000000000E+00
    8.7500000000E-01     1.0000000000E+00
    9.2500000000E-01     1.0000000000E+00
    9.7500000000E-01     1.0000000000E+00
    1.0250000000E+00     1.0000000000E+00
    1.0750000000E+00     1.0000000000E+00
    1.1250000000E+00     1.0000000000E+00
    1.1750000000E+00     1.0000000000E+00
    1.2250000000E+00     1.0000000000E+00
    1.2750000000E+00     1.0000000000E+00
    1.3250000000E+00     1.0000000000E+00
    1.3750000000E+00     1.0000000000E+00
    1.4250000000E+00     1.0000000000E+00
    1.4750000000E+00     1.0000000000E+00
    1.5250000000E+00     1.0000000000E+00
    1.5750000000E+00     1.0000000000E+00
    1.6250000000E+00     1.0000000000E+00
    1.6750000000E+00     1.0000000000E+00
    1.7250000000E+00     1.0000000000E+00
    1.7750000000E+00     1.0000000000E+00
    1.8250000000E+00     1.0000000000E+00
    1.8750000000E+00     1.0000000000E+00
    1.9250000000E+00     1.0000000000E+00
    1.9750000000E+00     1.0000000000E+00
    2.0250000000E+00     1.0000000000E+00
    2.0750000000E+00     1.0000000000E+00
    2.1250000000E+00     1.0000000000E+00
    2.1750000000E+00     1.0000000000E+00
    2.2250000000E+00     1.0000000000E+00
    2.2750000000E+00     1.0000000000E+00
    2.3250000000E+00     1.0000000000E+00
    2.3750000000E+00     1.0000000000E+00
    2.4250000000E+00     1.0000000000E+00
    2.4750000000E+00     1.0000000000E+00
    2.5250000000E+00     1.0000000000E+00
    2.5750000000E+00     1.0000000000E+00
    2.6250000000E+00     1.0000000000E+00
    2.6750000000E+00     1.0000000000E+00
    2.7250000000E+00     1.0000000000E+00
    2.7750000000E+00     1.0000000000E+00
    2.8250000000E+00     1.0000000000E+00
    2.8750000000E+00     1.0000000000E+00
    2.9250000000E+00     1.0000000000E+00
    2.9750000000E+00     1.0000000000E+00
    3.0250000000E+00     1.0000000000E+00
    3.0750000000E+00     1.0000000000E+00
    3.1250000000E+00     1.0000000000E+00
    3.1750000000E+00     1.0000000000E+00
    3.2250000000E+00     1.0000000000E+00
    3.2750000000E+00     1.0000000000E+00
    3.3250000000E+00     1.0000000000E+00
    3.3750000000E+00     1.0000000000E+00
    3.4250000000E+00     1.0000000000E+00
    3.4750000000E+00     1.0000000000E+00
    3.5250000000E+00     1.0000000000E+00
    3.5750000000E+00     1.0000000000E+00
    3.6250000000E+00     1.0000000000E+00
    3.6750000000E+00     1.0000000000E+00
    3.7250000000E+00     1.0000000000E+00
    3.7750000000E+00     1.0000000000E+00
    3.8250000000E+00     1.0000000000E+00
    3.8750000000E+00     1.0000000000E+00
    3.9250000000E+00     1.0000000000E+00
    3.9750000000E+00     1.0000000000E+00
    4.0250000000E+00     1.0000000000E+00
    4.0750000000E+00     1.0000000000E+00
    4.1250000000E+00     1.0000000000E+00
    4.1750000000E+00     1.0000000000E+00
    4.2250000000E+00     1.0000000000E+00
    4.2750000000E+00     1.0000000000E+00
    4.3250000000E+00     1.0000000000E+00
    4.3750000000E+00     1.0000000000E+00
    4.4250000000E+00     1.0000000000E+00
    4.4750000000E+00     1.0000000000E+00
    4.5250000000E+00     1.0000000000E+00
    4.5750000000E+00     1.0000000000E+00
    4.6250000000E+00     1.0000000000E+00
    4.6750000000E+00     1.0000000000E+00
    4.7250000000E+00     1.0000000000E+00
    4.7750000000E+00     1.0000000000E+00
    4.8250000000E+00     1.0000000000E+00
    4.8750000000E+00     1.0000000000E+00
    4.9250000000E+00     1.0000000000E+00
    4.9750000000E+00     1.0000000000E+00
    5.0250000000E+00     1.0000000000E+00
    5.0750000000E+00     1.0000000000E+00
    5.1250000000E+00     1.0000000000E+00
    5.1750000000E+00     1.0000000000E+00
    5.2250000000E+00     1.0000000000E+00
    5.2750000000E+00     1.0000000000E+00
    5.3250000000E+00     1.0000000000E+00
    5.3750000000E+00     1.0000000000E+00
    5.4250000000E+00     1.0000000000E+00
    5.4750000000E+00     1.0000000000E+00
    5.5250000000E+00     1.0000000000E+00
    5.5750000000E+00     1.0000000000E+00
    5.6250000000E+00     1.0000000000E+00
    5.6750000000E+00     1.0000000000E+00
    5.7250000000E+00     1.0000000000E+00
    5.7750000000E+00     1.0000000000E+00
    5.8250000000E+00     1.0000000000E+00
    5.8750000000E+00     1.0000000000E+00
    5.9250000000E+00     1.0000000000E+00
    5.9750000000E+00     1.0000000000E+00
    6.0250000000E+00     1.0000000000E+00
    6.0750000000E+00     1.0000000000E+00
    6.1250000000E+00     1.0000000000E+00
    6.1750000000E+00     1.0000000000E+00
    6.2250000000E+00     1.0000000000E+00
    6.2750000000E+00     1.0000000000E+00
    6.3250000000E+00     1.0000000000E+00
    6.3750000000E+00     1.0000000000E+00
    6.4250000000E+00     1.0000000000E+00
    6.4750000000E+00     1.0000000000E+00
    6.5250000000E+00     1.0000000000E+00
    6.5750000000E+00     1.0000000000E+00
    6.6250000000E+00     1.0000000000E+00
    6.6750000000E+00     1.0000000000E+00
    6.7250000000E+00     1.0000000000E+00
    6.7750000000E+00     9.9999999999E-01
    6.8250000000E+00     9.9999999997E-01
    6.8750000000E+00     9.9999999993E-01
    6.9250000000E+00     9.9999999983E-01
    6.9750000000E+00     9.9999999957E-01
    7.0250000000E+00     9.9999999893E-01
    7.0750000000E+00     9.9999999743E-01
    7.1250000000E+00     9.9999999391E-01
    7.1750000000E+00     9.9999998584E-01
    7.2250000000E+00     9.9999996771E-01
    7.2750000000E+00     9.9999992772E-01
    7.3250000000E+00     9.9999984126E-01
    7.3750000000E+00     9.9999965793E-01
    7.4250000000E+00     9.9999927679E-01
    7.4750000000E+00     9.9999850002E-01
    7.5250000000E+00     9.9999694827E-01
    7.5750000000E+00     9.9999391019E-01
    7.6250000000E+00     9.9998808152E-01
    7.6750000000E+00     9.9997712529E-01
    7.7250000000E+00     9.9995695058E-01
    7.7750000000E+00     9.9992056451E-01
    7.8250000000E+00     9.9985630032E-01
    7.8750000000E+00     9.9974517072E-01
    7.9250000000E+00     9.9955705098E-01
    7.9750000000E+00     9.9924538046E-01
    8.0250000000E+00     9.9874011179E-01
    8.0750000000E+00     9.9793876964E-01
    8.1250000000E+00     9.9669574121E-01
    8.1750000000E+00     9.9481033780E-01
    8.2250000000E+00     9.9201474481E-01
    8.2750000000E+00     9.8796368110E-01
    8.3250000000E+00     9.8222832301E-01
    8.3750000000E+00     9.7429765482E-01
    8.4250000000E+00     9.6359066814E-01
    8.4750000000E+00     9.4948250437E-01
    8.5250000000E+00     9.3134650867E-01
    8.5750000000E+00     9.0861213900E-01
    8.6250000000E+00     8.8083584575E-01
    8.6750000000E+00     8.4777874675E-01
    8.7250000000E+00     8.0948176471E-01
    8.7750000000E+00     7.6632664102E-01
    8.8250000000E+00     7.1907067764E-01
    8.8750000000E+00     6.6884477692E-01
    8.9250000000E+00     6.1710850878E-01
    8.9750000000E+00     5.6556212079E-01
    9.0250000000E+00     5.1602261146E-01
    9.0750000000E+00     4.7027776829E-01
    9.1250000000E+00     4.2993688363E-01
    9.1750000000E+00     3.9629845465E-01
    9.2250000000E+00     3.7025297794E-01
    9.2750000000E+00     3.5223327619E-01
    9.3250000000E+00     3.4221681390E-01
    9.3750000000E+00     3.3977590258E-01
    9.4250000000E+00     3.4416440620E-01
    9.4750000000E+00     3.5442499285E-01
    9.5250000000E+00     3.6949985155E-01
    9.5750000000E+00     3.8832993790E-01
    9.6250000000E+00     4.0993231898E-01
    9.6750000000E+00     4.3345073013E-01
    9.7250000000E+00     4.5817969690E-01
    9.7750000000E+00     4.8356650927E-01
    9.8250000000E+00     5.0919748008E-01
    9.8750000000E+00     5.3477531740E-01
    9.9250000000E+00     5.6009351840E-01
    9.9750000000E+00     5.8501204839E-01
