#t= 7.200000
    2.5000000000E-02     6.5231750868E-01
    7.5000000000E-02     6.2027114520E-01
    1.2500000000E-01     5.8749788920E-01
    1.7500000000E-01     5.5428399370E-01
    2.2500000000E-01     5.2090528473E-01
    2.7500000000E-01     4.8762357272E-01
    3.2500000000E-01     4.5468353298E-01
    3.7500000000E-01     4.2231009814E-01
    4.2500000000E-01     3.9070638968E-01
    4.7500000000E-01     3.6005219938E-01
    5.2500000000E-01     3.3050301673E-01
    5.7500000000E-01     3.0218958409E-01
    6.2500000000E-01     2.7521794895E-01
    6.7500000000E-01     2.4966997221E-01
    7.2500000000E-01     2.2560424277E-01
    7.7500000000E-01     2.0305734239E-01
    8.2500000000E-01     1.8204540072E-01
    8.7500000000E-01     1.6256587849E-01
    9.2500000000E-01     1.4459951677E-01
    9.7500000000E-01     1.2811239226E-01
    1.0250000000E+00     1.1305802199E-01
    1.0750000000E+00     9.9379465570E-02
    1.1250000000E+00     8.7011378855E-02
    1.1750000000E+00     7.5881979627E-02
    1.2250000000E+00     6.5914892460E-02
    1.2750000000E+00     5.7030847222E-02
    1.3250000000E+00     4.9149212505E-02
    1.3750000000E+00     4.2189351852E-02
    1.4250000000E+00     3.6071796814E-02
    1.4750000000E+00     3.0719236270E-02
    1.5250000000E+00     2.6057326228E-02
    1.5750000000E+00     2.2015328256E-02
    1.6250000000E+00     1.8526587853E-02
    1.6750000000E+00     1.5528866445E-02
    1.7250000000E+00     1.2964542284E-02
    1.7750000000E+00     1.0780696499E-02
    1.8250000000E+00     8.9291008208E-03
    1.8750000000E+00     7.3661233398E-03
    1.9250000000E+00     6.0525679773E-03
    1.9750000000E+00     4.9534623978E-03
    2.0250000000E+00     4.0378078340E-03
    2.0750000000E+00     3.2783028988E-03
    2.1250000000E+00     2.6510519549E-03
    2.1750000000E+00     2.1352670769E-03
    2.2250000000E+00     1.7129711363E-03
    2.2750000000E+00     1.3687080936E-03
    2.3250000000E+00     1.0892652440E-03
    2.3750000000E+00     8.6341094519E-04
    2.4250000000E+00     6.8165027785E-04
    2.4750000000E+00     5.3600015549E-04
    2.5250000000E+00     4.1978461559E-04
    2.5750000000E+00     3.2745037598E-04
    2.6250000000E+00     2.5440222752E-04
    2.6750000000E+00     1.9685744101E-04
    2.7250000000E+00     1.5171808009E-04
    2.7750000000E+00     1.1645991962E-04
    2.8250000000E+00     8.9036554468E-05
    2.8750000000E+00     6.7797235093E-05
    2.9250000000E+00     5.1416968159E-05
    2.9750000000E+00     3.8837463331E-05
    3.0250000000E+00     2.9217578741E-05
    3.0750000000E+00     2.1892009620E-05
    3.1250000000E+00     1.6337068970E-05
    3.1750000000E+00     1.2142519917E-05
    3.2250000000E+00     8.9885314322E-06
    3.2750000000E+00     6.6269387999E-06
    3.3250000000E+00     4.8660946227E-06
    3.3750000000E+00     3.5586935287E-06
    3.4250000000E+00     2.5920428218E-06
    3.4750000000E+00     1.8803315544E-06
    3.5250000000E+00     1.3585217455E-06
    3.5750000000E+00     9.7754792556E-07
    3.6250000000E+00     7.0056532439E-07
    3.6750000000E+00     5.0003341317E-07
    3.7250000000E+00     3.5546090169E-07
    3.7750000000E+00     2.5167139977E-07
    3.8250000000E+00     1.7747654429E-07
    3.8750000000E+00     1.2466619009E-07
    3.9250000000E+00     8.7243948001E-08
    3.9750000000E+00     6.0851550574E-08
    4.0250000000E+00     4.2337797912E-08
    4.0750000000E+00     2.9437678472E-08
    4.1250000000E+00     2.0535106239E-08
    4.1750000000E+00     1.4488938708E-08
    4.2250000000E+00     1.0506858242E-08
    4.2750000000E+00     8.0555816860E-09
    4.3250000000E+00     6.7989372163E-09
    4.3750000000E+00     6.5578048550E-09
    4.4250000000E+00     7.2879208478E-09
    4.4750000000E+00     9.0732363990E-09
    4.5250000000E+00     1.2134021780E-08
    4.5750000000E+00     1.6850330663E-08
    4.6250000000E+00     2.3802894642E-08
    4.6750000000E+00     3.3835112799E-08
    4.7250000000E+00     4.8141650014E-08
    4.7750000000E+00     6.8391386252E-08
    4.8250000000E+00     9.6895209428E-08
    4.8750000000E+00     1.3683258134E-07
    4.9250000000E+00     1.9255512219E-07
    4.9750000000E+00     2.6999088049E-07
    5.0250000000E+00     3.7717974691E-07
    5.0750000000E+00     5.2497894274E-07
    5.1250000000E+00     7.2798802422E-07
    5.1750000000E+00     1.0057558040E-06
    5.2250000000E+00     1.3843474655E-06
    5.2750000000E+00     1.8983694514E-06
    5.3250000000E+00     2.5935730142E-06
    5.3750000000E+00     3.5301852321E-06
    5.4250000000E+00     4.7871494486E-06
    5.4750000000E+00     6.4674961460E-06
    5.5250000000E+00     8.7051108124E-06
    5.5750000000E+00     1.1673217990E-05
    5.6250000000E+00     1.5594960839E-05
    5.6750000000E+00     2.0756523489E-05
    5.7250000000E+00     2.7523319255E-05
    5.7750000000E+00     3.6359851101E-05
    5.8250000000E+00     4.7853940864E-05
    5.8750000000E+00     6.2746119446E-05
    5.9250000000E+00     8.1965069395E-05
    5.9750000000E+00     1.0667011141E-04
    6.0250000000E+00     1.3830182359E-04
    6.0750000000E+00     1.7864197197E-04
    6.1250000000E+00     2.2988400739E-04
    6.1750000000E+00     2.9471543940E-04
    6.2250000000E+00     3.7641342543E-04
    6.2750000000E+00     4.7895490193E-04
    6.3250000000E+00     6.0714252401E-04
    6.3750000000E+00     7.6674755889E-04
    6.4250000000E+00     9.6467068418E-04
    6.4750000000E+00     1.2091213616E-03
    6.5250000000E+00     1.5098160776E-03
    6.5750000000E+00     1.8781952536E-03
    6.6250000000E+00     2.3276580183E-03
    6.6750000000E+00     2.8738132973E-03
    6.7250000000E+00     3.5347448062E-03
    6.7750000000E+00     4.3312865305E-03
    6.8250000000E+00     5.2873041504E-03
    6.8750000000E+00     6.4299766295E-03
    6.9250000000E+00     7.7900708567E-03
    6.9750000000E+00     9.4022008366E-03
    7.0250000000E+00     1.1305061512E-02
    7.0750000000E+00     1.3541625910E-02
    7.1250000000E+00     1.6159293005E-02
    7.1750000000E+00     1.9209972524E-02
    7.2250000000E+00     2.2750092012E-02
    7.2750000000E+00     2.6840510836E-02
    7.3250000000E+00     3.1546325581E-02
    7.3750000000E+00     3.6936551548E-02
    7.4250000000E+00     4.3083665829E-02
    7.4750000000E+00     5.0062998900E-02
    7.5250000000E+00     5.7951963760E-02
    7.5750000000E+00     6.6829114486E-02
    7.6250000000E+00     7.6773029663E-02
    7.6750000000E+00     8.7861020493E-02
    7.7250000000E+00     1.0016766836E-01
    7.7750000000E+00     1.1376320235E-01
    7.8250000000E+00     1.2871173323E-01
    7.8750000000E+00     1.4506936717E-01
    7.9250000000E+00     1.6288222873E-01
    7.9750000000E+00     1.8218442978E-01
    8.0250000000E+00     2.0299602681E-01
    8.0750000000E+00     2.2532101534E-01
    8.1250000000E+00     2.4914541445E-01
    8.1750000000E+00     2.7443549874E-01
    8.2250000000E+00     3.0113623696E-01
    8.2750000000E+00     3.2916999737E-01
    8.3250000000E+00     3.5843557865E-01
    8.3750000000E+00     3.8880762190E-01
    8.4250000000E+00     4.2013645405E-01
    8.4750000000E+00     4.5224840534E-01
    8.5250000000E+00     4.8494663426E-01
    8.5750000000E+00     5.1801248159E-01
    8.6250000000E+00     5.5120736261E-01
    8.6750000000E+00     5.8427519162E-01
    8.7250000000E+00     6.1694531819E-01
    8.7750000000E+00     6.4893593862E-01
    8.8250000000E+00     6.7995793056E-01
    8.8750000000E+00     7.0971904406E-01
    8.9250000000E+00     7.3792836860E-01
    8.9750000000E+00     7.6430098389E-01
    9.0250000000E+00     7.8856269287E-01
    9.0750000000E+00     8.1045472839E-01
    9.1250000000E+00     8.2973832196E-01
    9.1750000000E+00     8.4619902220E-01
    9.2250000000E+00     8.5965065439E-01
    9.2750000000E+00     8.6993881915E-01
    9.3250000000E+00     8.7694383847E-01
    9.3750000000E+00     8.8058307063E-01
    9.4250000000E+00     8.8081253143E-01
    9.4750000000E+00     8.7762777732E-01
    9.5250000000E+00     8.7106402575E-01
    9.5750000000E+00     8.6119550842E-01
    9.6250000000E+00     8.4813407412E-01
    9.6750000000E+00     8.3202707784E-01
    9.7250000000E+00     8.1305461189E-01
    9.7750000000E+00     7.9142615193E-01
    9.8250000000E+00     7.6737670503E-01
    9.8750000000E+00     7.4116255924E-01
    9.9250000000E+00     7.1305674180E-01
    9.9750000000E+00     6.8334429860E-01
