#t= 3.600000
    2.5000000000E-02     1.5147662855E-02
    7.5000000000E-02     1.8258417874E-02
    1.2500000000E-01     2.1913345802E-02
    1.7500000000E-01     2.6186754665E-02
    2.2500000000E-01     3.1158855949E-02
    2.7500000000E-01     3.6915398604E-02
    3.2500000000E-01     4.3547101446E-02
    3.7500000000E-01     5.1148861637E-02
    4.2500000000E-01     5.9818720065E-02
    4.7500000000E-01     6.9656568981E-02
    5.2500000000E-01     8.0762593093E-02
    5.7500000000E-01     9.3235442541E-02
    6.2500000000E-01     1.0717014468E-01
    6.7500000000E-01     1.2265577125E-01
    7.2500000000E-01     1.3977288818E-01
    7.7500000000E-01     1.5859082631E-01
    8.2500000000E-01     1.7916482307E-01
    8.7500000000E-01     2.0153309618E-01
    9.2500000000E-01     2.2571392137E-01
    9.7500000000E-01     2.5170279531E-01
    1.0250000000E+00     2.7946977277E-01
    1.0750000000E+00     3.0895707227E-01
    1.1250000000E+00     3.4007704735E-01
    1.1750000000E+00     3.7271061946E-01
    1.2250000000E+00     4.0670626459E-01
    1.2750000000E+00     4.4187963755E-01
    1.3250000000E+00     4.7801390584E-01
    1.3750000000E+00     5.1486084941E-01
    1.4250000000E+00     5.5214276324E-01
    1.4750000000E+00     5.8955517778E-01
    1.5250000000E+00     6.2677038732E-01
    1.5750000000E+00     6.6344175033E-01
    1.6250000000E+00     6.9920869922E-01
    1.6750000000E+00     7.3370237003E-01
    1.7250000000E+00     7.6655173826E-01
    1.7750000000E+00     7.9739012426E-01
    1.8250000000E+00     8.2586191302E-01
    1.8750000000E+00     8.5162931928E-01
    1.9250000000E+00     8.7437901965E-01
    1.9750000000E+00     8.9382847110E-01
    2.0250000000E+00     9.0973173818E-01
    2.0750000000E+00     9.2188466155E-01
    2.1250000000E+00     9.3012921596E-01
    2.1750000000E+00     9.3435692799E-01
    2.2250000000E+00     9.3451125006E-01
    2.2750000000E+00     9.3058881826E-01
    2.3250000000E+00     9.2263955487E-01
    2.3750000000E+00     9.1076561152E-01
    2.4250000000E+00     8.9511918433E-01
    2.4750000000E+00     8.7589926626E-01
    2.5250000000E+00     8.5334743365E-01
    2.5750000000E+00     8.2774279175E-01
    2.6250000000E+00     7.9939622702E-01
    2.6750000000E+00     7.6864413166E-01
    2.7250000000E+00     7.3584177737E-01
    2.7750000000E+00     7.0135652011E-01
    2.8250000000E+00     6.6556101650E-01
    2.8750000000E+00     6.2882662513E-01
    2.9250000000E+00     5.9151715264E-01
    2.9750000000E+00     5.5398308696E-01
    3.0250000000E+00     5.1655643788E-01
    3.0750000000E+00     4.7954628075E-01
    3.1250000000E+00     4.4323507214E-01
    3.1750000000E+00     4.0787577950E-01
    3.2250000000E+00     3.7368983972E-01
    3.2750000000E+00     3.4086593609E-01
    3.3250000000E+00     3.0955956014E-01
    3.3750000000E+00     2.7989330428E-01
    3.4250000000E+00     2.5195781464E-01
    3.4750000000E+00     2.2581332028E-01
    3.5250000000E+00     2.0149164609E-01
    3.5750000000E+00     1.7899861157E-01
    3.6250000000E+00     1.5831671621E-01
    3.6750000000E+00     1.3940801441E-01
    3.7250000000E+00     1.2221708792E-01
    3.7750000000E+00     1.0667403108E-01
    3.8250000000E+00     9.2697374007E-02
    3.8750000000E+00     8.0196879245E-02
    3.9250000000E+00     6.9076159279E-02
    3.9750000000E+00     5.9235074048E-02
    4.0250000000E+00     5.0571879252E-02
    4.0750000000E+00     4.2985107331E-02
    4.1250000000E+00     3.6375173076E-02
    4.1750000000E+00     3.0645704833E-02
    4.2250000000E+00     2.5704609849E-02
    4.2750000000E+00     2.1464888548E-02
    4.3250000000E+00     1.7845217342E-02
    4.3750000000E+00     1.4770322950E-02
    4.4250000000E+00     1.2171173389E-02
    4.4750000000E+00     9.9850117309E-03
    4.5250000000E+00     8.1552587435E-03
    4.5750000000E+00     6.6313096509E-03
    4.6250000000E+00     5.3682487632E-03
    4.6750000000E+00     4.3265037287E-03
    4.7250000000E+00     3.4714588381E-03
    4.7750000000E+00     2.7730443117E-03
    4.8250000000E+00     2.2053159262E-03
    4.8750000000E+00     1.7460368168E-03
    4.9250000000E+00     1.3762708850E-03
    4.9750000000E+00     1.0799950232E-03
    5.0250000000E+00     8.4373537121E-04
    5.0750000000E+00     6.5623107519E-04
    5.1250000000E+00     5.0812753154E-04
    5.1750000000E+00     3.9169986685E-04
    5.2250000000E+00     3.0060641791E-04
    5.2750000000E+00     2.2967121347E-04
    5.3250000000E+00     1.7469389916E-04
    5.3750000000E+00     1.3228516202E-04
    5.4250000000E+00     9.9725475536E-05
    5.4750000000E+00     7.4844872135E-05
    5.5250000000E+00     5.5921434555E-05
    5.5750000000E+00     4.1596255873E-05
    5.6250000000E+00     3.0802731372E-05
    5.6750000000E+00     2.2708195911E-05
    5.7250000000E+00     1.6666093712E-05
    5.7750000000E+00     1.2177051889E-05
    5.8250000000E+00     8.8574153612E-06
    5.8750000000E+00     6.4139821950E-06
    5.9250000000E+00     4.6238500467E-06
    5.9750000000E+00     3.3184429284E-06
    6.0250000000E+00     2.3709312079E-06
    6.0750000000E+00     1.6863856999E-06
    6.1250000000E+00     1.1941189629E-06
    6.1750000000E+00     8.4176405382E-07
    6.2250000000E+00     5.9072401269E-07
    6.2750000000E+00     4.1269548561E-07
    6.3250000000E+00     2.8702851312E-07
    6.3750000000E+00     1.9873300824E-07
    6.4250000000E+00     1.3698218699E-07
    6.4750000000E+00     9.3995479700E-08
    6.5250000000E+00     6.4209419293E-08
    6.5750000000E+00     4.3665726500E-08
    6.6250000000E+00     2.9562216249E-08
    6.6750000000E+00     1.9925032425E-08
    6.7250000000E+00     1.3370758470E-08
    6.7750000000E+00     8.9347183661E-09
    6.8250000000E+00     5.9477479339E-09
    6.8750000000E+00     3.9482666600E-09
    6.9250000000E+00     2.6199284354E-09
    6.9750000000E+00     1.7477272709E-09
    7.0250000000E+00     1.1873813968E-09
    7.0750000000E+00     8.4427452575E-10
    7.1250000000E+00     6.5932111242E-10
    7.1750000000E+00     5.9994125128E-10
    7.2250000000E+00     6.5495803385E-10
    7.2750000000E+00     8.3272812961E-10
    7.3250000000E+00     1.1622368208E-09
    7.3750000000E+00     1.6972768414E-09
    7.4250000000E+00     2.5242283224E-09
    7.4750000000E+00     3.7744076394E-09
    7.5250000000E+00     5.6425026712E-09
    7.5750000000E+00     8.4133152388E-09
    7.6250000000E+00     1.2499954187E-08
    7.6750000000E+00     1.8497846699E-08
    7.7250000000E+00     2.7260564212E-08
    7.7750000000E+00     4.0005623169E-08
    7.8250000000E+00     5.8461284237E-08
    7.8750000000E+00     8.5069143011E-08
    7.9250000000E+00     1.2326223758E-07
    7.9750000000E+00     1.7784481124E-07
    8.0250000000E+00     2.5550815053E-07
    8.0750000000E+00     3.6552753952E-07
    8.1250000000E+00     5.2069889396E-07
    8.1750000000E+00     7.3859072776E-07
    8.2250000000E+00     1.0432085350E-06
    8.2750000000E+00     1.4671953326E-06
    8.3250000000E+00     2.0547250073E-06
    8.3750000000E+00     2.8652853527E-06
    8.4250000000E+00     3.9785964741E-06
    8.4750000000E+00     5.5009688278E-06
    8.5250000000E+00     7.5734748268E-06
    8.5750000000E+00     1.0382389890E-05
    8.6250000000E+00     1.4172454113E-05
    8.6750000000E+00     1.9263615194E-05
    8.7250000000E+00     2.6072037271E-05
    8.7750000000E+00     3.5136298697E-05
    8.8250000000E+00     4.7149853579E-05
    8.8750000000E+00     6.3000995037E-05
    8.9250000000E+00     8.3821729391E-05
    8.9750000000E+00     1.1104714489E-04
    9.0250000000E+00     1.4648702944E-04
    9.0750000000E+00     1.9241165028E-04
    9.1250000000E+00     2.5165374325E-04
    9.1750000000E+00     3.2772885655E-04
    9.2250000000E+00     4.2497623740E-04
    9.2750000000E+00     5.4872242032E-04
    9.3250000000E+00     7.0546955187E-04
    9.3750000000E+00     9.0311024523E-04
    9.4250000000E+00     1.1511703740E-03
    9.4750000000E+00     1.4610806635E-03
    9.5250000000E+00     1.8464771945E-03
    9.5750000000E+00     2.3235299801E-03
    9.6250000000E+00     2.9112975875E-03
    9.6750000000E+00     3.6321043522E-03
    9.7250000000E+00     4.5119350562E-03
    9.7750000000E+00     5.5808400414E-03
    9.8250000000E+00     6.8733416068E-03
    9.8750000000E+00     8.4288302497E-03
    9.9250000000E+00     1.0291936905E-02
    9.9750000000E+00     1.2512864888E-02
