#t= 0.360000
    2.5000000000E-02     1.0000000000E+00
    7.5000000000E-02     9.9999999998E-01
    1.2500000000E-01     9.9999999935E-01
    1.7500000000E-01     9.9999998590E-01
    2.2500000000E-01     9.9999978422E-01
    2.7500000000E-01     9.9999752729E-01
    3.2500000000E-01     9.9997798654E-01
    3.7500000000E-01     9.9984415528E-01
    4.2500000000E-01     9.9910920210E-01
    4.7500000000E-01     9.9584913329E-01
    5.2500000000E-01     9.8414340781E-01
    5.7500000000E-01     9.5021305556E-01
    6.2500000000E-01     8.7145880304E-01
    6.7500000000E-01     7.2726570896E-01
    7.2500000000E-01     5.2421313142E-01
    7.7500000000E-01     3.1377239036E-01
    8.2500000000E-01     1.6702416831E-01
    8.7500000000E-01     1.1538588031E-01
    9.2500000000E-01     1.2825816151E-01
    9.7500000000E-01     1.5930122377E-01
    1.0250000000E+00     1.9018707496E-01
    1.0750000000E+00     2.2088523447E-01
    1.1250000000E+00     2.5136540691E-01
    1.1750000000E+00     2.8159751205E-01
    1.2250000000E+00     3.1155171444E-01
    1.2750000000E+00     3.4119845290E-01
    1.3250000000E+00     3.7050846969E-01
    1.3750000000E+00     3.9945283934E-01
    1.4250000000E+00     4.2800299727E-01
    1.4750000000E+00     4.5613076792E-01
    1.5250000000E+00     4.8380839256E-01
    1.5750000000E+00     5.1100855673E-01
    1.6250000000E+00     5.3770441716E-01
    1.6750000000E+00     5.6386962824E-01
    1.7250000000E+00     5.8947836807E-01
    1.7750000000E+00     6.1450536393E-01
    1.8250000000E+00     6.3892591718E-01
    1.8750000000E+00     6.6271592769E-01
    1.9250000000E+00     6.8585191758E-01
    1.9750000000E+00     7.0831105444E-01
    2.0250000000E+00     7.3007117381E-01
    2.0750000000E+00     7.5111080106E-01
    2.1250000000E+00     7.7140917265E-01
    2.1750000000E+00     7.9094625651E-01
    2.2250000000E+00     8.0970277190E-01
    2.2750000000E+00     8.2766020842E-01
    2.3250000000E+00     8.4480084424E-01
    2.3750000000E+00     8.6110776361E-01
    2.4250000000E+00     8.7656487359E-01
    2.4750000000E+00     8.9115691987E-01
    2.5250000000E+00     9.0486950186E-01
    2.5750000000E+00     9.1768908689E-01
    2.6250000000E+00     9.2960302359E-01
    2.6750000000E+00     9.4059955434E-01
    2.7250000000E+00     9.5066782689E-01
    2.7750000000E+00     9.5979790506E-01
    2.8250000000E+00     9.6798077859E-01
    2.8750000000E+00     9.7520837195E-01
    2.9250000000E+00     9.8147355239E-01
    2.9750000000E+00     9.8677013692E-01
    3.0250000000E+00     9.9109289847E-01
    3.0750000000E+00     9.9443757097E-01
    3.1250000000E+00     9.9680085366E-01
    3.1750000000E+00     9.9818041425E-01
    3.2250000000E+00     9.9857489128E-01
    3.2750000000E+00     9.9798389546E-01
    3.3250000000E+00     9.9640801001E-01
    3.3750000000E+00     9.9384879016E-01
    3.4250000000E+00     9.9030876155E-01
    3.4750000000E+00     9.8579141774E-01
    3.5250000000E+00     9.8030121682E-01
    3.5750000000E+00     9.7384357696E-01
    3.6250000000E+00     9.6642487106E-01
    3.6750000000E+00     9.5805242048E-01
    3.7250000000E+00     9.4873448784E-01
    3.7750000000E+00     9.3848026880E-01
    3.8250000000E+00     9.2729988304E-01
    3.8750000000E+00     9.1520436424E-01
    3.9250000000E+00     9.0220564924E-01
    3.9750000000E+00     8.8831656618E-01
    4.0250000000E+00     8.7355082192E-01
    4.0750000000E+00     8.5792298846E-01
    4.1250000000E+00     8.4144848859E-01
    4.1750000000E+00     8.2414358066E-01
    4.2250000000E+00     8.0602534251E-01
    4.2750000000E+00     7.8711165465E-01
    4.3250000000E+00     7.6742118263E-01
    4.3750000000E+00     7.4697335855E-01
    4.4250000000E+00     7.2578836195E-01
    4.4750000000E+00     7.0388709985E-01
    4.5250000000E+00     6.8129118618E-01
    4.5750000000E+00     6.5802292035E-01
    4.6250000000E+00     6.3410526535E-01
    4.6750000000E+00     6.0956182501E-01
    4.7250000000E+00     5.8441682074E-01
    4.7750000000E+00     5.5869506762E-01
    4.8250000000E+00     5.3242194993E-01
    4.8750000000E+00     5.0562339605E-01
    4.9250000000E+00     4.7832585292E-01
    4.9750000000E+00     4.5055625993E-01
    5.0250000000E+00     4.2234202230E-01
    5.0750000000E+00     3.9371098409E-01
    5.1250000000E+00     3.6469140067E-01
    5.1750000000E+00     3.3531191086E-01
    5.2250000000E+00     3.0560150869E-01
    5.2750000000E+00     2.7558951471E-01
    5.3250000000E+00     2.4530554717E-01
    5.3750000000E+00     2.1477949266E-01
    5.4250000000E+00     1.8404147672E-01
    5.4750000000E+00     1.5312183407E-01
    5.5250000000E+00     1.2205107865E-01
    5.5750000000E+00     9.0859873551E-02
    5.6250000000E+00     5.9579000728E-02
    5.6750000000E+00     2.8239330625E-02
    5.7250000000E+00    -3.1282082889E-03
    5.7750000000E+00    -3.4492660039E-02
    5.8250000000E+00    -6.5823071697E-02
    5.8750000000E+00    -9.7088523931E-02
    5.9250000000E+00    -1.2825816151E-01
    5.9750000000E+00    -1.5930122377E-01
    6.0250000000E+00    -1.9018707496E-01
    6.0750000000E+00    -2.2088523447E-01
    6.1250000000E+00    -2.5136540691E-01
    6.1750000000E+00    -2.8159751205E-01
    6.2250000000E+00    -3.1155171444E-01
    6.2750000000E+00    -3.4119845290E-01
    6.3250000000E+00    -3.7050846969E-01
    6.3750000000E+00    -3.9945283934E-01
    6.4250000000E+00    -4.2800299727E-01
    6.4750000000E+00    -4.5613076792E-01
    6.5250000000E+00    -4.8380839256E-01
    6.5750000000E+00    -5.1100855673E-01
    6.6250000000E+00    -5.3770441716E-01
    6.6750000000E+00    -5.6386962824E-01
    6.7250000000E+00    -5.8947836807E-01
    6.7750000000E+00    -6.1450536393E-01
    6.8250000000E+00    -6.3892591718E-01
    6.8750000000E+00    -6.6271592769E-01
    6.9250000000E+00    -6.8585191758E-01
    6.9750000000E+00    -7.0831105444E-01
    7.0250000000E+00    -7.3007117381E-01
    7.0750000000E+00    -7.5111080106E-01
    7.1250000000E+00    -7.7140917265E-01
    7.1750000000E+00    -7.9094625651E-01
    7.2250000000E+00    -8.0970277190E-01
    7.2750000000E+00    -8.2766020842E-01
    7.3250000000E+00    -8.4480084424E-01
    7.3750000000E+00    -8.6110776361E-01
    7.4250000000E+00    -8.7656487359E-01
    7.4750000000E+00    -8.9115691987E-01
    7.5250000000E+00    -9.0486950186E-01
    7.5750000000E+00    -9.1768908689E-01
    7.6250000000E+00    -9.2960302359E-01
    7.6750000000E+00    -9.4059955434E-01
    7.7250000000E+00    -9.5066782689E-01
    7.7750000000E+00    -9.5979790506E-01
    7.8250000000E+00    -9.6798077859E-01
    7.8750000000E+00    -9.7520837195E-01
    7.9250000000E+00    -9.8147355239E-01
    7.9750000000E+00    -9.8677013692E-01
    8.0250000000E+00    -9.9109289847E-01
    8.0750000000E+00    -9.9443757097E-01
    8.1250000000E+00    -9.9680085366E-01
    8.1750000000E+00    -9.9818041425E-01
    8.2250000000E+00    -9.9857489128E-01
    8.2750000000E+00    -9.9798389546E-01
    8.3250000000E+00    -9.9640801001E-01
    8.3750000000E+00    -9.9384879016E-01
    8.4250000000E+00    -9.9030876155E-01
    8.4750000000E+00    -9.8579141774E-01
    8.5250000000E+00    -9.8030121682E-01
    8.5750000000E+00    -9.7384357696E-01
    8.6250000000E+00    -9.6642487106E-01
    8.6750000000E+00    -9.5805242048E-01
    8.7250000000E+00    -9.4873448784E-01
    8.7750000000E+00    -9.3848026880E-01
    8.8250000000E+00    -9.2729988304E-01
    8.8750000000E+00    -9.1520436424E-01
    8.9250000000E+00    -9.0220564924E-01
    8.9750000000E+00    -8.8831656618E-01
    9.0250000000E+00    -8.7355082192E-01
    9.0750000000E+00    -8.5792298846E-01
    9.1250000000E+00    -8.4144848859E-01
    9.1750000000E+00    -8.2414358066E-01
    9.2250000000E+00    -8.0602534251E-01
    9.2750000000E+00    -7.8711165465E-01
    9.3250000000E+00    -7.6742118263E-01
    9.3750000000E+00    -7.4697335855E-01
    9.4250000000E+00    -7.2578836195E-01
    9.4750000000E+00    -7.0388709985E-01
    9.5250000000E+00    -6.8129118618E-01
    9.5750000000E+00    -6.5802292035E-01
    9.6250000000E+00    -6.3410526535E-01
    9.6750000000E+00    -6.0956182501E-01
    9.7250000000E+00    -5.8441682074E-01
    9.7750000000E+00    -5.5869506762E-01
    9.8250000000E+00    -5.3242194993E-01
    9.8750000000E+00    -5.0562339605E-01
    9.9250000000E+00    -4.7832585292E-01
    9.9750000000E+00    -4.5055625993E-01
