#t= 0.560000
    2.5000000000E-02     3.2213211223E-07
    7.5000000000E-02     2.1912540412E-07
    1.2500000000E-01     1.4832590234E-07
    1.7500000000E-01     9.9909480366E-08
    2.2500000000E-01     6.6967133035E-08
    2.7500000000E-01     4.4666496728E-08
    3.2500000000E-01     2.9646069889E-08
    3.7500000000E-01     1.9580207528E-08
    4.2500000000E-01     1.2868628173E-08
    4.7500000000E-01     8.4161194004E-09
    5.2500000000E-01     5.4771681274E-09
    5.7500000000E-01     3.5470285301E-09
    6.2500000000E-01     2.2857967693E-09
    6.7500000000E-01     1.4658007248E-09
    7.2500000000E-01     9.3535791123E-10
    7.7500000000E-01     5.9395612165E-10
    8.2500000000E-01     3.7536148640E-10
    8.7500000000E-01     2.3620316033E-10
    9.2500000000E-01     1.4832963576E-10
    9.7500000000E-01     9.3753465666E-11
    1.0250000000E+00     6.1352831352E-11
    1.0750000000E+00     4.4733195955E-11
    1.1250000000E+00     4.0839064695E-11
    1.1750000000E+00     4.9107159495E-11
    1.2250000000E+00     7.1160018376E-11
    1.2750000000E+00     1.1115394938E-10
    1.3250000000E+00     1.7684938168E-10
    1.3750000000E+00     2.8138643310E-10
    1.4250000000E+00     4.4585204878E-10
    1.4750000000E+00     7.0305270830E-10
    1.5250000000E+00     1.1032487727E-09
    1.5750000000E+00     1.7228495153E-09
    1.6250000000E+00     2.6773764407E-09
    1.6750000000E+00     4.1405649923E-09
    1.7250000000E+00     6.3723221819E-09
    1.7750000000E+00     9.7594124154E-09
    1.8250000000E+00     1.4874326728E-08
    1.8750000000E+00     2.2559971040E-08
    1.9250000000E+00     3.4050791198E-08
    1.9750000000E+00     5.1145001990E-08
    2.0250000000E+00     7.6448045778E-08
    2.0750000000E+00     1.1371470932E-07
    2.1250000000E+00     1.6832702392E-07
    2.1750000000E+00     2.4795784833E-07
    2.2250000000E+00     3.6348672972E-07
    2.2750000000E+00     5.3025627942E-07
    2.3250000000E+00     7.6978511880E-07
    2.3750000000E+00     1.1120888966E-06
    2.4250000000E+00     1.5988056408E-06
    2.4750000000E+00     2.2873777055E-06
    2.5250000000E+00     3.2566119451E-06
    2.5750000000E+00     4.6140248102E-06
    2.6250000000E+00     6.5054822461E-06
    2.6750000000E+00     9.1277680031E-06
    2.7250000000E+00     1.2744860528E-05
    2.7750000000E+00     1.7708869901E-05
    2.8250000000E+00     2.4486783609E-05
    2.8750000000E+00     3.3694393569E-05
    2.9250000000E+00     4.6139025693E-05
    2.9750000000E+00     6.2872964382E-05
    3.0250000000E+00     8.5259752316E-05
    3.0750000000E+00     1.1505584225E-04
    3.1250000000E+00     1.5451037031E-04
    3.1750000000E+00     2.0648609303E-04
    3.2250000000E+00     2.7460476224E-04
    3.2750000000E+00     3.6342037641E-04
    3.3250000000E+00     4.7862381301E-04
    3.3750000000E+00     6.2728227684E-04
    3.4250000000E+00     8.1811675241E-04
    3.4750000000E+00     1.0618201797E-03
    3.5250000000E+00     1.3714183343E-03
    3.5750000000E+00     1.7626743370E-03
    3.6250000000E+00     2.2545363015E-03
    3.6750000000E+00     2.8696258126E-03
    3.7250000000E+00     3.6347626852E-03
    3.7750000000E+00     4.5815187745E-03
    3.8250000000E+00     5.7467905003E-03
    3.8750000000E+00     7.1733762475E-03
    3.9250000000E+00     8.9105409806E-03
    3.9750000000E+00     1.1014546358E-02
    4.0250000000E+00     1.3549120508E-02
    4.0750000000E+00     1.6585837579E-02
    4.1250000000E+00     2.0204373494E-02
    4.1750000000E+00     2.4492601174E-02
    4.2250000000E+00     2.9546486232E-02
    4.2750000000E+00     3.5469743052E-02
    4.3250000000E+00     4.2373211523E-02
    4.3750000000E+00     5.0373916845E-02
    4.4250000000E+00     5.9593779072E-02
    4.4750000000E+00     7.0157945449E-02
    4.5250000000E+00     8.2192727531E-02
    4.5750000000E+00     9.5823136319E-02
    4.6250000000E+00     1.1117002230E-01
    4.6750000000E+00     1.2834684310E-01
    4.7250000000E+00     1.4745609881E-01
    4.7750000000E+00     1.6858549408E-01
    4.8250000000E+00     1.9180390493E-01
    4.8750000000E+00     2.1715724756E-01
    4.9250000000E+00     2.4466436397E-01
    4.9750000000E+00     2.7431305476E-01
    5.0250000000E+00     3.0605640177E-01
    5.0750000000E+00     3.3980953112E-01
    5.1250000000E+00     3.7544696995E-01
    5.1750000000E+00     4.1280074710E-01
    5.2250000000E+00     4.5165937799E-01
    5.2750000000E+00     4.9176785759E-01
    5.3250000000E+00     5.3282876199E-01
    5.3750000000E+00     5.7450452911E-01
    5.4250000000E+00     6.1642095401E-01
    5.4750000000E+00     6.5817189388E-01
    5.5250000000E+00     6.9932513486E-01
    5.5750000000E+00     7.3942932809E-01
    5.6250000000E+00     7.7802185837E-01
    5.6750000000E+00     8.1463746708E-01
    5.7250000000E+00     8.4881741381E-01
    5.7750000000E+00     8.8011893079E-01
    5.8250000000E+00     9.0812470148E-01
    5.8750000000E+00     9.3245208194E-01
    5.9250000000E+00     9.5276178155E-01
    5.9750000000E+00     9.6876572840E-01
    6.0250000000E+00     9.8023386473E-01
    6.0750000000E+00     9.8699964862E-01
    6.1250000000E+00     9.8896407798E-01
    6.1750000000E+00     9.8609810091E-01
    6.2250000000E+00     9.7844333058E-01
    6.2750000000E+00     9.6611103982E-01
    6.3250000000E+00     9.4927946962E-01
    6.3750000000E+00     9.2818954225E-01
    6.4250000000E+00     9.0313912346E-01
    6.4750000000E+00     8.7447602443E-01
    6.5250000000E+00     8.4258997336E-01
    6.5750000000E+00     8.0790381553E-01
    6.6250000000E+00     7.7086421882E-01
    6.6750000000E+00     7.3193216907E-01
    6.7250000000E+00     6.9157353564E-01
    6.7750000000E+00     6.5024997317E-01
    6.8250000000E+00     6.0841040148E-01
    6.8750000000E+00     5.6648327388E-01
    6.9250000000E+00     5.2486980603E-01
    6.9750000000E+00     4.8393829506E-01
    7.0250000000E+00     4.4401961458E-01
    7.0750000000E+00     4.0540392602E-01
    7.1250000000E+00     3.6833860428E-01
    7.1750000000E+00     3.3302733611E-01
    7.2250000000E+00     2.9963031466E-01
    7.2750000000E+00     2.6826542514E-01
    7.3250000000E+00     2.3901029394E-01
    7.3750000000E+00     2.1190505820E-01
    7.4250000000E+00     1.8695570406E-01
    7.4750000000E+00     1.6413781979E-01
    7.5250000000E+00     1.4340061346E-01
    7.5750000000E+00     1.2467105403E-01
    7.6250000000E+00     1.0785800705E-01
    7.6750000000E+00     9.2856252963E-02
    7.7250000000E+00     7.9550293441E-02
    7.7750000000E+00     6.7817870835E-02
    7.8250000000E+00     5.7533144921E-02
    7.8750000000E+00     4.8569489879E-02
    7.9250000000E+00     4.0801891774E-02
    7.9750000000E+00     3.4108942295E-02
    8.0250000000E+00     2.8374437855E-02
    8.0750000000E+00     2.3488604053E-02
    8.1250000000E+00     1.9348973997E-02
    8.1750000000E+00     1.5860955038E-02
    8.2250000000E+00     1.2938122313E-02
    8.2750000000E+00     1.0502279275E-02
    8.3250000000E+00     8.4833255102E-03
    8.3750000000E+00     6.8189707121E-03
    8.4250000000E+00     5.4543312604E-03
    8.4750000000E+00     4.3414425144E-03
    8.5250000000E+00     3.4387161231E-03
    8.5750000000E+00     2.7103675436E-03
    8.6250000000E+00     2.1258347971E-03
    8.6750000000E+00     1.6592054405E-03
    8.7250000000E+00     1.2886649315E-03
    8.7750000000E+00     9.9597610861E-04
    8.8250000000E+00     7.6599646015E-04
    8.8750000000E+00     5.8623724151E-04
    8.9250000000E+00     4.4646633103E-04
    8.9750000000E+00     3.3835496909E-04
    9.0250000000E+00     2.5516717725E-04
    9.0750000000E+00     1.9148966236E-04
    9.1250000000E+00     1.4299932913E-04
    9.1750000000E+00     1.0626510565E-04
    9.2250000000E+00     7.8580581386E-05
    9.2750000000E+00     5.7823922311E-05
    9.3250000000E+00     4.2341620678E-05
    9.3750000000E+00     3.0852822228E-05
    9.4250000000E+00     2.2371220389E-05
    9.4750000000E+00     1.6141789730E-05
    9.5250000000E+00     1.1589929534E-05
    9.5750000000E+00     8.2808873391E-06
    9.6250000000E+00     5.8876203584E-06
    9.6750000000E+00     4.1655220048E-06
    9.7250000000E+00     2.9326865759E-06
    9.7750000000E+00     2.0546049226E-06
    9.8250000000E+00     1.4323769499E-06
    9.8750000000E+00     9.9369366466E-07
    9.9250000000E+00     6.8598368699E-07
    9.9750000000E+00     4.7123875196E-07
