#t= 2.560000
    2.5000000000E-02     9.4443223951E-01
    7.5000000000E-02     9.5056737042E-01
    1.2500000000E-01     9.5241382897E-01
    1.7500000000E-01     9.4994546946E-01
    2.2500000000E-01     9.4319470221E-01
    2.7500000000E-01     9.3225178609E-01
    3.2500000000E-01     9.1726282019E-01
    3.7500000000E-01     8.9842649712E-01
    4.2500000000E-01     8.7598971865E-01
    4.7500000000E-01     8.5024220928E-01
    5.2500000000E-01     8.2151029166E-01
    5.7500000000E-01     7.9015001108E-01
    6.2500000000E-01     7.5653981111E-01
    6.7500000000E-01     7.2107297048E-01
    7.2500000000E-01     6.8415001140E-01
    7.7500000000E-01     6.4617128185E-01
    8.2500000000E-01     6.0752990040E-01
    8.7500000000E-01     5.6860523183E-01
    9.2500000000E-01     5.2975703643E-01
    9.7500000000E-01     4.9132040748E-01
    1.0250000000E+00     4.5360157977E-01
    1.0750000000E+00     4.1687466050E-01
    1.1250000000E+00     3.8137930179E-01
    1.1750000000E+00     3.4731930402E-01
    1.2250000000E+00     3.1486211200E-01
    1.2750000000E+00     2.8413914163E-01
    1.3250000000E+00     2.5524685527E-01
    1.3750000000E+00     2.2824848865E-01
    1.4250000000E+00     2.0317632172E-01
    1.4750000000E+00     1.8003438015E-01
    1.5250000000E+00     1.5880145281E-01
    1.5750000000E+00     1.3943431342E-01
    1.6250000000E+00     1.2187104073E-01
    1.6750000000E+00     1.0603434102E-01
    1.7250000000E+00     9.1834787731E-02
    1.7750000000E+00     7.9173906305E-02
    1.8250000000E+00     6.7947045799E-02
    1.8750000000E+00     5.8045992902E-02
    1.9250000000E+00     4.9361297512E-02
    1.9750000000E+00     4.1784291828E-02
    2.0250000000E+00     3.5208796491E-02
    2.0750000000E+00     2.9532517417E-02
    2.1250000000E+00     2.4658145489E-02
    2.1750000000E+00     2.0494178069E-02
    2.2250000000E+00     1.6955486372E-02
    2.2750000000E+00     1.3963656299E-02
    2.3250000000E+00     1.1447132251E-02
    2.3750000000E+00     9.3411942065E-03
    2.4250000000E+00     7.5877978736E-03
    2.4750000000E+00     6.1353064084E-03
    2.5250000000E+00     4.9381401599E-03
    2.5750000000E+00     3.9563683602E-03
    2.6250000000E+00     3.1552638432E-03
    2.6750000000E+00     2.5048388789E-03
    2.7250000000E+00     1.9793772096E-03
    2.7750000000E+00     1.5569744723E-03
    2.8250000000E+00     1.2190964786E-03
    2.8750000000E+00     9.5016235872E-04
    2.9250000000E+00     7.3715739819E-04
    2.9750000000E+00     5.6927852345E-04
    3.0250000000E+00     4.3761382988E-04
    3.0750000000E+00     3.3485627910E-04
    3.1250000000E+00     2.5505070526E-04
    3.1750000000E+00     1.9337253341E-04
    3.2250000000E+00     1.4593609652E-04
    3.2750000000E+00     1.0963010966E-04
    3.3250000000E+00     8.1977686909E-05
    3.3750000000E+00     6.1018238333E-05
    3.4250000000E+00     4.5208632250E-05
    3.4750000000E+00     3.3341126912E-05
    3.5250000000E+00     2.4475743344E-05
    3.5750000000E+00     1.7884949633E-05
    3.6250000000E+00     1.3008741202E-05
    3.6750000000E+00     9.4184200251E-06
    3.7250000000E+00     6.7875895146E-06
    3.7750000000E+00     4.8690846890E-06
    3.8250000000E+00     3.4767449863E-06
    3.8750000000E+00     2.4711073032E-06
    3.9250000000E+00     1.7482483963E-06
    3.9750000000E+00     1.2311386026E-06
    4.0250000000E+00     8.6298360443E-07
    4.0750000000E+00     6.0212884960E-07
    4.1250000000E+00     4.1818373072E-07
    4.1750000000E+00     2.8909138283E-07
    4.2250000000E+00     1.9892665972E-07
    4.2750000000E+00     1.3625115161E-07
    4.3250000000E+00     9.2891559147E-08
    4.3750000000E+00     6.3037760348E-08
    4.4250000000E+00     4.2580763174E-08
    4.4750000000E+00     2.8629534594E-08
    4.5250000000E+00     1.9160389282E-08
    4.5750000000E+00     1.2764014141E-08
    4.6250000000E+00     8.4639716278E-09
    4.6750000000E+00     5.5872204960E-09
    4.7250000000E+00     3.6722692251E-09
    4.7750000000E+00     2.4043993419E-09
    4.8250000000E+00     1.5702537305E-09
    4.8750000000E+00     1.0262084435E-09
    4.9250000000E+00     6.7651533011E-10
    4.9750000000E+00     4.5835681966E-10
    5.0250000000E+00     3.3180142932E-10
    5.0750000000E+00     2.7327217880E-10
    5.1250000000E+00     2.7160415426E-10
    5.1750000000E+00     3.2612188431E-10
    5.2250000000E+00     4.4645182044E-10
    5.2750000000E+00     6.5403342688E-10
    5.3250000000E+00     9.8553417508E-10
    5.3750000000E+00     1.4986385285E-09
    5.4250000000E+00     2.2810002885E-09
    5.4750000000E+00     3.4635577283E-09
    5.5250000000E+00     5.2399558289E-09
    5.5750000000E+00     7.8945550502E-09
    5.6250000000E+00     1.1842502414E-08
    5.6750000000E+00     1.7686690017E-08
    5.7250000000E+00     2.6298247037E-08
    5.7750000000E+00     3.8929656477E-08
    5.8250000000E+00     5.7372852282E-08
    5.8750000000E+00     8.4178982960E-08
    5.9250000000E+00     1.2296223416E-07
    5.9750000000E+00     1.7881756989E-07
    6.0250000000E+00     2.5889195335E-07
    6.0750000000E+00     3.7316112019E-07
    6.1250000000E+00     5.3547999087E-07
    6.1750000000E+00     7.6499514749E-07
    6.2250000000E+00     1.0880334233E-06
    6.2750000000E+00     1.5406126685E-06
    6.3250000000E+00     2.1717604107E-06
    6.3750000000E+00     3.0478748136E-06
    6.4250000000E+00     4.2584215352E-06
    6.4750000000E+00     5.9233313763E-06
    6.5250000000E+00     8.2025485432E-06
    6.5750000000E+00     1.1308279419E-05
    6.6250000000E+00     1.5520608236E-05
    6.6750000000E+00     2.1207279847E-05
    6.7250000000E+00     2.8848601358E-05
    6.7750000000E+00     3.9068583139E-05
    6.8250000000E+00     5.2673624351E-05
    6.8750000000E+00     7.0700245544E-05
    6.9250000000E+00     9.4473576667E-05
    6.9750000000E+00     1.2567851605E-04
    7.0250000000E+00     1.6644567565E-04
    7.0750000000E+00     2.1945440787E-04
    7.1250000000E+00     2.8805535474E-04
    7.1750000000E+00     3.7641505256E-04
    7.2250000000E+00     4.8968514304E-04
    7.2750000000E+00     6.3419866018E-04
    7.3250000000E+00     8.1769565341E-04
    7.3750000000E+00     1.0495800418E-03
    7.4250000000E+00     1.3412090412E-03
    7.4750000000E+00     1.7062157331E-03
    7.5250000000E+00     2.1608643290E-03
    7.5750000000E+00     2.7244363903E-03
    7.6250000000E+00     3.4196446904E-03
    7.6750000000E+00     4.2730695311E-03
    7.7250000000E+00     5.3156101627E-03
    7.7750000000E+00     6.5829415258E-03
    7.8250000000E+00     8.1159638731E-03
    7.8750000000E+00     9.9612300062E-03
    7.9250000000E+00     1.2171331957E-02
    7.9750000000E+00     1.4805226075E-02
    8.0250000000E+00     1.7928472773E-02
    8.0750000000E+00     2.1613364828E-02
    8.1250000000E+00     2.5938916245E-02
    8.1750000000E+00     3.0990682559E-02
    8.2250000000E+00     3.6860383187E-02
    8.2750000000E+00     4.3645297282E-02
    8.3250000000E+00     5.1447406729E-02
    8.3750000000E+00     6.0372263490E-02
    8.4250000000E+00     7.0527563705E-02
    8.4750000000E+00     8.2021417797E-02
    8.5250000000E+00     9.4960314280E-02
    8.5750000000E+00     1.0944678502E-01
    8.6250000000E+00     1.2557679113E-01
    8.6750000000E+00     1.4343686123E-01
    8.7250000000E+00     1.6310102715E-01
    8.7750000000E+00     1.8462761573E-01
    8.8250000000E+00     2.0805596880E-01
    8.8750000000E+00     2.3340317586E-01
    8.9250000000E+00     2.6066091520E-01
    8.9750000000E+00     2.8979250759E-01
    9.0250000000E+00     3.2073029319E-01
    9.0750000000E+00     3.5337344421E-01
    9.1250000000E+00     3.8758632472E-01
    9.1750000000E+00     4.2319750304E-01
    9.2250000000E+00     4.5999951136E-01
    9.2750000000E+00     4.9774943228E-01
    9.3250000000E+00     5.3617037220E-01
    9.3750000000E+00     5.7495385768E-01
    9.4250000000E+00     6.1376316360E-01
    9.4750000000E+00     6.5223755248E-01
    9.5250000000E+00     6.8999737242E-01
    9.5750000000E+00     7.2664993003E-01
    9.6250000000E+00     7.6179602345E-01
    9.6750000000E+00     7.9503699254E-01
    9.7250000000E+00     8.2598211821E-01
    9.7750000000E+00     8.5425618305E-01
    9.8250000000E+00     8.7950699151E-01
    9.8750000000E+00     9.0141264046E-01
    9.9250000000E+00     9.1968833134E-01
    9.9750000000E+00     9.3409252298E-01
