#t= 4.960000
    2.5000000000E-02     2.6569650382E-09
    7.5000000000E-02     3.7530304648E-09
    1.2500000000E-01     5.4374796368E-09
    1.7500000000E-01     7.9525555929E-09
    2.2500000000E-01     1.1653453554E-08
    2.7500000000E-01     1.7052265485E-08
    3.2500000000E-01     2.4879902682E-08
    3.7500000000E-01     3.6172319063E-08
    4.2500000000E-01     5.2389586478E-08
    4.7500000000E-01     7.5579270807E-08
    5.2500000000E-01     1.0859931496E-07
    5.7500000000E-01     1.5542048581E-07
    6.2500000000E-01     2.2153467086E-07
    6.7500000000E-01     3.1450325938E-07
    7.2500000000E-01     4.4468992121E-07
    7.7500000000E-01     6.2623478701E-07
    8.2500000000E-01     8.7834289993E-07
    8.7500000000E-01     1.2269794983E-06
    9.2500000000E-01     1.7070889355E-06
    9.7500000000E-01     2.3654836640E-06
    1.0250000000E+00     3.2645855920E-06
    1.0750000000E+00     4.4872452142E-06
    1.1250000000E+00     6.1429151827E-06
    1.1750000000E+00     8.3755153937E-06
    1.2250000000E+00     1.1373397091E-05
    1.2750000000E+00     1.5381894686E-05
    1.3250000000E+00     2.0719046464E-05
    1.3750000000E+00     2.7795169243E-05
    1.4250000000E+00     3.7137087035E-05
    1.4750000000E+00     4.9417938841E-05
    1.5250000000E+00     6.5493624088E-05
    1.5750000000E+00     8.6447082980E-05
    1.6250000000E+00     1.1364174921E-04
    1.6750000000E+00     1.4878564841E-04
    1.7250000000E+00     1.9400774041E-04
    1.7750000000E+00     2.5194820755E-04
    1.8250000000E+00     3.2586446470E-04
    1.8750000000E+00     4.1975469544E-04
    1.9250000000E+00     5.3850068927E-04
    1.9750000000E+00     6.8803164958E-04
    2.0250000000E+00     8.7551044357E-04
    2.0750000000E+00     1.1095434544E-03
    2.1250000000E+00     1.4004147539E-03
    2.1750000000E+00     1.7603447205E-03
    2.2250000000E+00     2.2037724709E-03
    2.2750000000E+00     2.7476605300E-03
    2.3250000000E+00     3.4118190392E-03
    2.3750000000E+00     4.2192454789E-03
    2.4250000000E+00     5.1964743775E-03
    2.4750000000E+00     6.3739297975E-03
    2.5250000000E+00     7.7862715727E-03
    2.5750000000E+00     9.4727243428E-03
    2.6250000000E+00     1.1477376464E-02
    2.6750000000E+00     1.3849433921E-02
    2.7250000000E+00     1.6643412525E-02
    2.7750000000E+00     1.9919250042E-02
    2.8250000000E+00     2.3742318580E-02
    2.8750000000E+00     2.8183316683E-02
    2.9250000000E+00     3.3318020234E-02
    2.9750000000E+00     3.9226871679E-02
    3.0250000000E+00     4.5994388238E-02
    3.0750000000E+00     5.3708371842E-02
    3.1250000000E+00     6.2458906692E-02
    3.1750000000E+00     7.2337134420E-02
    3.2250000000E+00     8.3433802119E-02
    3.2750000000E+00     9.5837584776E-02
    3.3250000000E+00     1.0963319091E-01
    3.3750000000E+00     1.2489926834E-01
    3.4250000000E+00     1.4170613579E-01
    3.4750000000E+00     1.6011337513E-01
    3.5250000000E+00     1.8016732856E-01
    3.5750000000E+00     2.0189855376E-01
    3.6250000000E+00     2.2531929868E-01
    3.6750000000E+00     2.5042106486E-01
    3.7250000000E+00     2.7717233408E-01
    3.7750000000E+00     3.0551653697E-01
    3.8250000000E+00     3.3537034401E-01
    3.8750000000E+00     3.6662235834E-01
    3.9250000000E+00     3.9913228596E-01
    3.9750000000E+00     4.3273065211E-01
    4.0250000000E+00     4.6721912276E-01
    4.0750000000E+00     5.0237147715E-01
    4.1250000000E+00     5.3793526179E-01
    4.1750000000E+00     5.7363413842E-01
    4.2250000000E+00     6.0917091831E-01
    4.2750000000E+00     6.4423125441E-01
    4.3250000000E+00     6.7848794075E-01
    4.3750000000E+00     7.1160574761E-01
    4.4250000000E+00     7.4324669992E-01
    4.4750000000E+00     7.7307568858E-01
    4.5250000000E+00     8.0076628806E-01
    4.5750000000E+00     8.2600664207E-01
    4.6250000000E+00     8.4850527048E-01
    4.6750000000E+00     8.6799664763E-01
    4.7250000000E+00     8.8424640338E-01
    4.7750000000E+00     8.9705600494E-01
    4.8250000000E+00     9.0626678903E-01
    4.8750000000E+00     9.1176322990E-01
    4.9250000000E+00     9.1347534934E-01
    4.9750000000E+00     9.1138019825E-01
    5.0250000000E+00     9.0550236621E-01
    5.0750000000E+00     8.9591350301E-01
    5.1250000000E+00     8.8273086529E-01
    5.1750000000E+00     8.6611492950E-01
    5.2250000000E+00     8.4626613898E-01
    5.2750000000E+00     8.2342087754E-01
    5.3250000000E+00     7.9784678260E-01
    5.3750000000E+00     7.6983752790E-01
    5.4250000000E+00     7.3970721786E-01
    5.4750000000E+00     7.0778454304E-01
    5.5250000000E+00     6.7440684817E-01
    5.5750000000E+00     6.3991426140E-01
    5.6250000000E+00     6.0464402563E-01
    5.6750000000E+00     5.6892516112E-01
    5.7250000000E+00     5.3307357273E-01
    5.7750000000E+00     4.9738769690E-01
    5.8250000000E+00     4.6214476279E-01
    5.8750000000E+00     4.2759772016E-01
    5.9250000000E+00     3.9397286466E-01
    5.9750000000E+00     3.6146816913E-01
    6.0250000000E+00     3.3025230938E-01
    6.0750000000E+00     3.0046435416E-01
    6.1250000000E+00     2.7221407275E-01
    6.1750000000E+00     2.4558280041E-01
    6.2250000000E+00     2.2062479125E-01
    6.2750000000E+00     1.9736898125E-01
    6.3250000000E+00     1.7582107964E-01
    6.3750000000E+00     1.5596590624E-01
    6.4250000000E+00     1.3776989341E-01
    6.4750000000E+00     1.2118367584E-01
    6.5250000000E+00     1.0614469701E-01
    6.5750000000E+00     9.2579768951E-02
    6.6250000000E+00     8.0407530548E-02
    6.6750000000E+00     6.9540759036E-02
    6.7250000000E+00     5.9888499043E-02
    6.7750000000E+00     5.1357983016E-02
    6.8250000000E+00     4.3856326070E-02
    6.8750000000E+00     3.7291986683E-02
    6.9250000000E+00     3.1575992278E-02
    6.9750000000E+00     2.6622935193E-02
    7.0250000000E+00     2.2351749999E-02
    7.0750000000E+00     1.8686287359E-02
    7.1250000000E+00     1.5555702814E-02
    7.1750000000E+00     1.2894680949E-02
    7.2250000000E+00     1.0643516550E-02
    7.2750000000E+00     8.7480746480E-03
    7.3250000000E+00     7.1596509219E-03
    7.3750000000E+00     5.8347529126E-03
    7.4250000000E+00     4.7348210476E-03
    7.4750000000E+00     3.8259066888E-03
    7.5250000000E+00     3.0783224327E-03
    7.5750000000E+00     2.4662778078E-03
    7.6250000000E+00     1.9675114214E-03
    7.6750000000E+00     1.5629285811E-03
    7.7250000000E+00     1.2362515034E-03
    7.7750000000E+00     9.7368747918E-04
    7.8250000000E+00     7.6361880602E-04
    7.8750000000E+00     5.9631694052E-04
    7.9250000000E+00     4.6368217923E-04
    7.9750000000E+00     3.5900922864E-04
    8.0250000000E+00     2.7677827256E-04
    8.0750000000E+00     2.1247056580E-04
    8.1250000000E+00     1.6240716168E-04
    8.1750000000E+00     1.2360909435E-04
    8.2250000000E+00     9.3677165753E-05
    8.2750000000E+00     7.0689409579E-05
    8.3250000000E+00     5.3114302648E-05
    8.3750000000E+00     3.9737848998E-05
    8.4250000000E+00     2.9602759168E-05
    8.4750000000E+00     2.1958072691E-05
    8.5250000000E+00     1.6217714790E-05
    8.5750000000E+00     1.1926629723E-05
    8.6250000000E+00     8.7332858607E-06
    8.6750000000E+00     6.3674963043E-06
    8.7250000000E+00     4.6226396265E-06
    8.7750000000E+00     3.3414957224E-06
    8.8250000000E+00     2.4050302430E-06
    8.8750000000E+00     1.7235669679E-06
    8.9250000000E+00     1.2298807417E-06
    8.9750000000E+00     8.7382466217E-07
    9.0250000000E+00     6.1817482164E-07
    9.0750000000E+00     4.3543501922E-07
    9.1250000000E+00     3.0539354114E-07
    9.1750000000E+00     2.1326544646E-07
    9.2250000000E+00     1.4828787734E-07
    9.2750000000E+00     1.0266376165E-07
    9.3250000000E+00     7.0771839163E-08
    9.3750000000E+00     4.8579074244E-08
    9.4250000000E+00     3.3205974144E-08
    9.4750000000E+00     2.2606771038E-08
    9.5250000000E+00     1.5335410997E-08
    9.5750000000E+00     1.0375302098E-08
    9.6250000000E+00     7.0162052525E-09
    9.6750000000E+00     4.7658354913E-09
    9.7250000000E+00     3.2869486086E-09
    9.7750000000E+00     2.3531384921E-09
    9.8250000000E+00     1.8184420620E-09
    9.8750000000E+00     1.5972854300E-09
    9.9250000000E+00     1.6524232232E-09
    9.9750000000E+00     1.9894186457E-09
