#t= 0.160000
    2.5000000000E-02     2.7576839636E-10
    7.5000000000E-02     1.7228841245E-10
    1.2500000000E-01     1.0711337278E-10
    1.7500000000E-01     6.6344834890E-11
    2.2500000000E-01     4.1363851476E-11
    2.7500000000E-01     2.7543652425E-11
    3.2500000000E-01     2.3470417181E-11
    3.7500000000E-01     2.9522839984E-11
    4.2500000000E-01     4.6197651061E-11
    4.7500000000E-01     7.4918343186E-11
    5.2500000000E-01     1.2089341255E-10
    5.7500000000E-01     1.9411686760E-10
    6.2500000000E-01     3.1014875382E-10
    6.7500000000E-01     4.9308625582E-10
    7.2500000000E-01     7.8004886201E-10
    7.7500000000E-01     1.2279105594E-09
    8.2500000000E-01     1.9233469771E-09
    8.7500000000E-01     2.9977436062E-09
    9.2500000000E-01     4.6491893557E-09
    9.7500000000E-01     7.1747347496E-09
    1.0250000000E+00     1.1017429811E-08
    1.0750000000E+00     1.6834511736E-08
    1.1250000000E+00     2.5595670378E-08
    1.1750000000E+00     3.8723821189E-08
    1.2250000000E+00     5.8295573440E-08
    1.2750000000E+00     8.7324998792E-08
    1.3250000000E+00     1.3016289413E-07
    1.3750000000E+00     1.9305513808E-07
    1.4250000000E+00     2.8491876580E-07
    1.4750000000E+00     4.1841401891E-07
    1.5250000000E+00     6.1141606259E-07
    1.5750000000E+00     8.8902273275E-07
    1.6250000000E+00     1.2862762626E-06
    1.6750000000E+00     1.8518293866E-06
    1.7250000000E+00     2.6528517250E-06
    1.7750000000E+00     3.7815533478E-06
    1.8250000000E+00     5.3638014919E-06
    1.8750000000E+00     7.5704262540E-06
    1.9250000000E+00     1.0631954312E-05
    1.9750000000E+00     1.4857678712E-05
    2.0250000000E+00     2.0660169352E-05
    2.0750000000E+00     2.8586553956E-05
    2.1250000000E+00     3.9358152827E-05
    2.1750000000E+00     5.3920330425E-05
    2.2250000000E+00     7.3504728386E-05
    2.2750000000E+00     9.9706360699E-05
    2.3250000000E+00     1.3457837126E-04
    2.3750000000E+00     1.8074756154E-04
    2.4250000000E+00     2.4155407141E-04
    2.4750000000E+00     3.2121881304E-04
    2.5250000000E+00     4.2504238525E-04
    2.5750000000E+00     5.5963919506E-04
    2.6250000000E+00     7.3321034260E-04
    2.6750000000E+00     9.5585843629E-04
    2.7250000000E+00     1.2399468464E-03
    2.7750000000E+00     1.6005049245E-03
    2.8250000000E+00     2.0556793648E-03
    2.8750000000E+00     2.6272301117E-03
    2.9250000000E+00     3.3410669969E-03
    2.9750000000E+00     4.2278205961E-03
    3.0250000000E+00     5.3234376239E-03
    3.0750000000E+00     6.6697875806E-03
    3.1250000000E+00     8.3152633608E-03
    3.1750000000E+00     1.0315354252E-02
    3.2250000000E+00     1.2733165315E-02
    3.2750000000E+00     1.5639852729E-02
    3.3250000000E+00     1.9114940551E-02
    3.3750000000E+00     2.3246480701E-02
    3.4250000000E+00     2.8131015233E-02
    3.4750000000E+00     3.3873298275E-02
    3.5250000000E+00     4.0585734944E-02
    3.5750000000E+00     4.8387496212E-02
    3.6250000000E+00     5.7403272566E-02
    3.6750000000E+00     6.7761635525E-02
    3.7250000000E+00     7.9592984913E-02
    3.7750000000E+00     9.3027071196E-02
    3.8250000000E+00     1.0819009627E-01
    3.8750000000E+00     1.2520141247E-01
    3.9250000000E+00     1.4416985805E-01
    3.9750000000E+00     1.6518978712E-01
    4.0250000000E+00     1.8833687300E-01
    4.0750000000E+00     2.1366378411E-01
    4.1250000000E+00     2.4119585128E-01
    4.1750000000E+00     2.7092686236E-01
    4.2250000000E+00     3.0281513427E-01
    4.2750000000E+00     3.3678002165E-01
    4.3250000000E+00     3.7269902582E-01
    4.3750000000E+00     4.1040566502E-01
    4.4250000000E+00     4.4968825782E-01
    4.4750000000E+00     4.9028975485E-01
    4.5250000000E+00     5.3190872991E-01
    4.5750000000E+00     5.7420161043E-01
    4.6250000000E+00     6.1678619006E-01
    4.6750000000E+00     6.5924642326E-01
    4.7250000000E+00     7.0113845623E-01
    4.7750000000E+00     7.4199780023E-01
    4.8250000000E+00     7.8134750585E-01
    4.8750000000E+00     8.1870715200E-01
    4.9250000000E+00     8.5360242265E-01
    4.9750000000E+00     8.8557501119E-01
    5.0250000000E+00     9.1419256744E-01
    5.0750000000E+00     9.3905838797E-01
    5.1250000000E+00     9.5982054751E-01
    5.1750000000E+00     9.7618017833E-01
    5.2250000000E+00     9.8789862562E-01
    5.2750000000E+00     9.9480323956E-01
    5.3250000000E+00     9.9679160755E-01
    5.3750000000E+00     9.9383408181E-01
    5.4250000000E+00     9.8597451486E-01
    5.4750000000E+00     9.7332917761E-01
    5.5250000000E+00     9.5608389732E-01
    5.5750000000E+00     9.3448951385E-01
    5.6250000000E+00     9.0885580945E-01
    5.6750000000E+00     8.7954411753E-01
    5.7250000000E+00     8.4695885665E-01
    5.7750000000E+00     8.1153826668E-01
    5.8250000000E+00     7.7374464306E-01
    5.8750000000E+00     7.3405437182E-01
    5.9250000000E+00     6.9294806302E-01
    5.9750000000E+00     6.5090106361E-01
    6.0250000000E+00     6.0837460460E-01
    6.0750000000E+00     5.6580780204E-01
    6.1250000000E+00     5.2361069028E-01
    6.1750000000E+00     4.8215841993E-01
    6.2250000000E+00     4.4178670543E-01
    6.2750000000E+00     4.0278855907E-01
    6.3250000000E+00     3.6541230296E-01
    6.3750000000E+00     3.2986080885E-01
    6.4250000000E+00     2.9629187902E-01
    6.4750000000E+00     2.6481965211E-01
    6.5250000000E+00     2.3551689476E-01
    6.5750000000E+00     2.0841802468E-01
    6.6250000000E+00     1.8352270289E-01
    6.6750000000E+00     1.6079983184E-01
    6.7250000000E+00     1.4019180112E-01
    6.7750000000E+00     1.2161883303E-01
    6.8250000000E+00     1.0498329504E-01
    6.8750000000E+00     9.0173863614E-02
    6.9250000000E+00     7.7069444200E-02
    6.9750000000E+00     6.5542772212E-02
    7.0250000000E+00     5.5463641002E-02
    7.0750000000E+00     4.6701722183E-02
    7.1250000000E+00     3.9128961883E-02
    7.1750000000E+00     3.2621552508E-02
    7.2250000000E+00     2.7061493170E-02
    7.2750000000E+00     2.2337762860E-02
    7.3250000000E+00     1.8347138800E-02
    7.3750000000E+00     1.4994698136E-02
    7.4250000000E+00     1.2194044583E-02
    7.4750000000E+00     9.8673029108E-03
    7.5250000000E+00     7.9449237533E-03
    7.5750000000E+00     6.3653392969E-03
    7.6250000000E+00     5.0745074494E-03
    7.6750000000E+00     4.0253783158E-03
    7.7250000000E+00     3.1773125912E-03
    7.7750000000E+00     2.4954770373E-03
    7.8250000000E+00     1.9502377823E-03
    7.8750000000E+00     1.5165679303E-03
    7.9250000000E+00     1.1734820348E-03
    7.9750000000E+00     9.0350645180E-04
    8.0250000000E+00     6.9219150893E-04
    8.0750000000E+00     5.2766882216E-04
    8.1250000000E+00     4.0025495690E-04
    8.1750000000E+00     3.0210094449E-04
    8.2250000000E+00     2.2688588954E-04
    8.2750000000E+00     1.6955199038E-04
    8.3250000000E+00     1.2607769486E-04
    8.3750000000E+00     9.3285372618E-05
    8.4250000000E+00     6.8679753228E-05
    8.4750000000E+00     5.0313409376E-05
    8.5250000000E+00     3.6675713863E-05
    8.5750000000E+00     2.6601931623E-05
    8.6250000000E+00     1.9199393063E-05
    8.6750000000E+00     1.3788007737E-05
    8.7250000000E+00     9.8526984278E-06
    8.7750000000E+00     7.0056506469E-06
    8.8250000000E+00     4.9565710864E-06
    8.8750000000E+00     3.4894239696E-06
    8.9250000000E+00     2.4443626598E-06
    8.9750000000E+00     1.7037936818E-06
    9.0250000000E+00     1.1817015081E-06
    9.0750000000E+00     8.1552628249E-07
    9.1250000000E+00     5.6002508651E-07
    9.1750000000E+00     3.8266285876E-07
    9.2250000000E+00     2.6017431132E-07
    9.2750000000E+00     1.7601583898E-07
    9.3250000000E+00     1.1848906791E-07
    9.3750000000E+00     7.9367732948E-08
    9.4250000000E+00     5.2899161620E-08
    9.4750000000E+00     3.5082673928E-08
    9.5250000000E+00     2.3151313265E-08
    9.5750000000E+00     1.5201889992E-08
    9.6250000000E+00     9.9324985754E-09
    9.6750000000E+00     6.4574101546E-09
    9.7250000000E+00     4.1773140909E-09
    9.7750000000E+00     2.6889006138E-09
    9.8250000000E+00     1.7222301716E-09
    9.8750000000E+00     1.0976058755E-09
    9.9250000000E+00     6.9604994415E-10
    9.9750000000E+00     4.3921088621E-10
