#t= 2.800000
    2.5000000000E-02     7.0352074536E-01
    7.5000000000E-02     7.3923766432E-01
    1.2500000000E-01     7.7329300434E-01
    1.7500000000E-01     8.0529752679E-01
    2.2500000000E-01     8.3487298684E-01
    2.7500000000E-01     8.6165950662E-01
    3.2500000000E-01     8.8532282209E-01
    3.7500000000E-01     9.0556120096E-01
    4.2500000000E-01     9.2211183228E-01
    4.7500000000E-01     9.3475649892E-01
    5.2500000000E-01     9.4332636206E-01
    5.7500000000E-01     9.4770571118E-01
    6.2500000000E-01     9.4783456305E-01
    6.7500000000E-01     9.4371002832E-01
    7.2500000000E-01     9.3538640207E-01
    7.7500000000E-01     9.2297397477E-01
    8.2500000000E-01     9.0663659997E-01
    8.7500000000E-01     8.8658809373E-01
    9.2500000000E-01     8.6308757648E-01
    9.7500000000E-01     8.3643389913E-01
    1.0250000000E+00     8.0695932108E-01
    1.0750000000E+00     7.7502262704E-01
    1.1250000000E+00     7.4100188165E-01
    1.1750000000E+00     7.0528702564E-01
    1.2250000000E+00     6.6827251506E-01
    1.2750000000E+00     6.3035019494E-01
    1.3250000000E+00     5.9190258366E-01
    1.3750000000E+00     5.5329672263E-01
    1.4250000000E+00     5.1487872027E-01
    1.4750000000E+00     4.7696909123E-01
    1.5250000000E+00     4.3985896065E-01
    1.5750000000E+00     4.0380717298E-01
    1.6250000000E+00     3.6903831452E-01
    1.6750000000E+00     3.3574163042E-01
    1.7250000000E+00     3.0407079179E-01
    1.7750000000E+00     2.7414444642E-01
    1.8250000000E+00     2.4604746904E-01
    1.8750000000E+00     2.1983281357E-01
    1.9250000000E+00     1.9552386156E-01
    1.9750000000E+00     1.7311715614E-01
    2.0250000000E+00     1.5258541129E-01
    2.0750000000E+00     1.3388068965E-01
    2.1250000000E+00     1.1693764898E-01
    2.1750000000E+00     1.0167676712E-01
    2.2250000000E+00     8.8007466329E-02
    2.2750000000E+00     7.5831071006E-02
    2.3250000000E+00     6.5043545831E-02
    2.3750000000E+00     5.5537974826E-02
    2.4250000000E+00     4.7206754821E-02
    2.4750000000E+00     3.9943488759E-02
    2.5250000000E+00     3.3644575150E-02
    2.5750000000E+00     2.8210499338E-02
    2.6250000000E+00     2.3546840064E-02
    2.6750000000E+00     1.9565010949E-02
    2.7250000000E+00     1.6182761087E-02
    2.7750000000E+00     1.3324461947E-02
    2.8250000000E+00     1.0921209441E-02
    2.8750000000E+00     8.9107703862E-03
    2.9250000000E+00     7.2374020255E-03
    2.9750000000E+00     5.8515717684E-03
    3.0250000000E+00     4.7096022877E-03
    3.0750000000E+00     3.7732645660E-03
    3.1250000000E+00     3.0093387172E-03
    3.1750000000E+00     2.3891595130E-03
    3.2250000000E+00     1.8881606630E-03
    3.2750000000E+00     1.4854291304E-03
    3.3250000000E+00     1.1632781924E-03
    3.3750000000E+00     9.0684562702E-04
    3.4250000000E+00     7.0372136029E-04
    3.4750000000E+00     5.4360715664E-04
    3.5250000000E+00     4.1800947637E-04
    3.5750000000E+00     3.1996545122E-04
    3.6250000000E+00     2.4380101730E-04
    3.6750000000E+00     1.8491957002E-04
    3.7250000000E+00     1.3961903781E-04
    3.7750000000E+00     1.0493497904E-04
    3.8250000000E+00     7.8507159234E-05
    3.8750000000E+00     5.8467033427E-05
    3.9250000000E+00     4.3343615777E-05
    3.9750000000E+00     3.1985339961E-05
    4.0250000000E+00     2.3495680561E-05
    4.0750000000E+00     1.7180499374E-05
    4.1250000000E+00     1.2505288186E-05
    4.1750000000E+00     9.0606898670E-06
    4.2250000000E+00     6.5348848294E-06
    4.2750000000E+00     4.6916239513E-06
    4.3250000000E+00     3.3528684073E-06
    4.3750000000E+00     2.3851590973E-06
    4.4250000000E+00     1.6889827021E-06
    4.4750000000E+00     1.1905277661E-06
    4.5250000000E+00     8.3533332684E-07
    4.5750000000E+00     5.8342564683E-07
    4.6250000000E+00     4.0561698072E-07
    4.6750000000E+00     2.8070562840E-07
    4.7250000000E+00     1.9337039118E-07
    4.7750000000E+00     1.3259653792E-07
    4.8250000000E+00     9.0505978829E-08
    4.8750000000E+00     6.1492880516E-08
    4.9250000000E+00     4.1588641435E-08
    4.9750000000E+00     2.7998029344E-08
    5.0250000000E+00     1.8762267479E-08
    5.0750000000E+00     1.2515706618E-08
    5.1250000000E+00     8.3110753959E-09
    5.1750000000E+00     5.4946872454E-09
    5.2250000000E+00     3.6178282542E-09
    5.2750000000E+00     2.3742020613E-09
    5.3250000000E+00     1.5560416669E-09
    5.3750000000E+00     1.0235321450E-09
    5.4250000000E+00     6.8369396924E-10
    5.4750000000E+00     4.7598737972E-10
    5.5250000000E+00     3.6271728998E-10
    5.5750000000E+00     3.2292562917E-10
    5.6250000000E+00     3.4891589851E-10
    5.6750000000E+00     4.4491219474E-10
    5.7250000000E+00     6.2765206972E-10
    5.7750000000E+00     9.2898387319E-10
    5.8250000000E+00     1.4008167572E-09
    5.8750000000E+00     2.1230878774E-09
    5.9250000000E+00     3.2158024042E-09
    5.9750000000E+00     4.8567100110E-09
    6.0250000000E+00     7.3068585194E-09
    6.0750000000E+00     1.0947177078E-08
    6.1250000000E+00     1.6330471772E-08
    6.1750000000E+00     2.4254874105E-08
    6.2250000000E+00     3.5867006276E-08
    6.2750000000E+00     5.2806093726E-08
    6.3250000000E+00     7.7404189671E-08
    6.3750000000E+00     1.1296286004E-07
    6.4250000000E+00     1.6413346106E-07
    6.4750000000E+00     2.3743695718E-07
    6.5250000000E+00     3.4197060057E-07
    6.5750000000E+00     4.9036335711E-07
    6.6250000000E+00     7.0006047213E-07
    6.6750000000E+00     9.9504090360E-07
    6.7250000000E+00     1.4081005319E-06
    6.7750000000E+00     1.9838702395E-06
    6.8250000000E+00     2.7827824304E-06
    6.8750000000E+00     3.8862537213E-06
    6.9250000000E+00     5.4034168653E-06
    6.9750000000E+00     7.4798129538E-06
    7.0250000000E+00     1.0308547034E-05
    7.0750000000E+00     1.4144517752E-05
    7.1250000000E+00     1.9322455479E-05
    7.1750000000E+00     2.6279644095E-05
    7.2250000000E+00     3.5584359064E-05
    7.2750000000E+00     4.7971227430E-05
    7.3250000000E+00     6.4384901722E-05
    7.3750000000E+00     8.6033635417E-05
    7.4250000000E+00     1.1445454696E-04
    7.4750000000E+00     1.5159255440E-04
    7.5250000000E+00     1.9989514265E-04
    7.5750000000E+00     2.6242527749E-04
    7.6250000000E+00     3.4299488729E-04
    7.6750000000E+00     4.4632137638E-04
    7.7250000000E+00     5.7820959001E-04
    7.7750000000E+00     7.4576149394E-04
    7.8250000000E+00     9.5761553534E-04
    7.8750000000E+00     1.2242171854E-03
    7.9250000000E+00     1.5581214999E-03
    7.9750000000E+00     1.9743276414E-03
    8.0250000000E+00     2.4906441669E-03
    8.0750000000E+00     3.1280824685E-03
    8.1250000000E+00     3.9112740621E-03
    8.1750000000E+00     4.8689054456E-03
    8.2250000000E+00     6.0341620026E-03
    8.2750000000E+00     7.4451699560E-03
    8.3250000000E+00     9.1454227101E-03
    8.3750000000E+00     1.1184175155E-02
    8.4250000000E+00     1.3616786720E-02
    8.4750000000E+00     1.6504991282E-02
    8.5250000000E+00     1.9917069616E-02
    8.5750000000E+00     2.3927898065E-02
    8.6250000000E+00     2.8618845665E-02
    8.6750000000E+00     3.4077491372E-02
    8.7250000000E+00     4.0397133361E-02
    8.7750000000E+00     4.7676063870E-02
    8.8250000000E+00     5.6016585942E-02
    8.8750000000E+00     6.5523752686E-02
    8.9250000000E+00     7.6303815568E-02
    8.9750000000E+00     8.8462375672E-02
    9.0250000000E+00     1.0210224084E-01
    9.0750000000E+00     1.1732100204E-01
    9.1250000000E+00     1.3420835388E-01
    9.1750000000E+00     1.5284319673E-01
    9.2250000000E+00     1.7329057085E-01
    9.2750000000E+00     1.9559848614E-01
    9.3250000000E+00     2.1979472338E-01
    9.3750000000E+00     2.4588369436E-01
    9.4250000000E+00     2.7384345793E-01
    9.4750000000E+00     3.0362299583E-01
    9.5250000000E+00     3.3513985672E-01
    9.5750000000E+00     3.6827827682E-01
    9.6250000000E+00     4.0288788255E-01
    9.6750000000E+00     4.3878307228E-01
    9.7250000000E+00     4.7574316230E-01
    9.7750000000E+00     5.1351336510E-01
    9.8250000000E+00     5.5180664744E-01
    9.8750000000E+00     5.9030649102E-01
    9.9250000000E+00     6.2867055112E-01
    9.9750000000E+00     6.6653517928E-01
