#t= 8.400000
    2.5000000000E-02     8.2297949408E-02
    7.5000000000E-02     9.3722154437E-02
    1.2500000000E-01     1.0634109652E-01
    1.7500000000E-01     1.2021668753E-01
    2.2500000000E-01     1.3540423926E-01
    2.7500000000E-01     1.5195072436E-01
    3.2500000000E-01     1.6989297553E-01
    3.7500000000E-01     1.8925585746E-01
    4.2500000000E-01     2.1005045116E-01
    4.7500000000E-01     2.3227229478E-01
    5.2500000000E-01     2.5589972861E-01
    5.7500000000E-01     2.8089239478E-01
    6.2500000000E-01     3.0718994313E-01
    6.7500000000E-01     3.3471099489E-01
    7.2500000000E-01     3.6335241386E-01
    7.7500000000E-01     3.9298893136E-01
    8.2500000000E-01     4.2347316584E-01
    8.7500000000E-01     4.5463607126E-01
    9.2500000000E-01     4.8628783937E-01
    9.7500000000E-01     5.1821927119E-01
    1.0250000000E+00     5.5020362121E-01
    1.0750000000E+00     5.8199890551E-01
    1.1250000000E+00     6.1335065214E-01
    1.1750000000E+00     6.4399505837E-01
    1.2250000000E+00     6.7366250690E-01
    1.2750000000E+00     7.0208138025E-01
    1.3250000000E+00     7.2898210172E-01
    1.3750000000E+00     7.5410132148E-01
    1.4250000000E+00     7.7718615883E-01
    1.4750000000E+00     7.9799840636E-01
    1.5250000000E+00     8.1631859922E-01
    1.5750000000E+00     8.3194985288E-01
    1.6250000000E+00     8.4472137590E-01
    1.6750000000E+00     8.5449157037E-01
    1.7250000000E+00     8.6115064143E-01
    1.7750000000E+00     8.6462264879E-01
    1.8250000000E+00     8.6486694662E-01
    1.8750000000E+00     8.6187897379E-01
    1.9250000000E+00     8.5569037289E-01
    1.9750000000E+00     8.4636843420E-01
    2.0250000000E+00     8.3401487809E-01
    2.0750000000E+00     8.1876400669E-01
    2.1250000000E+00     8.0078027189E-01
    2.1750000000E+00     7.8025532110E-01
    2.2250000000E+00     7.5740459523E-01
    2.2750000000E+00     7.3246356332E-01
    2.3250000000E+00     7.0568368581E-01
    2.3750000000E+00     6.7732820323E-01
    2.4250000000E+00     6.4766784865E-01
    2.4750000000E+00     6.1697658106E-01
    2.5250000000E+00     5.8552743265E-01
    2.5750000000E+00     5.5358855648E-01
    2.6250000000E+00     5.2141955198E-01
    2.6750000000E+00     4.8926813508E-01
    2.7250000000E+00     4.5736720759E-01
    2.7750000000E+00     4.2593236716E-01
    2.8250000000E+00     3.9515988578E-01
    2.8750000000E+00     3.6522517100E-01
    2.9250000000E+00     3.3628171091E-01
    2.9750000000E+00     3.0846049175E-01
    3.0250000000E+00     2.8186986566E-01
    3.0750000000E+00     2.5659583659E-01
    3.1250000000E+00     2.3270272434E-01
    3.1750000000E+00     2.1023416036E-01
    3.2250000000E+00     1.8921436495E-01
    3.2750000000E+00     1.6964965239E-01
    3.3250000000E+00     1.5153011040E-01
    3.3750000000E+00     1.3483140064E-01
    3.4250000000E+00     1.1951662954E-01
    3.4750000000E+00     1.0553824209E-01
    3.5250000000E+00     9.2839895807E-02
    3.5750000000E+00     8.1358277098E-02
    3.6250000000E+00     7.1024828210E-02
    3.6750000000E+00     6.1767358621E-02
    3.7250000000E+00     5.3511520896E-02
    3.7750000000E+00     4.6182136766E-02
    3.8250000000E+00     3.9704364683E-02
    3.8750000000E+00     3.4004705179E-02
    3.9250000000E+00     2.9011844771E-02
    3.9750000000E+00     2.4657343079E-02
    4.0250000000E+00     2.0876170949E-02
    4.0750000000E+00     1.7607109942E-02
    4.1250000000E+00     1.4793025396E-02
    4.1750000000E+00     1.2381026532E-02
    4.2250000000E+00     1.0322527746E-02
    4.2750000000E+00     8.5732254455E-03
    4.3250000000E+00     7.0930045308E-03
    4.3750000000E+00     5.8457880308E-03
    4.4250000000E+00     4.7993425521E-03
    4.4750000000E+00     3.9250511119E-03
    4.5250000000E+00     3.1976637265E-03
    4.5750000000E+00     2.5950348413E-03
    4.6250000000E+00     2.0978553821E-03
    4.6750000000E+00     1.6893859230E-03
    4.7250000000E+00     1.3551962383E-03
    4.7750000000E+00     1.0829153631E-03
    4.8250000000E+00     8.6199524932E-04
    4.8750000000E+00     6.8349017691E-04
    4.9250000000E+00     5.3985328335E-04
    4.9750000000E+00     4.2475089053E-04
    5.0250000000E+00     3.3289474997E-04
    5.0750000000E+00     2.5989187710E-04
    5.1250000000E+00     2.0211129833E-04
    5.1750000000E+00     1.5656677924E-04
    5.2250000000E+00     1.2081442638E-04
    5.2750000000E+00     9.2863947236E-05
    5.3250000000E+00     7.1102301674E-05
    5.3750000000E+00     5.4228471958E-05
    5.4250000000E+00     4.1198108074E-05
    5.4750000000E+00     3.1176860938E-05
    5.5250000000E+00     2.3501290814E-05
    5.5750000000E+00     1.7646325048E-05
    5.6250000000E+00     1.3198332668E-05
    5.6750000000E+00     9.8329791360E-06
    5.7250000000E+00     7.2971191038E-06
    5.7750000000E+00     5.3940759232E-06
    5.8250000000E+00     3.9717420941E-06
    5.8750000000E+00     2.9130136048E-06
    5.9250000000E+00     2.1281426238E-06
    5.9750000000E+00     1.5486569484E-06
    6.0250000000E+00     1.1225511045E-06
    6.0750000000E+00     8.1050329286E-07
    6.1250000000E+00     5.8291495687E-07
    6.1750000000E+00     4.1760615138E-07
    6.2250000000E+00     2.9803072559E-07
    6.2750000000E+00     2.1190122363E-07
    6.3250000000E+00     1.5013496229E-07
    6.3750000000E+00     1.0605055506E-07
    6.4250000000E+00     7.4758757482E-08
    6.4750000000E+00     5.2703407558E-08
    6.5250000000E+00     3.7317869995E-08
    6.5750000000E+00     2.6770157629E-08
    6.6250000000E+00     1.9776140402E-08
    6.6750000000E+00     1.5465259492E-08
    6.7250000000E+00     1.3287198630E-08
    6.7750000000E+00     1.2951248120E-08
    6.8250000000E+00     1.4392822165E-08
    6.8750000000E+00     1.7763925919E-08
    6.9250000000E+00     2.3446467278E-08
    6.9750000000E+00     3.2089310073E-08
    7.0250000000E+00     4.4672005064E-08
    7.0750000000E+00     6.2600347773E-08
    7.1250000000E+00     8.7841438441E-08
    7.1750000000E+00     1.2310891111E-07
    7.2250000000E+00     1.7211262451E-07
    7.2750000000E+00     2.3989155757E-07
    7.3250000000E+00     3.3325414454E-07
    7.3750000000E+00     4.6135706826E-07
    7.4250000000E+00     6.3646189036E-07
    7.4750000000E+00     8.7491915926E-07
    7.5250000000E+00     1.1984421665E-06
    7.5750000000E+00     1.6357477291E-06
    7.6250000000E+00     2.2246597050E-06
    7.6750000000E+00     3.0147928924E-06
    7.7250000000E+00     4.0709610180E-06
    7.7750000000E+00     5.4774832232E-06
    7.8250000000E+00     7.3435993128E-06
    7.8750000000E+00     9.8102455309E-06
    7.9250000000E+00     1.3058490179E-05
    7.9750000000E+00     1.7319982305E-05
    8.0250000000E+00     2.2889827107E-05
    8.0750000000E+00     3.0142368510E-05
    8.1250000000E+00     3.9550432237E-05
    8.1750000000E+00     5.1708660791E-05
    8.2250000000E+00     6.7361653872E-05
    8.2750000000E+00     8.7437712089E-05
    8.3250000000E+00     1.1308906579E-04
    8.3750000000E+00     1.4573955136E-04
    8.4250000000E+00     1.8714076998E-04
    8.4750000000E+00     2.3943782411E-04
    8.5250000000E+00     3.0524576798E-04
    8.5750000000E+00     3.8773792393E-04
    8.6250000000E+00     4.9074719808E-04
    8.6750000000E+00     6.1888146736E-04
    8.7250000000E+00     7.7765399652E-04
    8.7750000000E+00     9.7362966720E-04
    8.8250000000E+00     1.2145875519E-03
    8.8750000000E+00     1.5097000328E-03
    8.9250000000E+00     1.8697282415E-03
    8.9750000000E+00     2.3072330678E-03
    9.0250000000E+00     2.8368003560E-03
    9.0750000000E+00     3.4752781638E-03
    9.1250000000E+00     4.2420231079E-03
    9.1750000000E+00     5.1591518682E-03
    9.2250000000E+00     6.2517928717E-03
    9.2750000000E+00     7.5483320585E-03
    9.3250000000E+00     9.0806454523E-03
    9.3750000000E+00     1.0884310068E-02
    9.4250000000E+00     1.2998783505E-02
    9.4750000000E+00     1.5467541474E-02
    9.5250000000E+00     1.8338161503E-02
    9.5750000000E+00     2.1662340259E-02
    9.6250000000E+00     2.5495831364E-02
    9.6750000000E+00     2.9898290316E-02
    9.7250000000E+00     3.4933013256E-02
    9.7750000000E+00     4.0666556917E-02
    9.8250000000E+00     4.7168228140E-02
    9.8750000000E+00     5.4509433015E-02
    9.9250000000E+00     6.2762877937E-02
    9.9750000000E+00     7.2001617722E-02
