#t= 2.400000
    2.5000000000E-02     9.1256011313E-01
    7.5000000000E-02     8.9207489655E-01
    1.2500000000E-01     8.6807504557E-01
    1.7500000000E-01     8.4087001481E-01
    2.2500000000E-01     8.1080351639E-01
    2.7500000000E-01     7.7824630481E-01
    3.2500000000E-01     7.4358859460E-01
    3.7500000000E-01     7.0723232680E-01
    4.2500000000E-01     6.6958349665E-01
    4.7500000000E-01     6.3104474472E-01
    5.2500000000E-01     5.9200839571E-01
    5.7500000000E-01     5.5285010651E-01
    6.2500000000E-01     5.1392325714E-01
    6.7500000000E-01     4.7555418756E-01
    7.2500000000E-01     4.3803835077E-01
    7.7500000000E-01     4.0163741972E-01
    8.2500000000E-01     3.6657735366E-01
    8.7500000000E-01     3.3304739965E-01
    9.2500000000E-01     3.0119997850E-01
    9.7500000000E-01     2.7115138164E-01
    1.0250000000E+00     2.4298318730E-01
    1.0750000000E+00     2.1674429095E-01
    1.1250000000E+00     1.9245343671E-01
    1.1750000000E+00     1.7010213245E-01
    1.2250000000E+00     1.4965783238E-01
    1.2750000000E+00     1.3106727514E-01
    1.3250000000E+00     1.1425987379E-01
    1.3750000000E+00     9.9151064441E-02
    1.4250000000E+00     8.5645532841E-02
    1.4750000000E+00     7.3640252068E-02
    1.5250000000E+00     6.3027278608E-02
    1.5750000000E+00     5.3696268394E-02
    1.6250000000E+00     4.5536687892E-02
    1.6750000000E+00     3.8439707880E-02
    1.7250000000E+00     3.2299778723E-02
    1.7750000000E+00     2.7015895481E-02
    1.8250000000E+00     2.2492569064E-02
    1.8750000000E+00     1.8640525693E-02
    1.9250000000E+00     1.5377161330E-02
    1.9750000000E+00     1.2626780491E-02
    2.0250000000E+00     1.0320650208E-02
    2.0750000000E+00     8.3968999777E-03
    2.1250000000E+00     6.8002975757E-03
    2.1750000000E+00     5.4819288665E-03
    2.2250000000E+00     4.3988073232E-03
    2.2750000000E+00     3.5134362096E-03
    2.3250000000E+00     2.7933433483E-03
    2.3750000000E+00     2.2106053103E-03
    2.4250000000E+00     1.7413748267E-03
    2.4750000000E+00     1.3654223448E-03
    2.5250000000E+00     1.0657000001E-03
    2.5750000000E+00     8.2793390601E-04
    2.6250000000E+00     6.4024860338E-04
    2.6750000000E+00     4.9282576698E-04
    2.7250000000E+00     3.7759783479E-04
    2.7750000000E+00     2.8797609177E-04
    2.8250000000E+00     2.1861187456E-04
    2.8750000000E+00     1.6518894042E-04
    2.9250000000E+00     1.2424462771E-04
    2.9750000000E+00     9.3017193397E-05
    3.0250000000E+00     6.9316612900E-05
    3.0750000000E+00     5.1416138068E-05
    3.1250000000E+00     3.7962003137E-05
    3.1750000000E+00     2.7898821973E-05
    3.2250000000E+00     2.0408412213E-05
    3.2750000000E+00     1.4859996505E-05
    3.3250000000E+00     1.0769954415E-05
    3.3750000000E+00     7.7695205957E-06
    3.4250000000E+00     5.5790378799E-06
    3.4750000000E+00     3.9875731271E-06
    3.5250000000E+00     2.8368854881E-06
    3.5750000000E+00     2.0088998122E-06
    3.6250000000E+00     1.4159816033E-06
    3.6750000000E+00     9.9343472736E-07
    3.7250000000E+00     6.9374999273E-07
    3.7750000000E+00     4.8222320759E-07
    3.8250000000E+00     3.3363700974E-07
    3.8750000000E+00     2.2976340843E-07
    3.9250000000E+00     1.5749529359E-07
    3.9750000000E+00     1.0745680135E-07
    4.0250000000E+00     7.2975891652E-08
    4.0750000000E+00     4.9329156951E-08
    4.1250000000E+00     3.3189943782E-08
    4.1750000000E+00     2.2227369940E-08
    4.2250000000E+00     1.4816643673E-08
    4.2750000000E+00     9.8309799991E-09
    4.3250000000E+00     6.4929766714E-09
    4.3750000000E+00     4.2690607317E-09
    4.4250000000E+00     2.7949517320E-09
    4.4750000000E+00     1.8233343400E-09
    4.5250000000E+00     1.1873482498E-09
    4.5750000000E+00     7.7528899357E-10
    4.6250000000E+00     5.1322654587E-10
    4.6750000000E+00     3.5321099659E-10
    4.7250000000E+00     2.6543941857E-10
    4.7750000000E+00     2.3327696664E-10
    4.8250000000E+00     2.5041329993E-10
    4.8750000000E+00     3.1973566362E-10
    4.9250000000E+00     4.5374719590E-10
    4.9750000000E+00     6.7658308864E-10
    5.0250000000E+00     1.0279059042E-09
    5.0750000000E+00     1.5692229388E-09
    5.1250000000E+00     2.3934943373E-09
    5.1750000000E+00     3.6393276552E-09
    5.2250000000E+00     5.5116283597E-09
    5.2750000000E+00     8.3113544097E-09
    5.3250000000E+00     1.2478081542E-08
    5.3750000000E+00     1.8650521676E-08
    5.4250000000E+00     2.7752076240E-08
    5.4750000000E+00     4.1111111948E-08
    5.5250000000E+00     6.0629126471E-08
    5.5750000000E+00     8.9014588641E-08
    5.6250000000E+00     1.3010632217E-07
    5.6750000000E+00     1.8931826304E-07
    5.7250000000E+00     2.7424776240E-07
    5.7750000000E+00     3.9550294043E-07
    5.8250000000E+00     5.6782165803E-07
    5.8750000000E+00     8.1157633177E-07
    5.9250000000E+00     1.1547860910E-06
    5.9750000000E+00     1.6357918309E-06
    6.0250000000E+00     2.3067918704E-06
    6.0750000000E+00     3.2384876253E-06
    6.1250000000E+00     4.5261515269E-06
    6.1750000000E+00     6.2975049621E-06
    6.2250000000E+00     8.7228839108E-06
    6.2750000000E+00     1.2028275715E-05
    6.3250000000E+00     1.6511933298E-05
    6.3750000000E+00     2.2565414031E-05
    6.4250000000E+00     3.0700049578E-05
    6.4750000000E+00     4.1580029765E-05
    6.5250000000E+00     5.6063476086E-05
    6.5750000000E+00     7.5253085520E-05
    6.6250000000E+00     1.0055813773E-04
    6.6750000000E+00     1.3376987108E-04
    6.7250000000E+00     1.7715243501E-04
    6.7750000000E+00     2.3355180555E-04
    6.8250000000E+00     3.0652519011E-04
    6.8750000000E+00     4.0049352857E-04
    6.9250000000E+00     5.2091969558E-04
    6.9750000000E+00     6.7451489921E-04
    7.0250000000E+00     8.6947552269E-04
    7.0750000000E+00     1.1157522395E-03
    7.1250000000E+00     1.4253526142E-03
    7.1750000000E+00     1.8126775524E-03
    7.2250000000E+00     2.2948908517E-03
    7.2750000000E+00     2.8923197129E-03
    7.3250000000E+00     3.6288823740E-03
    7.3750000000E+00     4.5325370332E-03
    7.4250000000E+00     5.6357439311E-03
    7.4750000000E+00     6.9759299010E-03
    7.5250000000E+00     8.5959419124E-03
    7.5750000000E+00     1.0544473202E-02
    7.6250000000E+00     1.2876442598E-02
    7.6750000000E+00     1.5653304722E-02
    7.7250000000E+00     1.8943266064E-02
    7.7750000000E+00     2.2821379587E-02
    7.8250000000E+00     2.7369488815E-02
    7.8750000000E+00     3.2675991366E-02
    7.9250000000E+00     3.8835391969E-02
    7.9750000000E+00     4.5947616215E-02
    8.0250000000E+00     5.4117058929E-02
    8.0750000000E+00     6.3451345196E-02
    8.1250000000E+00     7.4059787915E-02
    8.1750000000E+00     8.6051533256E-02
    8.2250000000E+00     9.9533394584E-02
    8.2750000000E+00     1.1460738621E-01
    8.3250000000E+00     1.3136798041E-01
    8.3750000000E+00     1.4989912443E-01
    8.4250000000E+00     1.7027106789E-01
    8.4750000000E+00     1.9253706507E-01
    8.5250000000E+00     2.1673003018E-01
    8.5750000000E+00     2.4285923585E-01
    8.6250000000E+00     2.7090715611E-01
    8.6750000000E+00     3.0082656305E-01
    8.7250000000E+00     3.3253799128E-01
    8.7750000000E+00     3.6592768587E-01
    8.8250000000E+00     4.0084614600E-01
    8.8750000000E+00     4.3710736914E-01
    8.9250000000E+00     4.7448888804E-01
    8.9750000000E+00     5.1273267561E-01
    9.0250000000E+00     5.5154697088E-01
    9.0750000000E+00     5.9060905374E-01
    9.1250000000E+00     6.2956896694E-01
    9.1750000000E+00     6.6805415270E-01
    9.2250000000E+00     7.0567493864E-01
    9.2750000000E+00     7.4203077561E-01
    9.3250000000E+00     7.7671709896E-01
    9.3750000000E+00     8.0933265682E-01
    9.4250000000E+00     8.3948712536E-01
    9.4750000000E+00     8.6680881250E-01
    9.5250000000E+00     8.9095223984E-01
    9.5750000000E+00     9.1160538799E-01
    9.6250000000E+00     9.2849639366E-01
    9.6750000000E+00     9.4139949802E-01
    9.7250000000E+00     9.5014006465E-01
    9.7750000000E+00     9.5459851119E-01
    9.8250000000E+00     9.5471303114E-01
    9.8750000000E+00     9.5048101914E-01
    9.9250000000E+00     9.4195915378E-01
    9.9750000000E+00     9.2926213469E-01
