#t= 4.600000
    2.5000000000E-02     1.0000000000E+00
    7.5000000000E-02     1.0000000000E+00
    1.2500000000E-01     1.0000000000E+00
    1.7500000000E-01     1.0000000000E+00
    2.2500000000E-01     1.0000000000E+00
    2.7500000000E-01     1.0000000000E+00
    3.2500000000E-01     1.0000000000E+00
    3.7500000000E-01     1.0000000000E+00
    4.2500000000E-01     1.0000000000E+00
    4.7500000000E-01     1.0000000000E+00
    5.2500000000E-01     1.0000000000E+00
    5.7500000000E-01     1.0000000000E+00
    6.2500000000E-01     1.0000000000E+00
    6.7500000000E-01     1.0000000000E+00
    7.2500000000E-01     1.0000000000E+00
    7.7500000000E-01     1.0000000000E+00
    8.2500000000E-01     1.0000000000E+00
    8.7500000000E-01     1.0000000000E+00
    9.2500000000E-01     1.0000000000E+00
    9.7500000000E-01     1.0000000000E+00
    1.0250000000E+00     1.0000000000E+00
    1.0750000000E+00     1.0000000000E+00
    1.1250000000E+00     1.0000000000E+00
    1.1750000000E+00     1.0000000000E+00
    1.2250000000E+00     1.0000000000E+00
    1.2750000000E+00     1.0000000000E+00
    1.3250000000E+00     1.0000000000E+00
    1.3750000000E+00     1.0000000000E+00
    1.4250000000E+00     1.0000000000E+00
    1.4750000000E+00     1.0000000000E+00
    1.5250000000E+00     1.0000000000E+00
    1.5750000000E+00     1.0000000000E+00
    1.6250000000E+00     1.0000000000E+00
    1.6750000000E+00     1.0000000000E+00
    1.7250000000E+00     1.0000000000E+00
    1.7750000000E+00     1.0000000000E+00
    1.8250000000E+00     1.0000000000E+00
    1.8750000000E+00     1.0000000000E+00
    1.9250000000E+00     1.0000000000E+00
    1.9750000000E+00     1.0000000000E+00
    2.0250000000E+00     1.0000000000E+00
    2.0750000000E+00     1.0000000000E+00
    2.1250000000E+00     1.0000000000E+00
    2.1750000000E+00     1.0000000000E+00
    2.2250000000E+00     1.0000000000E+00
    2.2750000000E+00     1.0000000000E+00
    2.3250000000E+00     1.0000000000E+00
    2.3750000000E+00     1.0000000000E+00
    2.4250000000E+00     1.0000000000E+00
    2.4750000000E+00     1.0000000000E+00
    2.5250000000E+00     1.0000000000E+00
    2.5750000000E+00     1.0000000000E+00
    2.6250000000E+00     1.0000000000E+00
    2.6750000000E+00     1.0000000000E+00
    2.7250000000E+00     1.0000000000E+00
    2.7750000000E+00     1.0000000000E+00
    2.8250000000E+00     1.0000000000E+00
    2.8750000000E+00     1.0000000000E+00
    2.9250000000E+00     1.0000000000E+00
    2.9750000000E+00     1.0000000000E+00
    3.0250000000E+00     1.0000000000E+00
    3.0750000000E+00     1.0000000000E+00
    3.1250000000E+00     1.0000000000E+00
    3.1750000000E+00     1.0000000000E+00
    3.2250000000E+00     1.0000000000E+00
    3.2750000000E+00     1.0000000000E+00
    3.3250000000E+00     1.0000000000E+00
    3.3750000000E+00     1.0000000000E+00
    3.4250000000E+00     1.0000000000E+00
    3.4750000000E+00     1.0000000000E+00
    3.5250000000E+00     1.0000000000E+00
    3.5750000000E+00     1.0000000000E+00
    3.6250000000E+00     1.0000000000E+00
    3.6750000000E+00     1.0000000000E+00
    3.7250000000E+00     1.0000000000E+00
    3.7750000000E+00     1.0000000000E+00
    3.8250000000E+00     1.0000000000E+00
    3.8750000000E+00     1.0000000000E+00
    3.9250000000E+00     1.0000000000E+00
    3.9750000000E+00     1.0000000000E+00
    4.0250000000E+00     1.0000000000E+00
    4.0750000000E+00     1.0000000000E+00
    4.1250000000E+00     1.0000000000E+00
    4.1750000000E+00     1.0000000000E+00
    4.2250000000E+00     1.0000000000E+00
    4.2750000000E+00     1.0000000000E+00
    4.3250000000E+00     1.0000000000E+00
    4.3750000000E+00     1.0000000000E+00
    4.4250000000E+00     1.0000000000E+00
    4.4750000000E+00     1.0000000000E+00
    4.5250000000E+00     1.0000000000E+00
    4.5750000000E+00     1.0000000000E+00
    4.6250000000E+00     1.0000000000E+00
    4.6750000000E+00     1.0000000000E+00
    4.7250000000E+00     1.0000000000E+00
    4.7750000000E+00     1.0000000000E+00
    4.8250000000E+00     1.0000000000E+00
    4.8750000000E+00     1.0000000000E+00
    4.9250000000E+00     1.0000000000E+00
    4.9750000000E+00     1.0000000000E+00
    5.0250000000E+00     1.0000000000E+00
    5.0750000000E+00     1.0000000000E+00
    5.1250000000E+00     1.0000000000E+00
    5.1750000000E+00     1.0000000000E+00
    5.2250000000E+00     1.0000000000E+00
    5.2750000000E+00     1.0000000000E+00
    5.3250000000E+00     1.0000000000E+00
    5.3750000000E+00     1.0000000000E+00
    5.4250000000E+00     1.0000000000E+00
    5.4750000000E+00     1.0000000000E+00
    5.5250000000E+00     1.0000000000E+00
    5.5750000000E+00     1.0000000000E+00
    5.6250000000E+00     1.0000000000E+00
    5.6750000000E+00     1.0000000000E+00
    5.7250000000E+00     1.0000000000E+00
    5.7750000000E+00     1.0000000000E+00
    5.8250000000E+00     1.0000000000E+00
    5.8750000000E+00     1.0000000000E+00
    5.9250000000E+00     1.0000000000E+00
    5.9750000000E+00     1.0000000000E+00
    6.0250000000E+00     1.0000000000E+00
    6.0750000000E+00     1.0000000000E+00
    6.1250000000E+00     1.0000000000E+00
    6.1750000000E+00     1.0000000000E+00
    6.2250000000E+00     1.0000000000E+00
    6.2750000000E+00     1.0000000000E+00
    6.3250000000E+00     1.0000000000E+00
    6.3750000000E+00     1.0000000000E+00
    6.4250000000E+00     1.0000000000E+00
    6.4750000000E+00     1.0000000000E+00
    6.5250000000E+00     1.0000000000E+00
    6.5750000000E+00     1.0000000000E+00
    6.6250000000E+00     1.0000000000E+00
    6.6750000000E+00     1.0000000000E+00
    6.7250000000E+00     1.0000000000E+00
    6.7750000000E+00     1.0000000000E+00
    6.8250000000E+00     1.0000000000E+00
    6.8750000000E+00     1.0000000000E+00
    6.9250000000E+00     1.0000000000E+00
    6.9750000000E+00     9.9999999999E-01
    7.0250000000E+00     9.9999999998E-01
    7.0750000000E+00     9.9999999995E-01
    7.1250000000E+00     9.9999999987E-01
    7.1750000000E+00     9.9999999967E-01
    7.2250000000E+00     9.9999999919E-01
    7.2750000000E+00     9.9999999806E-01
    7.3250000000E+00     9.9999999543E-01
    7.3750000000E+00     9.9999998943E-01
    7.4250000000E+00     9.9999997597E-01
    7.4750000000E+00     9.9999994636E-01
    7.5250000000E+00     9.9999988247E-01
    7.5750000000E+00     9.9999974721E-01
    7.6250000000E+00     9.9999946628E-01
    7.6750000000E+00     9.9999889401E-01
    7.7250000000E+00     9.9999775077E-01
    7.7750000000E+00     9.9999551124E-01
    7.8250000000E+00     9.9999120997E-01
    7.8750000000E+00     9.9998311160E-01
    7.9250000000E+00     9.9996816677E-01
    7.9750000000E+00     9.9994113903E-01
    8.0250000000E+00     9.9989324488E-01
    8.0750000000E+00     9.9981010016E-01
    8.1250000000E+00     9.9966872005E-01
    8.1750000000E+00     9.9943329007E-01
    8.2250000000E+00     9.9904943319E-01
    8.2750000000E+00     9.9843677107E-01
    8.3250000000E+00     9.9747974865E-01
    8.3750000000E+00     9.9601698981E-01
    8.4250000000E+00     9.9382989666E-01
    8.4750000000E+00     9.9063178370E-01
    8.5250000000E+00     9.8605950060E-01
    8.5750000000E+00     9.7967013334E-01
    8.6250000000E+00     9.7094582162E-01
    8.6750000000E+00     9.5930978301E-01
    8.7250000000E+00     9.4415608252E-01
    8.7750000000E+00     9.2489437259E-01
    8.8250000000E+00     9.0100872055E-01
    8.8750000000E+00     8.7212689529E-01
    8.9250000000E+00     8.3809348269E-01
    8.9750000000E+00     7.9903752901E-01
    9.0250000000E+00     7.5542377363E-01
    9.0750000000E+00     7.0807659066E-01
    9.1250000000E+00     6.5816793750E-01
    9.1750000000E+00     6.0716491640E-01
    9.2250000000E+00     5.5673848074E-01
    9.2750000000E+00     5.0864135339E-01
    9.3250000000E+00     4.6456905025E-01
    9.3750000000E+00     4.2602168290E-01
    9.4250000000E+00     3.9418496198E-01
    9.4750000000E+00     3.6984618601E-01
    9.5250000000E+00     3.5335541276E-01
    9.5750000000E+00     3.4463461340E-01
    9.6250000000E+00     3.4322997383E-01
    9.6750000000E+00     3.4839622417E-01
    9.7250000000E+00     3.5919814836E-01
    9.7750000000E+00     3.7461377555E-01
    9.8250000000E+00     3.9362595141E-01
    9.8750000000E+00     4.1529317672E-01
    9.9250000000E+00     4.3879560504E-01
    9.9750000000E+00     4.6345675207E-01
