#t= 3.920000
    2.5000000000E-02     1.0000000000E+00
    7.5000000000E-02     1.0000000000E+00
    1.2500000000E-01     1.0000000000E+00
    1.7500000000E-01     1.0000000000E+00
    2.2500000000E-01     1.0000000000E+00
    2.7500000000E-01     1.0000000000E+00
    3.2500000000E-01     1.0000000000E+00
    3.7500000000E-01     1.0000000000E+00
    4.2500000000E-01     1.0000000000E+00
    4.7500000000E-01     1.0000000000E+00
    5.2500000000E-01     1.0000000000E+00
    5.7500000000E-01     1.0000000000E+00
    6.2500000000E-01     1.0000000000E+00
    6.7500000000E-01     1.0000000000E+00
    7.2500000000E-01     1.0000000000E+00
    7.7500000000E-01     1.0000000000E+00
    8.2500000000E-01     1.0000000000E+00
    8.7500000000E-01     1.0000000000E+00
    9.2500000000E-01     1.0000000000E+00
    9.7500000000E-01     1.0000000000E+00
    1.0250000000E+00     1.0000000000E+00
    1.0750000000E+00     1.0000000000E+00
    1.1250000000E+00     1.0000000000E+00
    1.1750000000E+00     1.0000000000E+00
    1.2250000000E+00     1.0000000000E+00
    1.2750000000E+00     1.0000000000E+00
    1.3250000000E+00     1.0000000000E+00
    1.3750000000E+00     1.0000000000E+00
    1.4250000000E+00     1.0000000000E+00
    1.4750000000E+00     1.0000000000E+00
    1.5250000000E+00     1.0000000000E+00
    1.5750000000E+00     1.0000000000E+00
    1.6250000000E+00     1.0000000000E+00
    1.6750000000E+00     1.0000000000E+00
    1.7250000000E+00     1.0000000000E+00
    1.7750000000E+00     1.0000000000E+00
    1.8250000000E+00     1.0000000000E+00
    1.8750000000E+00     1.0000000000E+00
    1.9250000000E+00     1.0000000000E+00
    1.9750000000E+00     1.0000000000E+00
    2.0250000000E+00     1.0000000000E+00
    2.0750000000E+00     1.0000000000E+00
    2.1250000000E+00     1.0000000000E+00
    2.1750000000E+00     1.0000000000E+00
    2.2250000000E+00     1.0000000000E+00
    2.2750000000E+00     1.0000000000E+00
    2.3250000000E+00     1.0000000000E+00
    2.3750000000E+00     1.0000000000E+00
    2.4250000000E+00     1.0000000000E+00
    2.4750000000E+00     1.0000000000E+00
    2.5250000000E+00     1.0000000000E+00
    2.5750000000E+00     1.0000000000E+00
    2.6250000000E+00     1.0000000000E+00
    2.6750000000E+00     1.0000000000E+00
    2.7250000000E+00     1.0000000000E+00
    2.7750000000E+00     1.0000000000E+00
    2.8250000000E+00     1.0000000000E+00
    2.8750000000E+00     1.0000000000E+00
    2.9250000000E+00     1.0000000000E+00
    2.9750000000E+00     1.0000000000E+00
    3.0250000000E+00     1.0000000000E+00
    3.0750000000E+00     1.0000000000E+00
    3.1250000000E+00     1.0000000000E+00
    3.1750000000E+00     1.0000000000E+00
    3.2250000000E+00     1.0000000000E+00
    3.2750000000E+00     1.0000000000E+00
    3.3250000000E+00     1.0000000000E+00
    3.3750000000E+00     1.0000000000E+00
    3.4250000000E+00     1.0000000000E+00
    3.4750000000E+00     1.0000000000E+00
    3.5250000000E+00     1.0000000000E+00
    3.5750000000E+00     1.0000000000E+00
    3.6250000000E+00     1.0000000000E+00
    3.6750000000E+00     1.0000000000E+00
    3.7250000000E+00     1.0000000000E+00
    3.7750000000E+00     1.0000000000E+00
    3.8250000000E+00     1.0000000000E+00
    3.8750000000E+00     1.0000000000E+00
    3.9250000000E+00     1.0000000000E+00
    3.9750000000E+00     1.0000000000E+00
    4.0250000000E+00     1.0000000000E+00
    4.0750000000E+00     1.0000000000E+00
    4.1250000000E+00     1.0000000000E+00
    4.1750000000E+00     1.0000000000E+00
    4.2250000000E+00     1.0000000000E+00
    4.2750000000E+00     1.0000000000E+00
    4.3250000000E+00     1.0000000000E+00
    4.3750000000E+00     1.0000000000E+00
    4.4250000000E+00     1.0000000000E+00
    4.4750000000E+00     1.0000000000E+00
    4.5250000000E+00     1.0000000000E+00
    4.5750000000E+00     1.0000000000E+00
    4.6250000000E+00     1.0000000000E+00
    4.6750000000E+00     1.0000000000E+00
    4.7250000000E+00     1.0000000000E+00
    4.7750000000E+00     1.0000000000E+00
    4.8250000000E+00     1.0000000000E+00
    4.8750000000E+00     1.0000000000E+00
    4.9250000000E+00     1.0000000000E+00
    4.9750000000E+00     1.0000000000E+00
    5.0250000000E+00     1.0000000000E+00
    5.0750000000E+00     1.0000000000E+00
    5.1250000000E+00     1.0000000000E+00
    5.1750000000E+00     1.0000000000E+00
    5.2250000000E+00     1.0000000000E+00
    5.2750000000E+00     1.0000000000E+00
    5.3250000000E+00     1.0000000000E+00
    5.3750000000E+00     1.0000000000E+00
    5.4250000000E+00     1.0000000000E+00
    5.4750000000E+00     1.0000000000E+00
    5.5250000000E+00     1.0000000000E+00
    5.5750000000E+00     1.0000000000E+00
    5.6250000000E+00     1.0000000000E+00
    5.6750000000E+00     1.0000000000E+00
    5.7250000000E+00     1.0000000000E+00
    5.7750000000E+00     9.9999999999E-01
    5.8250000000E+00     9.9999999998E-01
    5.8750000000E+00     9.9999999994E-01
    5.9250000000E+00     9.9999999984E-01
    5.9750000000E+00     9.9999999957E-01
    6.0250000000E+00     9.9999999888E-01
    6.0750000000E+00     9.9999999715E-01
    6.1250000000E+00     9.9999999289E-01
    6.1750000000E+00     9.9999998267E-01
    6.2250000000E+00     9.9999995860E-01
    6.2750000000E+00     9.9999990320E-01
    6.3250000000E+00     9.9999977846E-01
    6.3750000000E+00     9.9999950369E-01
    6.4250000000E+00     9.9999891185E-01
    6.4750000000E+00     9.9999766533E-01
    6.5250000000E+00     9.9999509865E-01
    6.5750000000E+00     9.9998993268E-01
    6.6250000000E+00     9.9997977115E-01
    6.6750000000E+00     9.9996024078E-01
    6.7250000000E+00     9.9992356994E-01
    6.7750000000E+00     9.9985631889E-01
    6.8250000000E+00     9.9973588476E-01
    6.8750000000E+00     9.9952532690E-01
    6.9250000000E+00     9.9916602580E-01
    6.9750000000E+00     9.9856775393E-01
    7.0250000000E+00     9.9759596298E-01
    7.0750000000E+00     9.9605654873E-01
    7.1250000000E+00     9.9367909101E-01
    7.1750000000E+00     9.9010058133E-01
    7.2250000000E+00     9.8485285503E-01
    7.2750000000E+00     9.7735812781E-01
    7.3250000000E+00     9.6693785618E-01
    7.3750000000E+00     9.5284016106E-01
    7.4250000000E+00     9.3428982796E-01
    7.4750000000E+00     9.1056212386E-01
    7.5250000000E+00     8.8107736177E-01
    7.5750000000E+00     8.4550777965E-01
    7.6250000000E+00     8.0388287882E-01
    7.6750000000E+00     7.5667529470E-01
    7.7250000000E+00     7.0484806148E-01
    7.7750000000E+00     6.4984694292E-01
    7.8250000000E+00     5.9352866593E-01
    7.8750000000E+00     5.3802657262E-01
    7.9250000000E+00     4.8556737343E-01
    7.9750000000E+00     4.3826350928E-01
    8.0250000000E+00     3.9791222670E-01
    8.0750000000E+00     3.6583277846E-01
    8.1250000000E+00     3.4276668954E-01
    8.1750000000E+00     3.2885412330E-01
    8.2250000000E+00     3.2368492633E-01
    8.2750000000E+00     3.2640949273E-01
    8.3250000000E+00     3.3588534651E-01
    8.3750000000E+00     3.5083214701E-01
    8.4250000000E+00     3.6997073755E-01
    8.4750000000E+00     3.9212931333E-01
    8.5250000000E+00     4.1630924760E-01
    8.5750000000E+00     4.4171197452E-01
    8.6250000000E+00     4.6773467040E-01
    8.6750000000E+00     4.9394548843E-01
    8.7250000000E+00     5.2004904304E-01
    8.7750000000E+00     5.4585067897E-01
    8.8250000000E+00     5.7122499600E-01
    8.8750000000E+00     5.9609114985E-01
    8.9250000000E+00     6.2039522737E-01
    8.9750000000E+00     6.4409868902E-01
    9.0250000000E+00     6.6717136597E-01
    9.0750000000E+00     6.8958753017E-01
    9.1250000000E+00     7.1132385195E-01
    9.1750000000E+00     7.3235842053E-01
    9.2250000000E+00     7.5267031481E-01
    9.2750000000E+00     7.7223943622E-01
    9.3250000000E+00     7.9104645638E-01
    9.3750000000E+00     8.0907281062E-01
    9.4250000000E+00     8.2630070798E-01
    9.4750000000E+00     8.4271314636E-01
    9.5250000000E+00     8.5829392863E-01
    9.5750000000E+00     8.7302767841E-01
    9.6250000000E+00     8.8689985527E-01
    9.6750000000E+00     8.9989676905E-01
    9.7250000000E+00     9.1200559337E-01
    9.7750000000E+00     9.2321437827E-01
    9.8250000000E+00     9.3351206205E-01
    9.8750000000E+00     9.4288848212E-01
    9.9250000000E+00     9.5133438510E-01
    9.9750000000E+00     9.5884143589E-01
