#t= 9.320000
    2.5000000000E-02     7.0049861883E-05
    7.5000000000E-02     9.0526092868E-05
    1.2500000000E-01     1.1657932096E-04
    1.7500000000E-01     1.4960623644E-04
    2.2500000000E-01     1.9131872757E-04
    2.7500000000E-01     2.4380581263E-04
    3.2500000000E-01     3.0960544301E-04
    3.7500000000E-01     3.9178720718E-04
    4.2500000000E-01     4.9404694454E-04
    4.7500000000E-01     6.2081421935E-04
    5.2500000000E-01     7.7737349924E-04
    5.7500000000E-01     9.6999972227E-04
    6.2500000000E-01     1.2061087109E-03
    6.7500000000E-01     1.4944225941E-03
    7.2500000000E-01     1.8451500183E-03
    7.7500000000E-01     2.2701804639E-03
    8.2500000000E-01     2.7832914212E-03
    8.7500000000E-01     3.4003665280E-03
    9.2500000000E-01     4.1396220190E-03
    9.7500000000E-01     5.0218379987E-03
    1.0250000000E+00     6.0705901279E-03
    1.0750000000E+00     7.3124763255E-03
    1.1250000000E+00     8.7773320520E-03
    1.1750000000E+00     1.0498426688E-02
    1.2250000000E+00     1.2512632480E-02
    1.2750000000E+00     1.4860556525E-02
    1.3250000000E+00     1.7586625400E-02
    1.3750000000E+00     2.0739111270E-02
    1.4250000000E+00     2.4370087787E-02
    1.4750000000E+00     2.8535303822E-02
    1.5250000000E+00     3.3293963109E-02
    1.5750000000E+00     3.8708398312E-02
    1.6250000000E+00     4.4843628882E-02
    1.6750000000E+00     5.1766793421E-02
    1.7250000000E+00     5.9546449105E-02
    1.7750000000E+00     6.8251733121E-02
    1.8250000000E+00     7.7951383994E-02
    1.8750000000E+00     8.8712624134E-02
    1.9250000000E+00     1.0059990886E-01
    1.9750000000E+00     1.1367355156E-01
    2.0250000000E+00     1.2798823925E-01
    2.0750000000E+00     1.4359145785E-01
    2.1250000000E+00     1.6052185130E-01
    2.1750000000E+00     1.7880754380E-01
    2.2250000000E+00     1.9846445882E-01
    2.2750000000E+00     2.1949467307E-01
    2.3250000000E+00     2.4188484672E-01
    2.3750000000E+00     2.6560477453E-01
    2.4250000000E+00     2.9060610339E-01
    2.4750000000E+00     3.1682126296E-01
    2.5250000000E+00     3.4416265485E-01
    2.5750000000E+00     3.7252214327E-01
    2.6250000000E+00     4.0177088671E-01
    2.6750000000E+00     4.3175954415E-01
    2.7250000000E+00     4.6231888287E-01
    2.7750000000E+00     4.9326080636E-01
    2.8250000000E+00     5.2437981131E-01
    2.8750000000E+00     5.5545487218E-01
    2.9250000000E+00     5.8625174051E-01
    2.9750000000E+00     6.1652563444E-01
    3.0250000000E+00     6.4602428228E-01
    3.0750000000E+00     6.7449127253E-01
    3.1250000000E+00     7.0166965213E-01
    3.1750000000E+00     7.2730570540E-01
    3.2250000000E+00     7.5115283811E-01
    3.2750000000E+00     7.7297548500E-01
    3.3250000000E+00     7.9255295531E-01
    3.3750000000E+00     8.0968312929E-01
    3.4250000000E+00     8.2418591949E-01
    3.4750000000E+00     8.3590641439E-01
    3.5250000000E+00     8.4471762774E-01
    3.5750000000E+00     8.5052278559E-01
    3.6250000000E+00     8.5325709347E-01
    3.6750000000E+00     8.5288893860E-01
    3.7250000000E+00     8.4942049605E-01
    3.7750000000E+00     8.4288772271E-01
    3.8250000000E+00     8.3335973816E-01
    3.8750000000E+00     8.2093760754E-01
    3.9250000000E+00     8.0575255625E-01
    3.9750000000E+00     7.8796366064E-01
    4.0250000000E+00     7.6775507154E-01
    4.0750000000E+00     7.4533283848E-01
    4.1250000000E+00     7.2092141118E-01
    4.1750000000E+00     6.9475990150E-01
    4.2250000000E+00     6.6709819274E-01
    4.2750000000E+00     6.3819298472E-01
    4.3250000000E+00     6.0830386151E-01
    4.3750000000E+00     5.7768946544E-01
    4.4250000000E+00     5.4660385457E-01
    4.4750000000E+00     5.1529311322E-01
    4.5250000000E+00     4.8399227560E-01
    4.5750000000E+00     4.5292261164E-01
    4.6250000000E+00     4.2228931273E-01
    4.6750000000E+00     3.9227960285E-01
    4.7250000000E+00     3.6306128857E-01
    4.7750000000E+00     3.3478174976E-01
    4.8250000000E+00     3.0756736176E-01
    4.8750000000E+00     2.8152332991E-01
    4.9250000000E+00     2.5673390845E-01
    4.9750000000E+00     2.3326296869E-01
    5.0250000000E+00     2.1115487562E-01
    5.0750000000E+00     1.9043562787E-01
    5.1250000000E+00     1.7111421366E-01
    5.1750000000E+00     1.5318413418E-01
    5.2250000000E+00     1.3662504666E-01
    5.2750000000E+00     1.2140448078E-01
    5.3250000000E+00     1.0747958523E-01
    5.3750000000E+00     9.4798864950E-02
    5.4250000000E+00     8.3303873952E-02
    5.4750000000E+00     7.2930833732E-02
    5.5250000000E+00     6.3612152420E-02
    5.5750000000E+00     5.5277825135E-02
    5.6250000000E+00     4.7856701268E-02
    5.6750000000E+00     4.1277609335E-02
    5.7250000000E+00     3.5470334705E-02
    5.7750000000E+00     3.0366449584E-02
    5.8250000000E+00     2.5899998319E-02
    5.8750000000E+00     2.2008044057E-02
    5.9250000000E+00     1.8631085313E-02
    5.9750000000E+00     1.5713352827E-02
    6.0250000000E+00     1.3202998446E-02
    6.0750000000E+00     1.1052188549E-02
    6.1250000000E+00     9.2171149087E-03
    6.1750000000E+00     7.6579357920E-03
    6.2250000000E+00     6.3386597477E-03
    6.2750000000E+00     5.2269838306E-03
    6.3250000000E+00     4.2940971604E-03
    6.3750000000E+00     3.5144596819E-03
    6.4250000000E+00     2.8655648852E-03
    6.4750000000E+00     2.3276940882E-03
    6.5250000000E+00     1.8836687302E-03
    6.5750000000E+00     1.5186060025E-03
    6.6250000000E+00     1.2196820863E-03
    6.6750000000E+00     9.7590628986E-04
    6.7250000000E+00     7.7790849832E-04
    6.7750000000E+00     6.1774157283E-04
    6.8250000000E+00     4.8869966831E-04
    6.8750000000E+00     3.8515287674E-04
    6.9250000000E+00     3.0239814279E-04
    6.9750000000E+00     2.3652603359E-04
    7.0250000000E+00     1.8430266595E-04
    7.0750000000E+00     1.4306589201E-04
    7.1250000000E+00     1.1063470940E-04
    7.1750000000E+00     8.5230782425E-05
    7.2250000000E+00     6.5410928595E-05
    7.2750000000E+00     5.0009429069E-05
    7.3250000000E+00     3.8089055172E-05
    7.3750000000E+00     2.8899757803E-05
    7.4250000000E+00     2.1844036099E-05
    7.4750000000E+00     1.6448080700E-05
    7.5250000000E+00     1.2337870752E-05
    7.5750000000E+00     9.2194889177E-06
    7.6250000000E+00     6.8630021914E-06
    7.6750000000E+00     5.0893363678E-06
    7.7250000000E+00     3.7596469600E-06
    7.7750000000E+00     2.7667584038E-06
    7.8250000000E+00     2.0283059589E-06
    7.8750000000E+00     1.4812706699E-06
    7.9250000000E+00     1.0776471733E-06
    7.9750000000E+00     7.8102729424E-07
    8.0250000000E+00     5.6391968557E-07
    8.0750000000E+00     4.0565769318E-07
    8.1250000000E+00     2.9077472779E-07
    8.1750000000E+00     2.0774921267E-07
    8.2250000000E+00     1.4804020064E-07
    8.2750000000E+00     1.0535051533E-07
    8.3250000000E+00     7.5067246270E-08
    8.3750000000E+00     5.3840045854E-08
    8.4250000000E+00     3.9266329663E-08
    8.4750000000E+00     2.9659514705E-08
    8.5250000000E+00     2.3882150468E-08
    8.5750000000E+00     2.1230472637E-08
    8.6250000000E+00     2.1360775949E-08
    8.6750000000E+00     2.4251269264E-08
    8.7250000000E+00     3.0195929516E-08
    8.7750000000E+00     3.9829482300E-08
    8.8250000000E+00     5.4185165453E-08
    8.8750000000E+00     7.4789533419E-08
    8.9250000000E+00     1.0380139043E-07
    8.9750000000E+00     1.4420516204E-07
    9.0250000000E+00     2.0007280150E-07
    9.0750000000E+00     2.7691287052E-07
    9.1250000000E+00     3.8213094641E-07
    9.1750000000E+00     5.2563222695E-07
    9.2250000000E+00     7.2060540057E-07
    9.2750000000E+00     9.8453682173E-07
    9.3250000000E+00     1.3405161162E-06
    9.3750000000E+00     1.8189089066E-06
    9.4250000000E+00     2.4594897958E-06
    9.4750000000E+00     3.3141495015E-06
    9.5250000000E+00     4.4503145430E-06
    9.5750000000E+00     5.9552465949E-06
    9.6250000000E+00     7.9414219661E-06
    9.6750000000E+00     1.0553230051E-05
    9.7250000000E+00     1.3975273343E-05
    9.7750000000E+00     1.8442600928E-05
    9.8250000000E+00     2.4253262361E-05
    9.8750000000E+00     3.1783629306E-05
    9.9250000000E+00     4.1506997895E-05
    9.9750000000E+00     5.4016054654E-05
