#t= 3.080000
    2.5000000000E-02     1.0000000000E+00
    7.5000000000E-02     1.0000000000E+00
    1.2500000000E-01     1.0000000000E+00
    1.7500000000E-01     1.0000000000E+00
    2.2500000000E-01     1.0000000000E+00
    2.7500000000E-01     1.0000000000E+00
    3.2500000000E-01     1.0000000000E+00
    3.7500000000E-01     1.0000000000E+00
    4.2500000000E-01     1.0000000000E+00
    4.7500000000E-01     1.0000000000E+00
    5.2500000000E-01     1.0000000000E+00
    5.7500000000E-01     1.0000000000E+00
    6.2500000000E-01     1.0000000000E+00
    6.7500000000E-01     1.0000000000E+00
    7.2500000000E-01     1.0000000000E+00
    7.7500000000E-01     1.0000000000E+00
    8.2500000000E-01     1.0000000000E+00
    8.7500000000E-01     1.0000000000E+00
    9.2500000000E-01     1.0000000000E+00
    9.7500000000E-01     1.0000000000E+00
    1.0250000000E+00     1.0000000000E+00
    1.0750000000E+00     1.0000000000E+00
    1.1250000000E+00     1.0000000000E+00
    1.1750000000E+00     1.0000000000E+00
    1.2250000000E+00     1.0000000000E+00
    1.2750000000E+00     1.0000000000E+00
    1.3250000000E+00     1.0000000000E+00
    1.3750000000E+00     1.0000000000E+00
    1.4250000000E+00     1.0000000000E+00
    1.4750000000E+00     1.0000000000E+00
    1.5250000000E+00     1.0000000000E+00
    1.5750000000E+00     1.0000000000E+00
    1.6250000000E+00     1.0000000000E+00
    1.6750000000E+00     1.0000000000E+00
    1.7250000000E+00     1.0000000000E+00
    1.7750000000E+00     1.0000000000E+00
    1.8250000000E+00     1.0000000000E+00
    1.8750000000E+00     1.0000000000E+00
    1.9250000000E+00     1.0000000000E+00
    1.9750000000E+00     1.0000000000E+00
    2.0250000000E+00     1.0000000000E+00
    2.0750000000E+00     1.0000000000E+00
    2.1250000000E+00     1.0000000000E+00
    2.1750000000E+00     1.0000000000E+00
    2.2250000000E+00     1.0000000000E+00
    2.2750000000E+00     1.0000000000E+00
    2.3250000000E+00     1.0000000000E+00
    2.3750000000E+00     1.0000000000E+00
    2.4250000000E+00     1.0000000000E+00
    2.4750000000E+00     1.0000000000E+00
    2.5250000000E+00     1.0000000000E+00
    2.5750000000E+00     1.0000000000E+00
    2.6250000000E+00     1.0000000000E+00
    2.6750000000E+00     1.0000000000E+00
    2.7250000000E+00     1.0000000000E+00
    2.7750000000E+00     1.0000000000E+00
    2.8250000000E+00     1.0000000000E+00
    2.8750000000E+00     1.0000000000E+00
    2.9250000000E+00     1.0000000000E+00
    2.9750000000E+00     1.0000000000E+00
    3.0250000000E+00     1.0000000000E+00
    3.0750000000E+00     1.0000000000E+00
    3.1250000000E+00     1.0000000000E+00
    3.1750000000E+00     1.0000000000E+00
    3.2250000000E+00     1.0000000000E+00
    3.2750000000E+00     1.0000000000E+00
    3.3250000000E+00     1.0000000000E+00
    3.3750000000E+00     1.0000000000E+00
    3.4250000000E+00     1.0000000000E+00
    3.4750000000E+00     1.0000000000E+00
    3.5250000000E+00     1.0000000000E+00
    3.5750000000E+00     1.0000000000E+00
    3.6250000000E+00     1.0000000000E+00
    3.6750000000E+00     1.0000000000E+00
    3.7250000000E+00     1.0000000000E+00
    3.7750000000E+00     1.0000000000E+00
    3.8250000000E+00     1.0000000000E+00
    3.8750000000E+00     1.0000000000E+00
    3.9250000000E+00     1.0000000000E+00
    3.9750000000E+00     1.0000000000E+00
    4.0250000000E+00     1.0000000000E+00
    4.0750000000E+00     1.0000000000E+00
    4.1250000000E+00     1.0000000000E+00
    4.1750000000E+00     1.0000000000E+00
    4.2250000000E+00     1.0000000000E+00
    4.2750000000E+00     1.0000000000E+00
    4.3250000000E+00     9.9999999999E-01
    4.3750000000E+00     9.9999999997E-01
    4.4250000000E+00     9.9999999990E-01
    4.4750000000E+00     9.9999999971E-01
    4.5250000000E+00     9.9999999916E-01
    4.5750000000E+00     9.9999999760E-01
    4.6250000000E+00     9.9999999332E-01
    4.6750000000E+00     9.9999998194E-01
    4.7250000000E+00     9.9999995241E-01
    4.7750000000E+00     9.9999987788E-01
    4.8250000000E+00     9.9999969483E-01
    4.8750000000E+00     9.9999925745E-01
    4.9250000000E+00     9.9999824096E-01
    4.9750000000E+00     9.9999594364E-01
    5.0250000000E+00     9.9999089574E-01
    5.0750000000E+00     9.9998011455E-01
    5.1250000000E+00     9.9995773873E-01
    5.1750000000E+00     9.9991262302E-01
    5.2250000000E+00     9.9982427708E-01
    5.2750000000E+00     9.9965631145E-01
    5.3250000000E+00     9.9934636602E-01
    5.3750000000E+00     9.9879145010E-01
    5.4250000000E+00     9.9782788323E-01
    5.4750000000E+00     9.9620579985E-01
    5.5250000000E+00     9.9355966414E-01
    5.5750000000E+00     9.8937851942E-01
    5.6250000000E+00     9.8298260652E-01
    5.6750000000E+00     9.7351597664E-01
    5.7250000000E+00     9.5996679691E-01
    5.7750000000E+00     9.4122684886E-01
    5.8250000000E+00     9.1619789519E-01
    5.8750000000E+00     8.8394435164E-01
    5.9250000000E+00     8.4387951454E-01
    5.9750000000E+00     7.9595866616E-01
    6.0250000000E+00     7.4084061827E-01
    6.0750000000E+00     6.7997442587E-01
    6.1250000000E+00     6.1557412983E-01
    6.1750000000E+00     5.5046282954E-01
    6.2250000000E+00     4.8779541934E-01
    6.2750000000E+00     4.3070006834E-01
    6.3250000000E+00     3.8190268038E-01
    6.3750000000E+00     3.4340759585E-01
    6.4250000000E+00     3.1629737088E-01
    6.4750000000E+00     3.0068668022E-01
    6.5250000000E+00     2.9582844785E-01
    6.5750000000E+00     3.0033566492E-01
    6.6250000000E+00     3.1246037159E-01
    6.6750000000E+00     3.3036737561E-01
    6.7250000000E+00     3.5235326004E-01
    6.7750000000E+00     3.7698444283E-01
    6.8250000000E+00     4.0315261258E-01
    6.8750000000E+00     4.3006430873E-01
    6.9250000000E+00     4.5719008000E-01
    6.9750000000E+00     4.8419805463E-01
    7.0250000000E+00     5.1089021240E-01
    7.0750000000E+00     5.3715122547E-01
    7.1250000000E+00     5.6291255541E-01
    7.1750000000E+00     5.8813000786E-01
    7.2250000000E+00     6.1277112587E-01
    7.2750000000E+00     6.3680880991E-01
    7.3250000000E+00     6.6021841220E-01
    7.3750000000E+00     6.8297655364E-01
    7.4250000000E+00     7.0506070108E-01
    7.4750000000E+00     7.2644904292E-01
    7.5250000000E+00     7.4712046795E-01
    7.5750000000E+00     7.6705457538E-01
    7.6250000000E+00     7.8623169256E-01
    7.6750000000E+00     8.0463289398E-01
    7.7250000000E+00     8.2224001988E-01
    7.7750000000E+00     8.3903569415E-01
    7.8250000000E+00     8.5500334149E-01
    7.8750000000E+00     8.7012720375E-01
    7.9250000000E+00     8.8439235552E-01
    7.9750000000E+00     8.9778471881E-01
    8.0250000000E+00     9.1029107697E-01
    8.0750000000E+00     9.2189908774E-01
    8.1250000000E+00     9.3259729541E-01
    8.1750000000E+00     9.4237514214E-01
    8.2250000000E+00     9.5122297839E-01
    8.2750000000E+00     9.5913207239E-01
    8.3250000000E+00     9.6609461884E-01
    8.3750000000E+00     9.7210374654E-01
    8.4250000000E+00     9.7715352520E-01
    8.4750000000E+00     9.8123897131E-01
    8.5250000000E+00     9.8435605302E-01
    8.5750000000E+00     9.8650169415E-01
    8.6250000000E+00     9.8767377720E-01
    8.6750000000E+00     9.8787114548E-01
    8.7250000000E+00     9.8709360421E-01
    8.7750000000E+00     9.8534192073E-01
    8.8250000000E+00     9.8261782373E-01
    8.8750000000E+00     9.7892400157E-01
    8.9250000000E+00     9.7426409961E-01
    8.9750000000E+00     9.6864271660E-01
    9.0250000000E+00     9.6206540019E-01
    9.0750000000E+00     9.5453864137E-01
    9.1250000000E+00     9.4606986815E-01
    9.1750000000E+00     9.3666743820E-01
    9.2250000000E+00     9.2634063057E-01
    9.2750000000E+00     9.1509963658E-01
    9.3250000000E+00     9.0295554973E-01
    9.3750000000E+00     8.8992035476E-01
    9.4250000000E+00     8.7600691585E-01
    9.4750000000E+00     8.6122896387E-01
    9.5250000000E+00     8.4560108288E-01
    9.5750000000E+00     8.2913869571E-01
    9.6250000000E+00     8.1185804876E-01
    9.6750000000E+00     7.9377619592E-01
    9.7250000000E+00     7.7491098182E-01
    9.7750000000E+00     7.5528102413E-01
    9.8250000000E+00     7.3490569526E-01
    9.8750000000E+00     7.1380510319E-01
    9.9250000000E+00     6.9200007166E-01
    9.9750000000E+00     6.6951211961E-01
