#t= 1.760000
    2.5000000000E-02     1.0000000000E+00
    7.5000000000E-02     1.0000000000E+00
    1.2500000000E-01     1.0000000000E+00
    1.7500000000E-01     1.0000000000E+00
    2.2500000000E-01     1.0000000000E+00
    2.7500000000E-01     1.0000000000E+00
    3.2500000000E-01     1.0000000000E+00
    3.7500000000E-01     1.0000000000E+00
    4.2500000000E-01     1.0000000000E+00
    4.7500000000E-01     1.0000000000E+00
    5.2500000000E-01     1.0000000000E+00
    5.7500000000E-01     1.0000000000E+00
    6.2500000000E-01     1.0000000000E+00
    6.7500000000E-01     1.0000000000E+00
    7.2500000000E-01     1.0000000000E+00
    7.7500000000E-01     1.0000000000E+00
    8.2500000000E-01     1.0000000000E+00
    8.7500000000E-01     1.0000000000E+00
    9.2500000000E-01     1.0000000000E+00
    9.7500000000E-01     1.0000000000E+00
    1.0250000000E+00     1.0000000000E+00
    1.0750000000E+00     1.0000000000E+00
    1.1250000000E+00     1.0000000000E+00
    1.1750000000E+00     1.0000000000E+00
    1.2250000000E+00     1.0000000000E+00
    1.2750000000E+00     1.0000000000E+00
    1.3250000000E+00     1.0000000000E+00
    1.3750000000E+00     1.0000000000E+00
    1.4250000000E+00     1.0000000000E+00
    1.4750000000E+00     1.0000000000E+00
    1.5250000000E+00     1.0000000000E+00
    1.5750000000E+00     1.0000000000E+00
    1.6250000000E+00     1.0000000000E+00
    1.6750000000E+00     1.0000000000E+00
    1.7250000000E+00     1.0000000000E+00
    1.7750000000E+00     1.0000000000E+00
    1.8250000000E+00     1.0000000000E+00
    1.8750000000E+00     1.0000000000E+00
    1.9250000000E+00     1.0000000000E+00
    1.9750000000E+00     1.0000000000E+00
    2.0250000000E+00     1.0000000000E+00
    2.0750000000E+00     1.0000000000E+00
    2.1250000000E+00     9.9999999998E-01
    2.1750000000E+00     9.9999999992E-01
    2.2250000000E+00     9.9999999968E-01
    2.2750000000E+00     9.9999999872E-01
    2.3250000000E+00     9.9999999514E-01
    2.3750000000E+00     9.9999998236E-01
    2.4250000000E+00     9.9999993873E-01
    2.4750000000E+00     9.9999979640E-01
    2.5250000000E+00     9.9999935271E-01
    2.5750000000E+00     9.9999803166E-01
    2.6250000000E+00     9.9999427589E-01
    2.6750000000E+00     9.9998408387E-01
    2.7250000000E+00     9.9995769552E-01
    2.7750000000E+00     9.9989254147E-01
    2.8250000000E+00     9.9973921971E-01
    2.8750000000E+00     9.9939556272E-01
    2.9250000000E+00     9.9866240456E-01
    2.9750000000E+00     9.9717483763E-01
    3.0250000000E+00     9.9430685909E-01
    3.0750000000E+00     9.8905801287E-01
    3.1250000000E+00     9.7994932876E-01
    3.1750000000E+00     9.6497990183E-01
    3.2250000000E+00     9.4171541819E-01
    3.2750000000E+00     9.0757944121E-01
    3.3250000000E+00     8.6037947049E-01
    3.3750000000E+00     7.9901537357E-01
    3.4250000000E+00     7.2420517836E-01
    3.4750000000E+00     6.3897026944E-01
    3.5250000000E+00     5.4861295422E-01
    3.5750000000E+00     4.6003883742E-01
    3.6250000000E+00     3.8050864576E-01
    3.6750000000E+00     3.1615761645E-01
    3.7250000000E+00     2.7076321538E-01
    3.7750000000E+00     2.4517773964E-01
    3.8250000000E+00     2.3758232704E-01
    3.8750000000E+00     2.4438971243E-01
    3.9250000000E+00     2.6139509091E-01
    3.9750000000E+00     2.8475452866E-01
    4.0250000000E+00     3.1153802940E-01
    4.0750000000E+00     3.3983820562E-01
    4.1250000000E+00     3.6858411319E-01
    4.1750000000E+00     3.9725314862E-01
    4.2250000000E+00     4.2561878563E-01
    4.2750000000E+00     4.5358681684E-01
    4.3250000000E+00     4.8111167778E-01
    4.3750000000E+00     5.0816239580E-01
    4.4250000000E+00     5.3471168221E-01
    4.4750000000E+00     5.6073327576E-01
    4.5250000000E+00     5.8620149327E-01
    4.5750000000E+00     6.1109120067E-01
    4.6250000000E+00     6.3537783483E-01
    4.6750000000E+00     6.5903742779E-01
    4.7250000000E+00     6.8204663037E-01
    4.7750000000E+00     7.0438273526E-01
    4.8250000000E+00     7.2602369944E-01
    4.8750000000E+00     7.4694816589E-01
    4.9250000000E+00     7.6713548467E-01
    4.9750000000E+00     7.8656573335E-01
    5.0250000000E+00     8.0521973661E-01
    5.0750000000E+00     8.2307908521E-01
    5.1250000000E+00     8.4012615412E-01
    5.1750000000E+00     8.5634411994E-01
    5.2250000000E+00     8.7171697751E-01
    5.2750000000E+00     8.8622955567E-01
    5.3250000000E+00     8.9986753225E-01
    5.3750000000E+00     9.1261744821E-01
    5.4250000000E+00     9.2446672094E-01
    5.4750000000E+00     9.3540365663E-01
    5.5250000000E+00     9.4541746184E-01
    5.5750000000E+00     9.5449825415E-01
    5.6250000000E+00     9.6263707193E-01
    5.6750000000E+00     9.6982588314E-01
    5.7250000000E+00     9.7605759329E-01
    5.7750000000E+00     9.8132605244E-01
    5.8250000000E+00     9.8562606125E-01
    5.8750000000E+00     9.8895337613E-01
    5.9250000000E+00     9.9130471343E-01
    5.9750000000E+00     9.9267775266E-01
    6.0250000000E+00     9.9307113879E-01
    6.0750000000E+00     9.9248448361E-01
    6.1250000000E+00     9.9091836606E-01
    6.1750000000E+00     9.8837433172E-01
    6.2250000000E+00     9.8485489124E-01
    6.2750000000E+00     9.8036351789E-01
    6.3250000000E+00     9.7490464411E-01
    6.3750000000E+00     9.6848365715E-01
    6.4250000000E+00     9.6110689374E-01
    6.4750000000E+00     9.5278163386E-01
    6.5250000000E+00     9.4351609355E-01
    6.5750000000E+00     9.3331941676E-01
    6.6250000000E+00     9.2220166638E-01
    6.6750000000E+00     9.1017381430E-01
    6.7250000000E+00     8.9724773056E-01
    6.7750000000E+00     8.8343617162E-01
    6.8250000000E+00     8.6875276785E-01
    6.8750000000E+00     8.5321200998E-01
    6.9250000000E+00     8.3682923486E-01
    6.9750000000E+00     8.1962061033E-01
    7.0250000000E+00     8.0160311920E-01
    7.0750000000E+00     7.8279454257E-01
    7.1250000000E+00     7.6321344224E-01
    7.1750000000E+00     7.4287914239E-01
    7.2250000000E+00     7.2181171051E-01
    7.2750000000E+00     7.0003193761E-01
    7.3250000000E+00     6.7756131771E-01
    7.3750000000E+00     6.5442202660E-01
    7.4250000000E+00     6.3063689995E-01
    7.4750000000E+00     6.0622941082E-01
    7.5250000000E+00     5.8122364645E-01
    7.5750000000E+00     5.5564428452E-01
    7.6250000000E+00     5.2951656876E-01
    7.6750000000E+00     5.0286628407E-01
    7.7250000000E+00     4.7571973108E-01
    7.7750000000E+00     4.4810370014E-01
    7.8250000000E+00     4.2004544495E-01
    7.8750000000E+00     3.9157265563E-01
    7.9250000000E+00     3.6271343136E-01
    7.9750000000E+00     3.3349625273E-01
    8.0250000000E+00     3.0394995356E-01
    8.0750000000E+00     2.7410369249E-01
    8.1250000000E+00     2.4398692416E-01
    8.1750000000E+00     2.1362937020E-01
    8.2250000000E+00     1.8306098983E-01
    8.2750000000E+00     1.5231195038E-01
    8.3250000000E+00     1.2141259741E-01
    8.3750000000E+00     9.0393424875E-02
    8.4250000000E+00     5.9285044940E-02
    8.4750000000E+00     2.8118157822E-02
    8.5250000000E+00    -3.0764785223E-03
    8.5750000000E+00    -3.4268078754E-02
    8.6250000000E+00    -6.5425860529E-02
    8.6750000000E+00    -9.6519074879E-02
    8.7250000000E+00    -1.2751703655E-01
    8.7750000000E+00    -1.5838915431E-01
    8.8250000000E+00    -1.8910496109E-01
    8.8750000000E+00    -2.1963414411E-01
    8.9250000000E+00    -2.4994657474E-01
    8.9750000000E+00    -2.8001233829E-01
    9.0250000000E+00    -3.0980176346E-01
    9.0750000000E+00    -3.3928545169E-01
    9.1250000000E+00    -3.6843430614E-01
    9.1750000000E+00    -3.9721956042E-01
    9.2250000000E+00    -4.2561280694E-01
    9.2750000000E+00    -4.5358602501E-01
    9.3250000000E+00    -4.8111160844E-01
    9.3750000000E+00    -5.0816239279E-01
    9.4250000000E+00    -5.3471168221E-01
    9.4750000000E+00    -5.6073327576E-01
    9.5250000000E+00    -5.8620149327E-01
    9.5750000000E+00    -6.1109120067E-01
    9.6250000000E+00    -6.3537783483E-01
    9.6750000000E+00    -6.5903742779E-01
    9.7250000000E+00    -6.8204663037E-01
    9.7750000000E+00    -7.0438273526E-01
    9.8250000000E+00    -7.2602369944E-01
    9.8750000000E+00    -7.4694816589E-01
    9.9250000000E+00    -7.6713548467E-01
    9.9750000000E+00    -7.8656573335E-01
