#t= 2.600000
    2.5000000000E-02     9.2528742899E-01
    7.5000000000E-02     9.3806022617E-01
    1.2500000000E-01     9.4671474498E-01
    1.7500000000E-01     9.5113336112E-01
    2.2500000000E-01     9.5125518886E-01
    2.7500000000E-01     9.4707747661E-01
    3.2500000000E-01     9.3865569377E-01
    3.7500000000E-01     9.2610230544E-01
    4.2500000000E-01     9.0958427275E-01
    4.7500000000E-01     8.8931935649E-01
    5.2500000000E-01     8.6557133857E-01
    5.7500000000E-01     8.3864430771E-01
    6.2500000000E-01     8.0887618265E-01
    6.7500000000E-01     7.7663166546E-01
    7.2500000000E-01     7.4229483012E-01
    7.7500000000E-01     7.0626155603E-01
    8.2500000000E-01     6.6893201350E-01
    8.7500000000E-01     6.3070339778E-01
    9.2500000000E-01     5.9196309190E-01
    9.7500000000E-01     5.5308241633E-01
    1.0250000000E+00     5.1441109690E-01
    1.0750000000E+00     4.7627255273E-01
    1.1250000000E+00     4.3896007449E-01
    1.1750000000E+00     4.0273393146E-01
    1.2250000000E+00     3.6781941491E-01
    1.2750000000E+00     3.3440579608E-01
    1.3250000000E+00     3.0264615121E-01
    1.3750000000E+00     2.7265798388E-01
    1.4250000000E+00     2.4452455661E-01
    1.4750000000E+00     2.1829683089E-01
    1.5250000000E+00     1.9399590566E-01
    1.5750000000E+00     1.7161584073E-01
    1.6250000000E+00     1.5112675172E-01
    1.6750000000E+00     1.3247806726E-01
    1.7250000000E+00     1.1560184670E-01
    1.7750000000E+00     1.0041606658E-01
    1.8250000000E+00     8.6827795998E-02
    1.8750000000E+00     7.4736194407E-02
    1.9250000000E+00     6.4035278940E-02
    1.9750000000E+00     5.4616422334E-02
    2.0250000000E+00     4.6370555652E-02
    2.0750000000E+00     3.9190062344E-02
    2.1250000000E+00     3.2970361147E-02
    2.1750000000E+00     2.7611184826E-02
    2.2250000000E+00     2.3017569550E-02
    2.2750000000E+00     1.9100575855E-02
    2.3250000000E+00     1.5777766584E-02
    2.3750000000E+00     1.2973470120E-02
    2.4250000000E+00     1.0618858701E-02
    2.4750000000E+00     8.6518718681E-03
    2.5250000000E+00     7.0170142962E-03
    2.5750000000E+00     5.6650556870E-03
    2.6250000000E+00     4.5526581314E-03
    2.6750000000E+00     3.6419537355E-03
    2.7250000000E+00     2.9000923893E-03
    2.7750000000E+00     2.2987765684E-03
    2.8250000000E+00     1.8137971044E-03
    2.8750000000E+00     1.4245810297E-03
    2.9250000000E+00     1.1137599970E-03
    2.9750000000E+00     8.6676541794E-04
    3.0250000000E+00     6.7145441554E-04
    3.0750000000E+00     5.1776893173E-04
    3.1250000000E+00     3.9742888865E-04
    3.1750000000E+00     3.0365914564E-04
    3.2250000000E+00     2.3094910592E-04
    3.2750000000E+00     1.7484317665E-04
    3.3250000000E+00     1.3175984434E-04
    3.3750000000E+00     9.8836859524E-05
    3.4250000000E+00     7.3799901179E-05
    3.4750000000E+00     5.4852079929E-05
    3.5250000000E+00     4.0581714985E-05
    3.5750000000E+00     2.9885957079E-05
    3.6250000000E+00     2.1908009271E-05
    3.6750000000E+00     1.5985901751E-05
    3.7250000000E+00     1.1610992358E-05
    3.7750000000E+00     8.3945808483E-06
    3.8250000000E+00     6.0412341893E-06
    3.8750000000E+00     4.3276168887E-06
    3.9250000000E+00     3.0858010641E-06
    3.9750000000E+00     2.1901937050E-06
    4.0250000000E+00     1.5473626707E-06
    4.0750000000E+00     1.0881686131E-06
    4.1250000000E+00     7.6171808793E-07
    4.1750000000E+00     5.3074491289E-07
    4.2250000000E+00     3.6810389656E-07
    4.2750000000E+00     2.5412506219E-07
    4.3250000000E+00     1.7462909310E-07
    4.3750000000E+00     1.1944754637E-07
    4.4250000000E+00     8.1325911692E-08
    4.4750000000E+00     5.5115192222E-08
    4.5250000000E+00     3.7179555072E-08
    4.5750000000E+00     2.4964787276E-08
    4.6250000000E+00     1.6685692530E-08
    4.6750000000E+00     1.1100928791E-08
    4.7250000000E+00     7.3517431695E-09
    4.7750000000E+00     4.8471232432E-09
    4.8250000000E+00     3.1824702427E-09
    4.8750000000E+00     2.0823451103E-09
    4.9250000000E+00     1.3604097027E-09
    4.9750000000E+00     8.9159258224E-10
    5.0250000000E+00     5.9291605073E-10
    5.0750000000E+00     4.1045570911E-10
    5.1250000000E+00     3.1066417815E-10
    5.1750000000E+00     2.7485239917E-10
    5.2250000000E+00     2.9604373452E-10
    5.2750000000E+00     3.7774392557E-10
    5.3250000000E+00     5.3444122868E-10
    5.3750000000E+00     7.9389787037E-10
    5.4250000000E+00     1.2015462127E-09
    5.4750000000E+00     1.8275910597E-09
    5.5250000000E+00     2.7777768909E-09
    5.5750000000E+00     4.2092450134E-09
    5.6250000000E+00     6.3535294432E-09
    5.6750000000E+00     9.5495836053E-09
    5.7250000000E+00     1.4290872232E-08
    5.7750000000E+00     2.1292106922E-08
    5.8250000000E+00     3.1583282268E-08
    5.8750000000E+00     4.6641452194E-08
    5.9250000000E+00     6.8574389374E-08
    5.9750000000E+00     1.0037516682E-07
    6.0250000000E+00     1.4627313036E-07
    6.0750000000E+00     2.1221511461E-07
    6.1250000000E+00     3.0652160824E-07
    6.1750000000E+00     4.4077651990E-07
    6.2250000000E+00     6.3102697829E-07
    6.2750000000E+00     8.9939209659E-07
    6.3250000000E+00     1.2762078613E-06
    6.3750000000E+00     1.8028704318E-06
    6.4250000000E+00     2.5355834646E-06
    6.4750000000E+00     3.5502680270E-06
    6.5250000000E+00     4.9489577646E-06
    6.5750000000E+00     6.8680787914E-06
    6.6250000000E+00     9.4891048113E-06
    6.6750000000E+00     1.3052184658E-05
    6.7250000000E+00     1.7873462876E-05
    6.7750000000E+00     2.4366954862E-05
    6.8250000000E+00     3.3071996448E-05
    6.8750000000E+00     4.4687462823E-05
    6.9250000000E+00     6.0114141225E-05
    6.9750000000E+00     8.0506842324E-05
    7.0250000000E+00     1.0733804123E-04
    7.0750000000E+00     1.4247504279E-04
    7.1250000000E+00     1.8827285712E-04
    7.1750000000E+00     2.4768513666E-04
    7.2250000000E+00     3.2439564958E-04
    7.2750000000E+00     4.2297282582E-04
    7.3250000000E+00     5.4904988894E-04
    7.3750000000E+00     7.0953295328E-04
    7.4250000000E+00     9.1283919322E-04
    7.4750000000E+00     1.1691667493E-03
    7.5250000000E+00     1.4907973941E-03
    7.5750000000E+00     1.8924321101E-03
    7.6250000000E+00     2.3915586031E-03
    7.6750000000E+00     3.0088483720E-03
    7.7250000000E+00     3.7685792583E-03
    7.7750000000E+00     4.6990774130E-03
    7.8250000000E+00     5.8331703473E-03
    7.8750000000E+00     7.2086402162E-03
    7.9250000000E+00     8.8686637590E-03
    7.9750000000E+00     1.0862222473E-02
    8.0250000000E+00     1.3244463708E-02
    8.0750000000E+00     1.6076990569E-02
    8.1250000000E+00     1.9428055970E-02
    8.1750000000E+00     2.3372633991E-02
    8.2250000000E+00     2.7992340143E-02
    8.2750000000E+00     3.3375171349E-02
    8.3250000000E+00     3.9615036639E-02
    8.3750000000E+00     4.6811050953E-02
    8.4250000000E+00     5.5066567172E-02
    8.4750000000E+00     6.4487925731E-02
    8.5250000000E+00     7.5182907037E-02
    8.5750000000E+00     8.7258879361E-02
    8.6250000000E+00     1.0082064399E-01
    8.6750000000E+00     1.1596799002E-01
    8.7250000000E+00     1.3279298300E-01
    8.7750000000E+00     1.5137702450E-01
    8.8250000000E+00     1.7178773316E-01
    8.8750000000E+00     1.9407571112E-01
    8.9250000000E+00     2.1827127292E-01
    8.9750000000E+00     2.4438122572E-01
    9.0250000000E+00     2.7238579988E-01
    9.0750000000E+00     3.0223583645E-01
    9.1250000000E+00     3.3385034278E-01
    9.1750000000E+00     3.6711452832E-01
    9.2250000000E+00     4.0187842925E-01
    9.2750000000E+00     4.3795622287E-01
    9.3250000000E+00     4.7512632049E-01
    9.3750000000E+00     5.1313231007E-01
    9.4250000000E+00     5.5168479921E-01
    9.4750000000E+00     5.9046418336E-01
    9.5250000000E+00     6.2912433639E-01
    9.5750000000E+00     6.6729718996E-01
    9.6250000000E+00     7.0459813690E-01
    9.6750000000E+00     7.4063216242E-01
    9.7250000000E+00     7.7500057735E-01
    9.7750000000E+00     8.0730820038E-01
    9.8250000000E+00     8.3717081389E-01
    9.8750000000E+00     8.6422270006E-01
    9.9250000000E+00     8.8812405277E-01
    9.9750000000E+00     9.0856805684E-01
