#t= 1.640000
    2.5000000000E-02     1.0000000000E+00
    7.5000000000E-02     1.0000000000E+00
    1.2500000000E-01     1.0000000000E+00
    1.7500000000E-01     1.0000000000E+00
    2.2500000000E-01     1.0000000000E+00
    2.7500000000E-01     1.0000000000E+00
    3.2500000000E-01     1.0000000000E+00
    3.7500000000E-01     1.0000000000E+00
    4.2500000000E-01     1.0000000000E+00
    4.7500000000E-01     1.0000000000E+00
    5.2500000000E-01     1.0000000000E+00
    5.7500000000E-01     1.0000000000E+00
    6.2500000000E-01     1.0000000000E+00
    6.7500000000E-01     1.0000000000E+00
    7.2500000000E-01     1.0000000000E+00
    7.7500000000E-01     1.0000000000E+00
    8.2500000000E-01     1.0000000000E+00
    8.7500000000E-01     1.0000000000E+00
    9.2500000000E-01     1.0000000000E+00
    9.7500000000E-01     1.0000000000E+00
    1.0250000000E+00     1.0000000000E+00
    1.0750000000E+00     1.0000000000E+00
    1.1250000000E+00     1.0000000000E+00
    1.1750000000E+00     1.0000000000E+00
    1.2250000000E+00     1.0000000000E+00
    1.2750000000E+00     1.0000000000E+00
    1.3250000000E+00     1.0000000000E+00
    1.3750000000E+00     1.0000000000E+00
    1.4250000000E+00     1.0000000000E+00
    1.4750000000E+00     1.0000000000E+00
    1.5250000000E+00     1.0000000000E+00
    1.5750000000E+00     1.0000000000E+00
    1.6250000000E+00     1.0000000000E+00
    1.6750000000E+00     1.0000000000E+00
    1.7250000000E+00     1.0000000000E+00
    1.7750000000E+00     1.0000000000E+00
    1.8250000000E+00     1.0000000000E+00
    1.8750000000E+00     1.0000000000E+00
    1.9250000000E+00     9.9999999998E-01
    1.9750000000E+00     9.9999999993E-01
    2.0250000000E+00     9.9999999969E-01
    2.0750000000E+00     9.9999999873E-01
    2.1250000000E+00     9.9999999495E-01
    2.1750000000E+00     9.9999998091E-01
    2.2250000000E+00     9.9999993116E-01
    2.2750000000E+00     9.9999976326E-01
    2.3250000000E+00     9.9999922355E-01
    2.3750000000E+00     9.9999757165E-01
    2.4250000000E+00     9.9999275898E-01
    2.4750000000E+00     9.9997941778E-01
    2.5250000000E+00     9.9994424518E-01
    2.5750000000E+00     9.9985610373E-01
    2.6250000000E+00     9.9964628129E-01
    2.6750000000E+00     9.9917213484E-01
    2.7250000000E+00     9.9815585368E-01
    2.7750000000E+00     9.9609160059E-01
    2.8250000000E+00     9.9212227976E-01
    2.8750000000E+00     9.8490501006E-01
    2.9250000000E+00     9.7251229793E-01
    2.9750000000E+00     9.5244670904E-01
    3.0250000000E+00     9.2186293764E-01
    3.0750000000E+00     8.7806756707E-01
    3.1250000000E+00     8.1928391561E-01
    3.1750000000E+00     7.4553352993E-01
    3.2250000000E+00     6.5934571173E-01
    3.2750000000E+00     5.6594601355E-01
    3.3250000000E+00     4.7267235375E-01
    3.3750000000E+00     3.8763420439E-01
    3.4250000000E+00     3.1796944238E-01
    3.4750000000E+00     2.6828809911E-01
    3.5250000000E+00     2.3986654380E-01
    3.5750000000E+00     2.3084976854E-01
    3.6250000000E+00     2.3728662918E-01
    3.6750000000E+00     2.5450160284E-01
    3.7250000000E+00     2.7826193114E-01
    3.7750000000E+00     3.0541522660E-01
    3.8250000000E+00     3.3398204281E-01
    3.8750000000E+00     3.6290495235E-01
    3.9250000000E+00     3.9169980731E-01
    3.9750000000E+00     4.2017118997E-01
    4.0250000000E+00     4.4824149971E-01
    4.0750000000E+00     4.7587160523E-01
    4.1250000000E+00     5.0303230726E-01
    4.1750000000E+00     5.2969658862E-01
    4.2250000000E+00     5.5583812339E-01
    4.2750000000E+00     5.8143111305E-01
    4.3250000000E+00     6.0645030039E-01
    4.3750000000E+00     6.3087099451E-01
    4.4250000000E+00     6.5466909511E-01
    4.4750000000E+00     6.7782111637E-01
    4.5250000000E+00     7.0030421001E-01
    4.5750000000E+00     7.2209618795E-01
    4.6250000000E+00     7.4317554413E-01
    4.6750000000E+00     7.6352147577E-01
    4.7250000000E+00     7.8311390390E-01
    4.7750000000E+00     8.0193349315E-01
    4.8250000000E+00     8.1996167086E-01
    4.8750000000E+00     8.3718064539E-01
    4.9250000000E+00     8.5357342371E-01
    4.9750000000E+00     8.6912382811E-01
    5.0250000000E+00     8.8381651222E-01
    5.0750000000E+00     8.9763697613E-01
    5.1250000000E+00     9.1057158073E-01
    5.1750000000E+00     9.2260756111E-01
    5.2250000000E+00     9.3373303921E-01
    5.2750000000E+00     9.4393703554E-01
    5.3250000000E+00     9.5320947997E-01
    5.3750000000E+00     9.6154122173E-01
    5.4250000000E+00     9.6892403839E-01
    5.4750000000E+00     9.7535064401E-01
    5.5250000000E+00     9.8081469629E-01
    5.5750000000E+00     9.8531080289E-01
    5.6250000000E+00     9.8883452668E-01
    5.6750000000E+00     9.9138239018E-01
    5.7250000000E+00     9.9295187895E-01
    5.7750000000E+00     9.9354144409E-01
    5.8250000000E+00     9.9315050378E-01
    5.8750000000E+00     9.9177944383E-01
    5.9250000000E+00     9.8942961731E-01
    5.9750000000E+00     9.8610334321E-01
    6.0250000000E+00     9.8180390416E-01
    6.0750000000E+00     9.7653554320E-01
    6.1250000000E+00     9.7030345955E-01
    6.1750000000E+00     9.6311380353E-01
    6.2250000000E+00     9.5497367047E-01
    6.2750000000E+00     9.4589109369E-01
    6.3250000000E+00     9.3587503660E-01
    6.3750000000E+00     9.2493538384E-01
    6.4250000000E+00     9.1308293152E-01
    6.4750000000E+00     9.0032937659E-01
    6.5250000000E+00     8.8668730526E-01
    6.5750000000E+00     8.7217018061E-01
    6.6250000000E+00     8.5679232929E-01
    6.6750000000E+00     8.4056892739E-01
    6.7250000000E+00     8.2351598543E-01
    6.7750000000E+00     8.0565033263E-01
    6.8250000000E+00     7.8698960021E-01
    6.8750000000E+00     7.6755220407E-01
    6.9250000000E+00     7.4735732657E-01
    6.9750000000E+00     7.2642489762E-01
    7.0250000000E+00     7.0477557500E-01
    7.0750000000E+00     6.8243072398E-01
    7.1250000000E+00     6.5941239622E-01
    7.1750000000E+00     6.3574330804E-01
    7.2250000000E+00     6.1144681797E-01
    7.2750000000E+00     5.8654690371E-01
    7.3250000000E+00     5.6106813847E-01
    7.3750000000E+00     5.3503566672E-01
    7.4250000000E+00     5.0847517936E-01
    7.4750000000E+00     4.8141288838E-01
    7.5250000000E+00     4.5387550101E-01
    7.5750000000E+00     4.2589019331E-01
    7.6250000000E+00     3.9748458341E-01
    7.6750000000E+00     3.6868670422E-01
    7.7250000000E+00     3.3952497576E-01
    7.7750000000E+00     3.1002817715E-01
    7.8250000000E+00     2.8022541815E-01
    7.8750000000E+00     2.5014611049E-01
    7.9250000000E+00     2.1981993883E-01
    7.9750000000E+00     1.8927683142E-01
    8.0250000000E+00     1.5854693064E-01
    8.0750000000E+00     1.2766056317E-01
    8.1250000000E+00     9.6648210144E-02
    8.1750000000E+00     6.5540477001E-02
    8.2250000000E+00     3.4368063319E-02
    8.2750000000E+00     3.1617325090E-03
    8.3250000000E+00    -2.8047718550E-02
    8.3750000000E+00    -5.9229489896E-02
    8.4250000000E+00    -9.0352808887E-02
    8.4750000000E+00    -1.2138696056E-01
    8.5250000000E+00    -1.5230131797E-01
    8.5750000000E+00    -1.8306537236E-01
    8.6250000000E+00    -2.1364876332E-01
    8.6750000000E+00    -2.4402130876E-01
    8.7250000000E+00    -2.7415303462E-01
    8.7750000000E+00    -3.0401420453E-01
    8.8250000000E+00    -3.3357534913E-01
    8.8750000000E+00    -3.6280729514E-01
    8.9250000000E+00    -3.9168119414E-01
    8.9750000000E+00    -4.2016855110E-01
    9.0250000000E+00    -4.4824125242E-01
    9.0750000000E+00    -4.7587159375E-01
    9.1250000000E+00    -5.0303230726E-01
    9.1750000000E+00    -5.2969658862E-01
    9.2250000000E+00    -5.5583812339E-01
    9.2750000000E+00    -5.8143111305E-01
    9.3250000000E+00    -6.0645030039E-01
    9.3750000000E+00    -6.3087099451E-01
    9.4250000000E+00    -6.5466909511E-01
    9.4750000000E+00    -6.7782111637E-01
    9.5250000000E+00    -7.0030421001E-01
    9.5750000000E+00    -7.2209618795E-01
    9.6250000000E+00    -7.4317554413E-01
    9.6750000000E+00    -7.6352147577E-01
    9.7250000000E+00    -7.8311390390E-01
    9.7750000000E+00    -8.0193349315E-01
    9.8250000000E+00    -8.1996167086E-01
    9.8750000000E+00    -8.3718064539E-01
    9.9250000000E+00    -8.5357342371E-01
    9.9750000000E+00    -8.6912382811E-01
