#t= 1.200000
    2.5000000000E-02     1.3466767973E-03
    7.5000000000E-02     1.0449461529E-03
    1.2500000000E-01     8.0693392475E-04
    1.7500000000E-01     6.2014793309E-04
    2.2500000000E-01     4.7431365204E-04
    2.7500000000E-01     3.6103448177E-04
    3.2500000000E-01     2.7349173637E-04
    3.7500000000E-01     2.0618256510E-04
    4.2500000000E-01     1.5469333693E-04
    4.7500000000E-01     1.1550557676E-04
    5.2500000000E-01     8.5831303935E-05
    5.7500000000E-01     6.3474547895E-05
    6.2500000000E-01     4.6715866402E-05
    6.7500000000E-01     3.4216833940E-05
    7.2500000000E-01     2.4941673898E-05
    7.7500000000E-01     1.8093453533E-05
    8.2500000000E-01     1.3062526313E-05
    8.7500000000E-01     9.3851768734E-06
    9.2500000000E-01     6.7106881687E-06
    9.7500000000E-01     4.7753005179E-06
    1.0250000000E+00     3.3817628467E-06
    1.0750000000E+00     2.3833845552E-06
    1.1250000000E+00     1.6716808379E-06
    1.1750000000E+00     1.1668650164E-06
    1.2250000000E+00     8.1057952084E-07
    1.2750000000E+00     5.6037419521E-07
    1.3250000000E+00     3.8553859810E-07
    1.3750000000E+00     2.6397608034E-07
    1.4250000000E+00     1.7987384009E-07
    1.4750000000E+00     1.2197698594E-07
    1.5250000000E+00     8.2317845010E-08
    1.5750000000E+00     5.5286110072E-08
    1.6250000000E+00     3.6952494923E-08
    1.6750000000E+00     2.4579720128E-08
    1.7250000000E+00     1.6271039077E-08
    1.7750000000E+00     1.0719107038E-08
    1.8250000000E+00     7.0275960032E-09
    1.8750000000E+00     4.5852202781E-09
    1.9250000000E+00     2.9772899471E-09
    1.9750000000E+00     1.9239725132E-09
    2.0250000000E+00     1.2374491764E-09
    2.0750000000E+00     7.9236046692E-10
    2.1250000000E+00     5.0554648612E-10
    2.1750000000E+00     3.2225325577E-10
    2.2250000000E+00     2.0681570871E-10
    2.2750000000E+00     1.3642912653E-10
    2.3250000000E+00     9.7052822875E-11
    2.3750000000E+00     8.0804352609E-11
    2.4250000000E+00     8.4436793065E-11
    2.4750000000E+00     1.0867047559E-10
    2.5250000000E+00     1.5829017427E-10
    2.5750000000E+00     2.4303349968E-10
    2.6250000000E+00     3.7940511324E-10
    2.6750000000E+00     5.9368011243E-10
    2.7250000000E+00     9.2653681290E-10
    2.7750000000E+00     1.4400092411E-09
    2.8250000000E+00     2.2277951573E-09
    2.8750000000E+00     3.4304248431E-09
    2.9250000000E+00     5.2574360583E-09
    2.9750000000E+00     8.0195836208E-09
    3.0250000000E+00     1.2175335776E-08
    3.0750000000E+00     1.8397597781E-08
    3.1250000000E+00     2.7668912554E-08
    3.1750000000E+00     4.1416520758E-08
    3.2250000000E+00     6.1702880320E-08
    3.2750000000E+00     9.1492883901E-08
    3.3250000000E+00     1.3502649730E-07
    3.3750000000E+00     1.9833540278E-07
    3.4250000000E+00     2.8995512463E-07
    3.4750000000E+00     4.2190084003E-07
    3.5250000000E+00     6.1099660213E-07
    3.5750000000E+00     8.8067517011E-07
    3.6250000000E+00     1.2634003954E-06
    3.6750000000E+00     1.8039076979E-06
    3.7250000000E+00     2.5635123187E-06
    3.7750000000E+00     3.6258016756E-06
    3.8250000000E+00     5.1041093174E-06
    3.8750000000E+00     7.1512657941E-06
    3.9250000000E+00     9.9722382977E-06
    3.9750000000E+00     1.3840408084E-05
    4.0250000000E+00     1.9118393954E-05
    4.0750000000E+00     2.6284512354E-05
    4.1250000000E+00     3.5966169896E-05
    4.1750000000E+00     4.8981710917E-05
    4.2250000000E+00     6.6392488080E-05
    4.2750000000E+00     8.9567182595E-05
    4.3250000000E+00     1.2026066451E-04
    4.3750000000E+00     1.6070994136E-04
    4.4250000000E+00     2.1374998053E-04
    4.4750000000E+00     2.8295238754E-04
    4.5250000000E+00     3.7279005590E-04
    4.5750000000E+00     4.8883094624E-04
    4.6250000000E+00     6.3796406949E-04
    4.6750000000E+00     8.2866050651E-04
    4.7250000000E+00     1.0712718526E-03
    4.7750000000E+00     1.3783677912E-03
    4.8250000000E+00     1.7651135340E-03
    4.8750000000E+00     2.2496865767E-03
    4.9250000000E+00     2.8537305803E-03
    4.9750000000E+00     3.6028421714E-03
    5.0250000000E+00     4.5270840549E-03
    5.0750000000E+00     5.6615150566E-03
    5.1250000000E+00     7.0467245923E-03
    5.1750000000E+00     8.7293556541E-03
    5.2250000000E+00     1.0762596800E-02
    5.2750000000E+00     1.3206619954E-02
    5.3250000000E+00     1.6128937220E-02
    5.3750000000E+00     1.9604646588E-02
    5.4250000000E+00     2.3716533580E-02
    5.4750000000E+00     2.8554993756E-02
    5.5250000000E+00     3.4217739952E-02
    5.5750000000E+00     4.0809258248E-02
    5.6250000000E+00     4.8439978418E-02
    5.6750000000E+00     5.7225128086E-02
    5.7250000000E+00     6.7283245243E-02
    5.7750000000E+00     7.8734331390E-02
    5.8250000000E+00     9.1697637190E-02
    5.8750000000E+00     1.0628908438E-01
    5.9250000000E+00     1.2261834131E-01
    5.9750000000E+00     1.4078558495E-01
    6.0250000000E+00     1.6087799846E-01
    6.0750000000E+00     1.8296607091E-01
    6.1250000000E+00     2.0709978244E-01
    6.1750000000E+00     2.3330477457E-01
    6.2250000000E+00     2.6157861992E-01
    6.2750000000E+00     2.9188731715E-01
    6.3250000000E+00     3.2416214571E-01
    6.3750000000E+00     3.5829701868E-01
    6.4250000000E+00     3.9414647107E-01
    6.4750000000E+00     4.3152441427E-01
    6.5250000000E+00     4.7020377472E-01
    6.5750000000E+00     5.0991711628E-01
    6.6250000000E+00     5.5035832106E-01
    6.6750000000E+00     5.9118537413E-01
    6.7250000000E+00     6.3202426280E-01
    6.7750000000E+00     6.7247396403E-01
    6.8250000000E+00     7.1211245379E-01
    6.8750000000E+00     7.5050363224E-01
    6.9250000000E+00     7.8720502050E-01
    6.9750000000E+00     8.2177604901E-01
    7.0250000000E+00     8.5378672761E-01
    7.0750000000E+00     8.8282646299E-01
    7.1250000000E+00     9.0851277395E-01
    7.1750000000E+00     9.3049964723E-01
    7.2250000000E+00     9.4848527979E-01
    7.2750000000E+00     9.6221896593E-01
    7.3250000000E+00     9.7150690959E-01
    7.3750000000E+00     9.7621677374E-01
    7.4250000000E+00     9.7628081758E-01
    7.4750000000E+00     9.7169751751E-01
    7.5250000000E+00     9.6253161784E-01
    7.5750000000E+00     9.4891260892E-01
    7.6250000000E+00     9.3103168273E-01
    7.6750000000E+00     9.0913726608E-01
    7.7250000000E+00     8.8352927714E-01
    7.7750000000E+00     8.5455229107E-01
    7.8250000000E+00     8.2258783225E-01
    7.8750000000E+00     7.8804603391E-01
    7.9250000000E+00     7.5135691941E-01
    7.9750000000E+00     7.1296156286E-01
    8.0250000000E+00     6.7330338085E-01
    8.0750000000E+00     6.3281979149E-01
    8.1250000000E+00     5.9193445398E-01
    8.1750000000E+00     5.5105027155E-01
    8.2250000000E+00     5.1054330590E-01
    8.2750000000E+00     4.7075771237E-01
    8.3250000000E+00     4.3200176537E-01
    8.3750000000E+00     3.9454500361E-01
    8.4250000000E+00     3.5861648663E-01
    8.4750000000E+00     3.2440411942E-01
    8.5250000000E+00     2.9205497158E-01
    8.5750000000E+00     2.6167649223E-01
    8.6250000000E+00     2.3333850283E-01
    8.6750000000E+00     2.0707583680E-01
    8.7250000000E+00     1.8289148771E-01
    8.7750000000E+00     1.6076012638E-01
    8.8250000000E+00     1.4063185107E-01
    8.8750000000E+00     1.2243604289E-01
    8.9250000000E+00     1.0608521072E-01
    8.9750000000E+00     9.1478724065E-02
    9.0250000000E+00     7.8506348890E-02
    9.0750000000E+00     6.7051518539E-02
    9.1250000000E+00     5.6994289276E-02
    9.1750000000E+00     4.8213946713E-02
    9.2250000000E+00     4.0591244998E-02
    9.2750000000E+00     3.4010274594E-02
    9.3250000000E+00     2.8359966494E-02
    9.3750000000E+00     2.3535250660E-02
    9.4250000000E+00     1.9437894184E-02
    9.4750000000E+00     1.5977050255E-02
    9.5250000000E+00     1.3069552650E-02
    9.5750000000E+00     1.0639992197E-02
    9.6250000000E+00     8.6206119019E-03
    9.6750000000E+00     6.9510563220E-03
    9.7250000000E+00     5.5780086467E-03
    9.7750000000E+00     4.4547460695E-03
    9.8250000000E+00     3.5406406468E-03
    9.8750000000E+00     2.8006291742E-03
    9.9250000000E+00     2.2046718651E-03
    9.9750000000E+00     1.7272159438E-03
