#t= 0.600000
    2.5000000000E-02     1.0000000000E+00
    7.5000000000E-02     1.0000000000E+00
    1.2500000000E-01     1.0000000000E+00
    1.7500000000E-01     1.0000000000E+00
    2.2500000000E-01     1.0000000000E+00
    2.7500000000E-01     1.0000000000E+00
    3.2500000000E-01     1.0000000000E+00
    3.7500000000E-01     9.9999999996E-01
    4.2500000000E-01     9.9999999956E-01
    4.7500000000E-01     9.9999999561E-01
    5.2500000000E-01     9.9999996245E-01
    5.7500000000E-01     9.9999972150E-01
    6.2500000000E-01     9.9999819678E-01
    6.7500000000E-01     9.9998976055E-01
    7.2500000000E-01     9.9994883240E-01
    7.7500000000E-01     9.9977444739E-01
    8.2500000000E-01     9.9912159448E-01
    8.7500000000E-01     9.9697541712E-01
    9.2500000000E-01     9.9079120572E-01
    9.7500000000E-01     9.7521915053E-01
    1.0250000000E+00     9.4110891485E-01
    1.0750000000E+00     8.7652219480E-01
    1.1250000000E+00     7.7173317035E-01
    1.1750000000E+00     6.2782396531E-01
    1.2250000000E+00     4.6349230282E-01
    1.2750000000E+00     3.1182827125E-01
    1.3250000000E+00     2.0465273767E-01
    1.3750000000E+00     1.5470206078E-01
    1.4250000000E+00     1.5127981486E-01
    1.4750000000E+00     1.7276509160E-01
    1.5250000000E+00     2.0229298210E-01
    1.5750000000E+00     2.3287861861E-01
    1.6250000000E+00     2.6323443203E-01
    1.6750000000E+00     2.9333046486E-01
    1.7250000000E+00     3.2313701593E-01
    1.7750000000E+00     3.5262466977E-01
    1.8250000000E+00     3.8176432564E-01
    1.8750000000E+00     4.1052722621E-01
    1.9250000000E+00     4.3888498598E-01
    1.9750000000E+00     4.6680961925E-01
    2.0250000000E+00     4.9427356778E-01
    2.0750000000E+00     5.2124972798E-01
    2.1250000000E+00     5.4771147762E-01
    2.1750000000E+00     5.7363270217E-01
    2.2250000000E+00     5.9898782049E-01
    2.2750000000E+00     6.2375181015E-01
    2.3250000000E+00     6.4790023208E-01
    2.3750000000E+00     6.7140925470E-01
    2.4250000000E+00     6.9425567745E-01
    2.4750000000E+00     7.1641695366E-01
    2.5250000000E+00     7.3787121284E-01
    2.5750000000E+00     7.5859728221E-01
    2.6250000000E+00     7.7857470765E-01
    2.6750000000E+00     7.9778377385E-01
    2.7250000000E+00     8.1620552379E-01
    2.7750000000E+00     8.3382177741E-01
    2.8250000000E+00     8.5061514961E-01
    2.8750000000E+00     8.6656906735E-01
    2.9250000000E+00     8.8166778605E-01
    2.9750000000E+00     8.9589640508E-01
    3.0250000000E+00     9.0924088253E-01
    3.0750000000E+00     9.2168804900E-01
    3.1250000000E+00     9.3322562064E-01
    3.1750000000E+00     9.4384221127E-01
    3.2250000000E+00     9.5352734358E-01
    3.2750000000E+00     9.6227145952E-01
    3.3250000000E+00     9.7006592972E-01
    3.3750000000E+00     9.7690306195E-01
    3.4250000000E+00     9.8277610881E-01
    3.4750000000E+00     9.8767927430E-01
    3.5250000000E+00     9.9160771959E-01
    3.5750000000E+00     9.9455756778E-01
    3.6250000000E+00     9.9652590772E-01
    3.6750000000E+00     9.9751079691E-01
    3.7250000000E+00     9.9751126337E-01
    3.7750000000E+00     9.9652730664E-01
    3.8250000000E+00     9.9455989777E-01
    3.8750000000E+00     9.9161097836E-01
    3.9250000000E+00     9.8768345864E-01
    3.9750000000E+00     9.8278121458E-01
    4.0250000000E+00     9.7690908412E-01
    4.0750000000E+00     9.7007286233E-01
    4.1250000000E+00     9.6227929575E-01
    4.1750000000E+00     9.5353607568E-01
    4.2250000000E+00     9.4385183063E-01
    4.2750000000E+00     9.3323611777E-01
    4.3250000000E+00     9.2169941353E-01
    4.3750000000E+00     9.0925310325E-01
    4.4250000000E+00     8.9590946994E-01
    4.4750000000E+00     8.8168168214E-01
    4.5250000000E+00     8.6658378096E-01
    4.5750000000E+00     8.5063066622E-01
    4.6250000000E+00     8.3383808171E-01
    4.6750000000E+00     8.1622259969E-01
    4.7250000000E+00     7.9780160450E-01
    4.7750000000E+00     7.7859327545E-01
    4.8250000000E+00     7.5861656883E-01
    4.8750000000E+00     7.3789119926E-01
    4.9250000000E+00     7.1643762015E-01
    4.9750000000E+00     6.9427700361E-01
    5.0250000000E+00     6.7143121949E-01
    5.0750000000E+00     6.4792281382E-01
    5.1250000000E+00     6.2377498655E-01
    5.1750000000E+00     5.9901156868E-01
    5.2250000000E+00     5.7365699872E-01
    5.2750000000E+00     5.4773629855E-01
    5.3250000000E+00     5.2127504879E-01
    5.3750000000E+00     4.9429936349E-01
    5.4250000000E+00     4.6683586439E-01
    5.4750000000E+00     4.3891165466E-01
    5.5250000000E+00     4.1055429211E-01
    5.5750000000E+00     3.8179176205E-01
    5.6250000000E+00     3.5265244961E-01
    5.6750000000E+00     3.2316511178E-01
    5.7250000000E+00     2.9335884900E-01
    5.7750000000E+00     2.6326307645E-01
    5.8250000000E+00     2.3290749503E-01
    5.8750000000E+00     2.0232206203E-01
    5.9250000000E+00     1.7153696159E-01
    5.9750000000E+00     1.4058257487E-01
    6.0250000000E+00     1.0948945012E-01
    6.0750000000E+00     7.8288272509E-02
    6.1250000000E+00     4.7009833822E-02
    6.1750000000E+00     1.5685002104E-02
    6.2250000000E+00    -1.5655308817E-02
    6.2750000000E+00    -4.6980169839E-02
    6.3250000000E+00    -7.8258667104E-02
    6.3750000000E+00    -1.0945993251E-01
    6.4250000000E+00    -1.4055317419E-01
    6.4750000000E+00    -1.7150770684E-01
    6.5250000000E+00    -2.0229298210E-01
    6.5750000000E+00    -2.3287861861E-01
    6.6250000000E+00    -2.6323443203E-01
    6.6750000000E+00    -2.9333046486E-01
    6.7250000000E+00    -3.2313701593E-01
    6.7750000000E+00    -3.5262466977E-01
    6.8250000000E+00    -3.8176432564E-01
    6.8750000000E+00    -4.1052722621E-01
    6.9250000000E+00    -4.3888498598E-01
    6.9750000000E+00    -4.6680961925E-01
    7.0250000000E+00    -4.9427356778E-01
    7.0750000000E+00    -5.2124972798E-01
    7.1250000000E+00    -5.4771147762E-01
    7.1750000000E+00    -5.7363270217E-01
    7.2250000000E+00    -5.9898782049E-01
    7.2750000000E+00    -6.2375181015E-01
    7.3250000000E+00    -6.4790023208E-01
    7.3750000000E+00    -6.7140925470E-01
    7.4250000000E+00    -6.9425567745E-01
    7.4750000000E+00    -7.1641695366E-01
    7.5250000000E+00    -7.3787121284E-01
    7.5750000000E+00    -7.5859728221E-01
    7.6250000000E+00    -7.7857470765E-01
    7.6750000000E+00    -7.9778377385E-01
    7.7250000000E+00    -8.1620552379E-01
    7.7750000000E+00    -8.3382177741E-01
    7.8250000000E+00    -8.5061514961E-01
    7.8750000000E+00    -8.6656906735E-01
    7.9250000000E+00    -8.8166778605E-01
    7.9750000000E+00    -8.9589640508E-01
    8.0250000000E+00    -9.0924088253E-01
    8.0750000000E+00    -9.2168804900E-01
    8.1250000000E+00    -9.3322562064E-01
    8.1750000000E+00    -9.4384221127E-01
    8.2250000000E+00    -9.5352734358E-01
    8.2750000000E+00    -9.6227145952E-01
    8.3250000000E+00    -9.7006592972E-01
    8.3750000000E+00    -9.7690306195E-01
    8.4250000000E+00    -9.8277610881E-01
    8.4750000000E+00    -9.8767927430E-01
    8.5250000000E+00    -9.9160771959E-01
    8.5750000000E+00    -9.9455756778E-01
    8.6250000000E+00    -9.9652590772E-01
    8.6750000000E+00    -9.9751079691E-01
    8.7250000000E+00    -9.9751126337E-01
    8.7750000000E+00    -9.9652730664E-01
    8.8250000000E+00    -9.9455989777E-01
    8.8750000000E+00    -9.9161097836E-01
    8.9250000000E+00    -9.8768345864E-01
    8.9750000000E+00    -9.8278121458E-01
    9.0250000000E+00    -9.7690908412E-01
    9.0750000000E+00    -9.7007286233E-01
    9.1250000000E+00    -9.6227929575E-01
    9.1750000000E+00    -9.5353607568E-01
    9.2250000000E+00    -9.4385183063E-01
    9.2750000000E+00    -9.3323611777E-01
    9.3250000000E+00    -9.2169941353E-01
    9.3750000000E+00    -9.0925310325E-01
    9.4250000000E+00    -8.9590946994E-01
    9.4750000000E+00    -8.8168168214E-01
    9.5250000000E+00    -8.6658378096E-01
    9.5750000000E+00    -8.5063066622E-01
    9.6250000000E+00    -8.3383808171E-01
    9.6750000000E+00    -8.1622259969E-01
    9.7250000000E+00    -7.9780160450E-01
    9.7750000000E+00    -7.7859327545E-01
    9.8250000000E+00    -7.5861656883E-01
    9.8750000000E+00    -7.3789119926E-01
    9.9250000000E+00    -7.1643762015E-01
    9.9750000000E+00    -6.9427700361E-01
