#t= 0.280000
    2.5000000000E-02     9.9999999984E-01
    7.5000000000E-02     9.9999999081E-01
    1.2500000000E-01     9.9999975630E-01
    1.7500000000E-01     9.9999600722E-01
    2.2500000000E-01     9.9995480932E-01
    2.7500000000E-01     9.9962565094E-01
    3.2500000000E-01     9.9765401616E-01
    3.7500000000E-01     9.8866126667E-01
    4.2500000000E-01     9.5728766838E-01
    4.7500000000E-01     8.7402923635E-01
    5.2500000000E-01     7.0883353354E-01
    5.7500000000E-01     4.7208912801E-01
    6.2500000000E-01     2.4317902174E-01
    6.7500000000E-01     1.1677837384E-01
    7.2500000000E-01     1.0336571401E-01
    7.7500000000E-01     1.3452232493E-01
    8.2500000000E-01     1.6554617855E-01
    8.7500000000E-01     1.9640665809E-01
    9.2500000000E-01     2.2707330797E-01
    9.7500000000E-01     2.5751586390E-01
    1.0250000000E+00     2.8770428277E-01
    1.0750000000E+00     3.1760877225E-01
    1.1250000000E+00     3.4719982021E-01
    1.1750000000E+00     3.7644822387E-01
    1.2250000000E+00     4.0532511858E-01
    1.2750000000E+00     4.3380200634E-01
    1.3250000000E+00     4.6185078388E-01
    1.3750000000E+00     4.8944377047E-01
    1.4250000000E+00     5.1655373514E-01
    1.4750000000E+00     5.4315392364E-01
    1.5250000000E+00     5.6921808480E-01
    1.5750000000E+00     5.9472049643E-01
    1.6250000000E+00     6.1963599073E-01
    1.6750000000E+00     6.4393997911E-01
    1.7250000000E+00     6.6760847648E-01
    1.7750000000E+00     6.9061812489E-01
    1.8250000000E+00     7.1294621658E-01
    1.8750000000E+00     7.3457071644E-01
    1.9250000000E+00     7.5547028368E-01
    1.9750000000E+00     7.7562429296E-01
    2.0250000000E+00     7.9501285471E-01
    2.0750000000E+00     8.1361683476E-01
    2.1250000000E+00     8.3141787321E-01
    2.1750000000E+00     8.4839840261E-01
    2.2250000000E+00     8.6454166520E-01
    2.2750000000E+00     8.7983172956E-01
    2.3250000000E+00     8.9425350622E-01
    2.3750000000E+00     9.0779276263E-01
    2.4250000000E+00     9.2043613718E-01
    2.4750000000E+00     9.3217115240E-01
    2.5250000000E+00     9.4298622723E-01
    2.5750000000E+00     9.5287068850E-01
    2.6250000000E+00     9.6181478144E-01
    2.6750000000E+00     9.6980967931E-01
    2.7250000000E+00     9.7684749212E-01
    2.7750000000E+00     9.8292127439E-01
    2.8250000000E+00     9.8802503203E-01
    2.8750000000E+00     9.9215372825E-01
    2.9250000000E+00     9.9530328852E-01
    2.9750000000E+00     9.9747060462E-01
    3.0250000000E+00     9.9865353765E-01
    3.0750000000E+00     9.9885092021E-01
    3.1250000000E+00     9.9806255750E-01
    3.1750000000E+00     9.9628922755E-01
    3.2250000000E+00     9.9353268041E-01
    3.2750000000E+00     9.8979563647E-01
    3.3250000000E+00     9.8508178373E-01
    3.3750000000E+00     9.7939577421E-01
    3.4250000000E+00     9.7274321930E-01
    3.4750000000E+00     9.6513068427E-01
    3.5250000000E+00     9.5656568178E-01
    3.5750000000E+00     9.4705666444E-01
    3.6250000000E+00     9.3661301652E-01
    3.6750000000E+00     9.2524504463E-01
    3.7250000000E+00     9.1296396759E-01
    3.7750000000E+00     8.9978190534E-01
    3.8250000000E+00     8.8571186698E-01
    3.8750000000E+00     8.7076773793E-01
    3.9250000000E+00     8.5496426626E-01
    3.9750000000E+00     8.3831704808E-01
    4.0250000000E+00     8.2084251219E-01
    4.0750000000E+00     8.0255790383E-01
    4.1250000000E+00     7.8348126772E-01
    4.1750000000E+00     7.6363143019E-01
    4.2250000000E+00     7.4302798063E-01
    4.2750000000E+00     7.2169125216E-01
    4.3250000000E+00     6.9964230156E-01
    4.3750000000E+00     6.7690288848E-01
    4.4250000000E+00     6.5349545396E-01
    4.4750000000E+00     6.2944309833E-01
    4.5250000000E+00     6.0476955836E-01
    4.5750000000E+00     5.7949918385E-01
    4.6250000000E+00     5.5365691360E-01
    4.6750000000E+00     5.2726825083E-01
    4.7250000000E+00     5.0035923795E-01
    4.7750000000E+00     4.7295643091E-01
    4.8250000000E+00     4.4508687298E-01
    4.8750000000E+00     4.1677806803E-01
    4.9250000000E+00     3.8805795346E-01
    4.9750000000E+00     3.5895487253E-01
    5.0250000000E+00     3.2949754648E-01
    5.0750000000E+00     2.9971504614E-01
    5.1250000000E+00     2.6963676322E-01
    5.1750000000E+00     2.3929238138E-01
    5.2250000000E+00     2.0871184685E-01
    5.2750000000E+00     1.7792533892E-01
    5.3250000000E+00     1.4696324016E-01
    5.3750000000E+00     1.1585610643E-01
    5.4250000000E+00     8.4634636708E-02
    5.4750000000E+00     5.3329642818E-02
    5.5250000000E+00     2.1972019010E-02
    5.5750000000E+00    -9.4072885286E-03
    5.6250000000E+00    -4.0777312209E-02
    5.6750000000E+00    -7.2107093606E-02
    5.7250000000E+00    -1.0336571401E-01
    5.7750000000E+00    -1.3452232493E-01
    5.8250000000E+00    -1.6554617855E-01
    5.8750000000E+00    -1.9640665809E-01
    5.9250000000E+00    -2.2707330797E-01
    5.9750000000E+00    -2.5751586390E-01
    6.0250000000E+00    -2.8770428277E-01
    6.0750000000E+00    -3.1760877225E-01
    6.1250000000E+00    -3.4719982021E-01
    6.1750000000E+00    -3.7644822387E-01
    6.2250000000E+00    -4.0532511858E-01
    6.2750000000E+00    -4.3380200634E-01
    6.3250000000E+00    -4.6185078388E-01
    6.3750000000E+00    -4.8944377047E-01
    6.4250000000E+00    -5.1655373514E-01
    6.4750000000E+00    -5.4315392364E-01
    6.5250000000E+00    -5.6921808480E-01
    6.5750000000E+00    -5.9472049643E-01
    6.6250000000E+00    -6.1963599073E-01
    6.6750000000E+00    -6.4393997911E-01
    6.7250000000E+00    -6.6760847648E-01
    6.7750000000E+00    -6.9061812489E-01
    6.8250000000E+00    -7.1294621658E-01
    6.8750000000E+00    -7.3457071644E-01
    6.9250000000E+00    -7.5547028368E-01
    6.9750000000E+00    -7.7562429296E-01
    7.0250000000E+00    -7.9501285471E-01
    7.0750000000E+00    -8.1361683476E-01
    7.1250000000E+00    -8.3141787321E-01
    7.1750000000E+00    -8.4839840261E-01
    7.2250000000E+00    -8.6454166520E-01
    7.2750000000E+00    -8.7983172956E-01
    7.3250000000E+00    -8.9425350622E-01
    7.3750000000E+00    -9.0779276263E-01
    7.4250000000E+00    -9.2043613718E-01
    7.4750000000E+00    -9.3217115240E-01
    7.5250000000E+00    -9.4298622723E-01
    7.5750000000E+00    -9.5287068850E-01
    7.6250000000E+00    -9.6181478144E-01
    7.6750000000E+00    -9.6980967931E-01
    7.7250000000E+00    -9.7684749212E-01
    7.7750000000E+00    -9.8292127439E-01
    7.8250000000E+00    -9.8802503203E-01
    7.8750000000E+00    -9.9215372825E-01
    7.9250000000E+00    -9.9530328852E-01
    7.9750000000E+00    -9.9747060462E-01
    8.0250000000E+00    -9.9865353765E-01
    8.0750000000E+00    -9.9885092021E-01
    8.1250000000E+00    -9.9806255750E-01
    8.1750000000E+00    -9.9628922755E-01
    8.2250000000E+00    -9.9353268041E-01
    8.2750000000E+00    -9.8979563647E-01
    8.3250000000E+00    -9.8508178373E-01
    8.3750000000E+00    -9.7939577421E-01
    8.4250000000E+00    -9.7274321930E-01
    8.4750000000E+00    -9.6513068427E-01
    8.5250000000E+00    -9.5656568178E-01
    8.5750000000E+00    -9.4705666444E-01
    8.6250000000E+00    -9.3661301652E-01
    8.6750000000E+00    -9.2524504463E-01
    8.7250000000E+00    -9.1296396759E-01
    8.7750000000E+00    -8.9978190534E-01
    8.8250000000E+00    -8.8571186698E-01
    8.8750000000E+00    -8.7076773793E-01
    8.9250000000E+00    -8.5496426626E-01
    8.9750000000E+00    -8.3831704808E-01
    9.0250000000E+00    -8.2084251219E-01
    9.0750000000E+00    -8.0255790383E-01
    9.1250000000E+00    -7.8348126772E-01
    9.1750000000E+00    -7.6363143019E-01
    9.2250000000E+00    -7.4302798063E-01
    9.2750000000E+00    -7.2169125216E-01
    9.3250000000E+00    -6.9964230156E-01
    9.3750000000E+00    -6.7690288848E-01
    9.4250000000E+00    -6.5349545396E-01
    9.4750000000E+00    -6.2944309833E-01
    9.5250000000E+00    -6.0476955836E-01
    9.5750000000E+00    -5.7949918385E-01
    9.6250000000E+00    -5.5365691360E-01
    9.6750000000E+00    -5.2726825083E-01
    9.7250000000E+00    -5.0035923795E-01
    9.7750000000E+00    -4.7295643091E-01
    9.8250000000E+00    -4.4508687298E-01
    9.8750000000E+00    -4.1677806803E-01
    9.9250000000E+00    -3.8805795346E-01
    9.9750000000E+00    -3.5895487253E-01
