#t= 5.080000
    2.5000000000E-02     2.3933025184E-09
    7.5000000000E-02     1.8946957911E-09
    1.2500000000E-01     1.7207682068E-09
    1.7500000000E-01     1.8415636244E-09
    2.2500000000E-01     2.2723486927E-09
    2.7500000000E-01     3.0752007283E-09
    3.2500000000E-01     4.3668290601E-09
    3.7500000000E-01     6.3334627455E-09
    4.2500000000E-01     9.2544180168E-09
    4.7500000000E-01     1.3536879819E-08
    5.2500000000E-01     1.9765571979E-08
    5.7500000000E-01     2.8772442012E-08
    6.2500000000E-01     4.1733360021E-08
    6.7500000000E-01     6.0301261645E-08
    7.2500000000E-01     8.6788317854E-08
    7.7500000000E-01     1.2441379223E-07
    8.2500000000E-01     1.7763949605E-07
    8.7500000000E-01     2.5262147205E-07
    9.2500000000E-01     3.5781508833E-07
    9.7500000000E-01     5.0478153076E-07
    1.0250000000E+00     7.0925724674E-07
    1.0750000000E+00     9.9256479708E-07
    1.1250000000E+00     1.3834644800E-06
    1.1750000000E+00     1.9205717506E-06
    1.2250000000E+00     2.6554966956E-06
    1.2750000000E+00     3.6568995290E-06
    1.3250000000E+00     5.0157011844E-06
    1.3750000000E+00     6.8517415473E-06
    1.4250000000E+00     9.3222406076E-06
    1.4750000000E+00     1.2632490655E-05
    1.5250000000E+00     1.7049291234E-05
    1.5750000000E+00     2.2917733299E-05
    1.6250000000E+00     3.0682044902E-05
    1.6750000000E+00     4.0911327200E-05
    1.7250000000E+00     5.4331135396E-05
    1.7750000000E+00     7.1861992392E-05
    1.8250000000E+00     9.4666060043E-05
    1.8750000000E+00     1.2420332981E-04
    1.9250000000E+00     1.6229882511E-04
    1.9750000000E+00     2.1122242431E-04
    2.0250000000E+00     2.7378300684E-04
    2.0750000000E+00     3.5343868365E-04
    2.1250000000E+00     4.5442488439E-04
    2.1750000000E+00     5.8190202223E-04
    2.2250000000E+00     7.4212432575E-04
    2.2750000000E+00     9.4263119902E-04
    2.3250000000E+00     1.1924621262E-03
    2.3750000000E+00     1.5023956580E-03
    2.4250000000E+00     1.8852123838E-03
    2.4750000000E+00     2.3559809966E-03
    2.5250000000E+00     2.9323655743E-03
    2.5750000000E+00     3.6349510364E-03
    2.6250000000E+00     4.4875823805E-03
    2.6750000000E+00     5.5177117698E-03
    2.7250000000E+00     6.7567458497E-03
    2.7750000000E+00     8.2403838487E-03
    2.8250000000E+00     1.0008935110E-02
    2.8750000000E+00     1.2107602763E-02
    2.9250000000E+00     1.4586718351E-02
    2.9750000000E+00     1.7501910477E-02
    3.0250000000E+00     2.0914188981E-02
    3.0750000000E+00     2.4889925017E-02
    3.1250000000E+00     2.9500706628E-02
    3.1750000000E+00     3.4823049330E-02
    3.2250000000E+00     4.0937941754E-02
    3.2750000000E+00     4.7930207825E-02
    3.3250000000E+00     5.5887669268E-02
    3.3750000000E+00     6.4900095543E-02
    3.4250000000E+00     7.5057932719E-02
    3.4750000000E+00     8.6450808176E-02
    3.5250000000E+00     9.9165814517E-02
    3.5750000000E+00     1.1328558342E-01
    3.6250000000E+00     1.2888616830E-01
    3.6750000000E+00     1.4603476349E-01
    3.7250000000E+00     1.6478729658E-01
    3.7750000000E+00     1.8518593971E-01
    3.8250000000E+00     2.0725659452E-01
    3.8750000000E+00     2.3100641302E-01
    3.9250000000E+00     2.5642142410E-01
    3.9750000000E+00     2.8346434023E-01
    4.0250000000E+00     3.1207262250E-01
    4.0750000000E+00     3.4215688307E-01
    4.1250000000E+00     3.7359970251E-01
    4.1750000000E+00     4.0625493509E-01
    4.2250000000E+00     4.3994756768E-01
    4.2750000000E+00     4.7447418721E-01
    4.3250000000E+00     5.0960409878E-01
    4.3750000000E+00     5.4508112021E-01
    4.4250000000E+00     5.8062606087E-01
    4.4750000000E+00     6.1593987265E-01
    4.5250000000E+00     6.5070743992E-01
    4.5750000000E+00     6.8460195428E-01
    4.6250000000E+00     7.1728979850E-01
    4.6750000000E+00     7.4843584490E-01
    4.7250000000E+00     7.7770905551E-01
    4.7750000000E+00     8.0478825671E-01
    4.8250000000E+00     8.2936795009E-01
    4.8750000000E+00     8.5116401397E-01
    4.9250000000E+00     8.6991914806E-01
    4.9750000000E+00     8.8540791576E-01
    5.0250000000E+00     8.9744124657E-01
    5.0750000000E+00     9.0587027301E-01
    5.1250000000E+00     9.1058939331E-01
    5.1750000000E+00     9.1153847184E-01
    5.2250000000E+00     9.0870411336E-01
    5.2750000000E+00     9.0211997315E-01
    5.3250000000E+00     8.9186609332E-01
    5.3750000000E+00     8.7806728338E-01
    5.4250000000E+00     8.6089059096E-01
    5.4750000000E+00     8.4054193441E-01
    5.5250000000E+00     8.1726199206E-01
    5.5750000000E+00     7.9132146315E-01
    5.6250000000E+00     7.6301583069E-01
    5.6750000000E+00     7.3265976808E-01
    5.7250000000E+00     7.0058133708E-01
    5.7750000000E+00     6.6711612622E-01
    5.8250000000E+00     6.3260147480E-01
    5.8750000000E+00     5.9737091963E-01
    5.9250000000E+00     5.6174898889E-01
    5.9750000000E+00     5.2604645203E-01
    6.0250000000E+00     4.9055611587E-01
    6.0750000000E+00     4.5554923658E-01
    6.1250000000E+00     4.2127259588E-01
    6.1750000000E+00     3.8794626773E-01
    6.2250000000E+00     3.5576208100E-01
    6.2750000000E+00     3.2488276344E-01
    6.3250000000E+00     2.9544173450E-01
    6.3750000000E+00     2.6754349896E-01
    6.4250000000E+00     2.4126458066E-01
    6.4750000000E+00     2.1665492585E-01
    6.5250000000E+00     1.9373969913E-01
    6.5750000000E+00     1.7252139128E-01
    6.6250000000E+00     1.5298215777E-01
    6.6750000000E+00     1.3508630851E-01
    6.7250000000E+00     1.1878287376E-01
    6.7750000000E+00     1.0400817732E-01
    6.8250000000E+00     9.0688355580E-02
    6.8750000000E+00     7.8741769889E-02
    6.9250000000E+00     6.8081268810E-02
    6.9750000000E+00     5.8616266422E-02
    7.0250000000E+00     5.0254612169E-02
    7.0750000000E+00     4.2904236641E-02
    7.1250000000E+00     3.6474565872E-02
    7.1750000000E+00     3.0877704043E-02
    7.2250000000E+00     2.6029390755E-02
    7.2750000000E+00     2.1849744224E-02
    7.3250000000E+00     1.8263805783E-02
    7.3750000000E+00     1.5201904091E-02
    7.4250000000E+00     1.2599859372E-02
    7.4750000000E+00     1.0399049023E-02
    7.5250000000E+00     8.5463561490E-03
    7.5750000000E+00     6.9940220652E-03
    7.6250000000E+00     5.6994227852E-03
    7.6750000000E+00     4.6247880142E-03
    7.7250000000E+00     3.7368794062E-03
    7.7750000000E+00     3.0066428677E-03
    7.8250000000E+00     2.4088476452E-03
    7.8750000000E+00     1.9217228744E-03
    7.9250000000E+00     1.5266002901E-03
    7.9750000000E+00     1.2075699292E-03
    8.0250000000E+00     9.5115396170E-04
    8.0750000000E+00     7.4600226969E-04
    8.1250000000E+00     5.8261208186E-04
    8.1750000000E+00     4.5307286024E-04
    8.2250000000E+00     3.5083672397E-04
    8.2750000000E+00     2.7051396933E-04
    8.3250000000E+00     2.0769269006E-04
    8.3750000000E+00     1.5878109906E-04
    8.4250000000E+00     1.2087088093E-04
    8.4750000000E+00     9.1619744325E-05
    8.5250000000E+00     6.9151273339E-05
    8.5750000000E+00     5.1970179726E-05
    8.6250000000E+00     3.8891115526E-05
    8.6750000000E+00     2.8979303256E-05
    8.7250000000E+00     2.1501365898E-05
    8.7750000000E+00     1.5884880218E-05
    8.8250000000E+00     1.1685326094E-05
    8.8750000000E+00     8.5592544941E-06
    8.9250000000E+00     6.2426425354E-06
    8.9750000000E+00     4.5335418910E-06
    9.0250000000E+00     3.2782543888E-06
    9.0750000000E+00     2.3603844063E-06
    9.1250000000E+00     1.6922211029E-06
    9.1750000000E+00     1.2079945707E-06
    9.2250000000E+00     8.5862908739E-07
    9.2750000000E+00     6.0768457004E-07
    9.3250000000E+00     4.2823498174E-07
    9.3750000000E+00     3.0048089337E-07
    9.4250000000E+00     2.0993371242E-07
    9.4750000000E+00     1.4604232409E-07
    9.5250000000E+00     1.0116004520E-07
    9.5750000000E+00     6.9771794544E-08
    9.6250000000E+00     4.7919066567E-08
    9.6750000000E+00     3.2774396632E-08
    9.7250000000E+00     2.2328165922E-08
    9.7750000000E+00     1.5159362723E-08
    9.8250000000E+00     1.0268758948E-08
    9.8750000000E+00     6.9582654786E-09
    9.9250000000E+00     4.7443189292E-09
    9.9750000000E+00     3.2962898017E-09
