#t= 0.320000
    2.5000000000E-02     5.5442543378E-09
    7.5000000000E-02     3.5846027484E-09
    1.2500000000E-01     2.3061524331E-09
    1.7500000000E-01     1.4763318951E-09
    2.2500000000E-01     9.4043535724E-10
    2.7500000000E-01     5.9610525269E-10
    3.2500000000E-01     3.7598284386E-10
    3.7500000000E-01     2.3598497331E-10
    4.2500000000E-01     1.4744448889E-10
    4.7500000000E-01     9.1914399284E-11
    5.2500000000E-01     5.7827193248E-11
    5.7500000000E-01     3.8417099904E-11
    6.2500000000E-01     3.0368786711E-11
    6.7500000000E-01     3.2741605899E-11
    7.2500000000E-01     4.6130787524E-11
    7.7500000000E-01     7.2581154999E-11
    8.2500000000E-01     1.1663240416E-10
    8.7500000000E-01     1.8700821750E-10
    9.2500000000E-01     2.9837716165E-10
    9.7500000000E-01     4.7373319595E-10
    1.0250000000E+00     7.4845438502E-10
    1.0750000000E+00     1.1766845801E-09
    1.1250000000E+00     1.8408479583E-09
    1.1750000000E+00     2.8657535391E-09
    1.2250000000E+00     4.4393842847E-09
    1.2750000000E+00     6.8433626482E-09
    1.3250000000E+00     1.0497338639E-08
    1.3750000000E+00     1.6023287447E-08
    1.4250000000E+00     2.4338103246E-08
    1.4750000000E+00     3.6786159473E-08
    1.5250000000E+00     5.5327966596E-08
    1.5750000000E+00     8.2807073173E-08
    1.6250000000E+00     1.2332540495E-07
    1.6750000000E+00     1.8276792475E-07
    1.7250000000E+00     2.6953157600E-07
    1.7750000000E+00     3.9553187216E-07
    1.8250000000E+00     5.7758433722E-07
    1.8750000000E+00     8.3928863652E-07
    1.9250000000E+00     1.2135822485E-06
    1.9750000000E+00     1.7461797525E-06
    2.0250000000E+00     2.5001753297E-06
    2.0750000000E+00     3.5621622012E-06
    2.1250000000E+00     5.0503159429E-06
    2.1750000000E+00     7.1250014988E-06
    2.2250000000E+00     1.0002598811E-05
    2.2750000000E+00     1.3973401626E-05
    2.3250000000E+00     1.9424630113E-05
    2.3750000000E+00     2.6869811553E-05
    2.4250000000E+00     3.6986024534E-05
    2.4750000000E+00     5.0660769102E-05
    2.5250000000E+00     6.9050514514E-05
    2.5750000000E+00     9.3653280946E-05
    2.6250000000E+00     1.2639792189E-04
    2.6750000000E+00     1.6975307604E-04
    2.7250000000E+00     2.2685903245E-04
    2.7750000000E+00     3.0168597718E-04
    2.8250000000E+00     3.9922223352E-04
    2.8750000000E+00     5.2569613668E-04
    2.9250000000E+00     6.8883505715E-04
    2.9750000000E+00     8.9816475841E-04
    3.0250000000E+00     1.1653516977E-03
    3.0750000000E+00     1.5045900005E-03
    3.1250000000E+00     1.9330336118E-03
    3.1750000000E+00     2.4712725082E-03
    3.2250000000E+00     3.1438497983E-03
    3.2750000000E+00     3.9798140386E-03
    3.3250000000E+00     5.0132981209E-03
    3.3750000000E+00     6.2841126869E-03
    3.4250000000E+00     7.8383382294E-03
    3.4750000000E+00     9.7288959371E-03
    3.5250000000E+00     1.2016073058E-02
    3.5750000000E+00     1.4767974253E-02
    3.6250000000E+00     1.8060866295E-02
    3.6750000000E+00     2.1979379805E-02
    3.7250000000E+00     2.6616528747E-02
    3.7750000000E+00     3.2073506512E-02
    3.8250000000E+00     3.8459216839E-02
    3.8750000000E+00     4.5889498964E-02
    3.9250000000E+00     5.4486009527E-02
    3.9750000000E+00     6.4374729099E-02
    4.0250000000E+00     7.5684069071E-02
    4.0750000000E+00     8.8542564959E-02
    4.1250000000E+00     1.0307615514E-01
    4.1750000000E+00     1.1940505927E-01
    4.2250000000E+00     1.3764028800E-01
    4.2750000000E+00     1.5787983461E-01
    4.3250000000E+00     1.8020461898E-01
    4.3750000000E+00     2.0467427459E-01
    4.4250000000E+00     2.3132288830E-01
    4.4750000000E+00     2.6015482054E-01
    4.5250000000E+00     2.9114074793E-01
    4.5750000000E+00     3.2421408132E-01
    4.6250000000E+00     3.5926791776E-01
    4.6750000000E+00     3.9615268505E-01
    4.7250000000E+00     4.3467463051E-01
    4.7750000000E+00     4.7459529214E-01
    4.8250000000E+00     5.1563206909E-01
    4.8750000000E+00     5.5745998073E-01
    4.9250000000E+00     5.9971466914E-01
    4.9750000000E+00     6.4199666014E-01
    5.0250000000E+00     6.8387685448E-01
    5.0750000000E+00     7.2490317438E-01
    5.1250000000E+00     7.6460824430E-01
    5.1750000000E+00     8.0251793985E-01
    5.2250000000E+00     8.3816059751E-01
    5.2750000000E+00     8.7107664271E-01
    5.3250000000E+00     9.0082836649E-01
    5.3750000000E+00     9.2700956287E-01
    5.4250000000E+00     9.4925473207E-01
    5.4750000000E+00     9.6724755905E-01
    5.5250000000E+00     9.8072839280E-01
    5.5750000000E+00     9.8950047938E-01
    5.6250000000E+00     9.9343473972E-01
    5.6750000000E+00     9.9247292987E-01
    5.7250000000E+00     9.8662907575E-01
    5.7750000000E+00     9.7598913286E-01
    5.8250000000E+00     9.6070888251E-01
    5.8750000000E+00     9.4101013665E-01
    5.9250000000E+00     9.1717538035E-01
    5.9750000000E+00     8.8954103296E-01
    6.0250000000E+00     8.5848955246E-01
    6.0750000000E+00     8.2444064194E-01
    6.1250000000E+00     7.8784184019E-01
    6.1750000000E+00     7.4915879030E-01
    6.2250000000E+00     7.0886547998E-01
    6.2750000000E+00     6.6743473612E-01
    6.3250000000E+00     6.2532923432E-01
    6.3750000000E+00     5.8299325355E-01
    6.4250000000E+00     5.4084536858E-01
    6.4750000000E+00     4.9927222960E-01
    6.5250000000E+00     4.5862353289E-01
    6.5750000000E+00     4.1920823956E-01
    6.6250000000E+00     3.8129205386E-01
    6.6750000000E+00     3.4509613019E-01
    6.7250000000E+00     3.1079694000E-01
    6.7750000000E+00     2.7852719785E-01
    6.8250000000E+00     2.4837772033E-01
    6.8750000000E+00     2.2040007352E-01
    6.9250000000E+00     1.9460985337E-01
    6.9750000000E+00     1.7099043945E-01
    7.0250000000E+00     1.4949706440E-01
    7.0750000000E+00     1.3006104974E-01
    7.1250000000E+00     1.1259407045E-01
    7.1750000000E+00     9.6992327306E-02
    7.2250000000E+00     8.3140523946E-02
    7.2750000000E+00     7.0915565637E-02
    7.3250000000E+00     6.0189916918E-02
    7.3750000000E+00     5.0834574875E-02
    7.4250000000E+00     4.2721633373E-02
    7.4750000000E+00     3.5726430189E-02
    7.5250000000E+00     2.9729283416E-02
    7.5750000000E+00     2.4616835515E-02
    7.6250000000E+00     2.0283032777E-02
    7.6750000000E+00     1.6629774829E-02
    7.7250000000E+00     1.3567273329E-02
    7.7750000000E+00     1.1014161271E-02
    7.8250000000E+00     8.8973947799E-03
    7.8750000000E+00     7.1519881315E-03
    7.9250000000E+00     5.7206203429E-03
    7.9750000000E+00     4.5531484062E-03
    8.0250000000E+00     3.6060583254E-03
    8.0750000000E+00     2.8418808850E-03
    8.1250000000E+00     2.2285947367E-03
    8.1750000000E+00     1.7390351416E-03
    8.2250000000E+00     1.3503226928E-03
    8.2750000000E+00     1.0433226782E-03
    8.3250000000E+00     8.0214249531E-04
    8.3750000000E+00     6.1367173485E-04
    8.4250000000E+00     4.6716721597E-04
    8.4750000000E+00     3.5388337472E-04
    8.5250000000E+00     2.6674694244E-04
    8.5750000000E+00     2.0007376784E-04
    8.6250000000E+00     1.4932488405E-04
    8.6750000000E+00     1.1089845077E-04
    8.7250000000E+00     8.1953961901E-05
    8.7750000000E+00     6.0265051607E-05
    8.8250000000E+00     4.4097314379E-05
    8.8750000000E+00     3.2107737331E-05
    8.9250000000E+00     2.3262593869E-05
    8.9750000000E+00     1.6770938890E-05
    9.0250000000E+00     1.2031155479E-05
    9.0750000000E+00     8.5883147264E-06
    9.1250000000E+00     6.1004115794E-06
    9.1750000000E+00     4.3118219649E-06
    9.2250000000E+00     3.0325846137E-06
    9.2750000000E+00     2.1223420629E-06
    9.3250000000E+00     1.4779784724E-06
    9.3750000000E+00     1.0241676004E-06
    9.4250000000E+00     7.0619409209E-07
    9.4750000000E+00     4.8453725567E-07
    9.5250000000E+00     3.3081122983E-07
    9.5750000000E+00     2.2474146700E-07
    9.6250000000E+00     1.5192736428E-07
    9.6750000000E+00     1.0219709384E-07
    9.7250000000E+00     6.8405459534E-08
    9.7750000000E+00     4.5560930560E-08
    9.8250000000E+00     3.0195618879E-08
    9.8750000000E+00     1.9913368905E-08
    9.9250000000E+00     1.3067572691E-08
    9.9750000000E+00     8.5328560204E-09
