#t= 3.720000
    2.5000000000E-02     5.9352078702E-03
    7.5000000000E-02     7.2969093721E-03
    1.2500000000E-01     8.9326719685E-03
    1.7500000000E-01     1.0888363905E-02
    2.2500000000E-01     1.3215453417E-02
    2.7500000000E-01     1.5971257055E-02
    3.2500000000E-01     1.9219102875E-02
    3.7500000000E-01     2.3028385581E-02
    4.2500000000E-01     2.7474489464E-02
    4.7500000000E-01     3.2638554316E-02
    5.2500000000E-01     3.8607059744E-02
    5.7500000000E-01     4.5471204388E-02
    6.2500000000E-01     5.3326058872E-02
    6.7500000000E-01     6.2269474742E-02
    7.2500000000E-01     7.2400736464E-02
    7.7500000000E-01     8.3818949651E-02
    8.2500000000E-01     9.6621166134E-02
    8.7500000000E-01     1.1090025518E-01
    9.2500000000E-01     1.2674253985E-01
    9.7500000000E-01     1.4422522820E-01
    1.0250000000E+00     1.6341367991E-01
    1.0750000000E+00     1.8435856056E-01
    1.1250000000E+00     2.0709294634E-01
    1.1750000000E+00     2.3162945248E-01
    1.2250000000E+00     2.5795746744E-01
    1.2750000000E+00     2.8604058178E-01
    1.3250000000E+00     3.1581430558E-01
    1.3750000000E+00     3.4718416973E-01
    1.4250000000E+00     3.8002430493E-01
    1.4750000000E+00     4.1417658752E-01
    1.5250000000E+00     4.4945043177E-01
    1.5750000000E+00     4.8562329634E-01
    1.6250000000E+00     5.2244195579E-01
    1.6750000000E+00     5.5962456872E-01
    1.7250000000E+00     5.9686355166E-01
    1.7750000000E+00     6.3382924319E-01
    1.8250000000E+00     6.7017431688E-01
    1.8750000000E+00     7.0553887541E-01
    1.9250000000E+00     7.3955613243E-01
    1.9750000000E+00     7.7185856479E-01
    2.0250000000E+00     8.0208439666E-01
    2.0750000000E+00     8.2988425940E-01
    2.1250000000E+00     8.5492785857E-01
    2.1750000000E+00     8.7691047163E-01
    2.2250000000E+00     8.9555909898E-01
    2.2750000000E+00     9.1063809506E-01
    2.3250000000E+00     9.2195411766E-01
    2.3750000000E+00     9.2936025033E-01
    2.4250000000E+00     9.3275917496E-01
    2.4750000000E+00     9.3210529896E-01
    2.5250000000E+00     9.2740577198E-01
    2.5750000000E+00     9.1872036057E-01
    2.6250000000E+00     9.0616018367E-01
    2.6750000000E+00     8.8988534620E-01
    2.7250000000E+00     8.7010154144E-01
    2.7750000000E+00     8.4705572279E-01
    2.8250000000E+00     8.2103097249E-01
    2.8750000000E+00     7.9234071618E-01
    2.9250000000E+00     7.6132244875E-01
    2.9750000000E+00     7.2833114666E-01
    3.0250000000E+00     6.9373254594E-01
    3.0750000000E+00     6.5789646267E-01
    3.1250000000E+00     6.2119032427E-01
    3.1750000000E+00     5.8397306635E-01
    3.2250000000E+00     5.4658953153E-01
    3.2750000000E+00     5.0936548468E-01
    3.3250000000E+00     4.7260333419E-01
    3.3750000000E+00     4.3657862302E-01
    3.4250000000E+00     4.0153732602E-01
    3.4750000000E+00     3.6769396439E-01
    3.5250000000E+00     3.3523052301E-01
    3.5750000000E+00     3.0429613426E-01
    3.6250000000E+00     2.7500747241E-01
    3.6750000000E+00     2.4744978690E-01
    3.7250000000E+00     2.2167849047E-01
    3.7750000000E+00     1.9772121000E-01
    3.8250000000E+00     1.7558020325E-01
    3.8750000000E+00     1.5523504426E-01
    3.9250000000E+00     1.3664548215E-01
    3.9750000000E+00     1.1975438382E-01
    4.0250000000E+00     1.0449067857E-01
    4.0750000000E+00     9.0772232023E-02
    4.1250000000E+00     7.8508587853E-02
    4.1750000000E+00     6.7603526746E-02
    4.2250000000E+00     5.7957404168E-02
    4.2750000000E+00     4.9469239539E-02
    4.3250000000E+00     4.2038540324E-02
    4.3750000000E+00     3.5566854333E-02
    4.4250000000E+00     2.9959052138E-02
    4.4750000000E+00     2.5124348852E-02
    4.5250000000E+00     2.0977080467E-02
    4.5750000000E+00     1.7437254479E-02
    4.6250000000E+00     1.4430897731E-02
    4.6750000000E+00     1.1890226377E-02
    4.7250000000E+00     9.7536637092E-03
    4.7750000000E+00     7.9657314686E-03
    4.8250000000E+00     6.4768393493E-03
    4.8750000000E+00     5.2429958794E-03
    4.9250000000E+00     4.2254618545E-03
    4.9750000000E+00     3.3903651999E-03
    5.0250000000E+00     2.7082936680E-03
    5.0750000000E+00     2.1538792542E-03
    5.1250000000E+00     1.7053857425E-03
    5.1750000000E+00     1.3443084481E-03
    5.2250000000E+00     1.0549930611E-03
    5.2750000000E+00     8.2427855988E-04
    5.3250000000E+00     6.4116746883E-04
    5.3750000000E+00     4.9652529737E-04
    5.4250000000E+00     3.8280980827E-04
    5.4750000000E+00     2.9382981325E-04
    5.5250000000E+00     2.2453246182E-04
    5.5750000000E+00     1.7081745393E-04
    5.6250000000E+00     1.2937624102E-04
    5.6750000000E+00     9.7554058606E-05
    5.7250000000E+00     7.3232529710E-05
    5.7750000000E+00     5.4730568909E-05
    5.8250000000E+00     4.0721378586E-05
    5.8750000000E+00     3.0163443344E-05
    5.9250000000E+00     2.2243578161E-05
    5.9750000000E+00     1.6330257133E-05
    6.0250000000E+00     1.1935631131E-05
    6.0750000000E+00     8.6848255517E-06
    6.1250000000E+00     6.2912871628E-06
    6.1750000000E+00     4.5371169111E-06
    6.2250000000E+00     3.2574805945E-06
    6.2750000000E+00     2.3283296244E-06
    6.3250000000E+00     1.6567890085E-06
    6.3750000000E+00     1.1736792174E-06
    6.4250000000E+00     8.2773334186E-07
    6.4750000000E+00     5.8115190720E-07
    6.5250000000E+00     4.0620609193E-07
    6.5750000000E+00     2.8265724490E-07
    6.6250000000E+00     1.9580787230E-07
    6.6750000000E+00     1.3503800640E-07
    6.7250000000E+00     9.2712324392E-08
    6.7750000000E+00     6.3368705552E-08
    6.8250000000E+00     4.3119124478E-08
    6.8750000000E+00     2.9209778839E-08
    6.9250000000E+00     1.9699918518E-08
    6.9750000000E+00     1.3228641199E-08
    7.0250000000E+00     8.8465014647E-09
    7.0750000000E+00     5.8946059570E-09
    7.1250000000E+00     3.9183126682E-09
    7.1750000000E+00     2.6060231033E-09
    7.2250000000E+00     1.7460972669E-09
    7.2750000000E+00     1.1968284817E-09
    7.3250000000E+00     8.6584271364E-10
    7.3750000000E+00     6.9635736141E-10
    7.4250000000E+00     6.5854367294E-10
    7.4750000000E+00     7.4486163218E-10
    7.5250000000E+00     9.6873834031E-10
    7.5750000000E+00     1.3663925749E-09
    7.6250000000E+00     2.0020153362E-09
    7.6750000000E+00     2.9769424585E-09
    7.7250000000E+00     4.4439456895E-09
    7.7750000000E+00     6.6283727584E-09
    7.8250000000E+00     9.8586431534E-09
    7.8750000000E+00     1.4609625650E-08
    7.9250000000E+00     2.1563774501E-08
    7.9750000000E+00     3.1696694799E-08
    8.0250000000E+00     4.6396183996E-08
    8.0750000000E+00     6.7626932094E-08
    8.1250000000E+00     9.8157177700E-08
    8.1750000000E+00     1.4186898425E-07
    8.2250000000E+00     2.0418075613E-07
    8.2750000000E+00     2.9261956701E-07
    8.3250000000E+00     4.1759231572E-07
    8.3750000000E+00     5.9341924423E-07
    8.4250000000E+00     8.3971163826E-07
    8.4750000000E+00     1.1831983818E-06
    8.5250000000E+00     1.6601343644E-06
    8.5750000000E+00     2.3194585647E-06
    8.6250000000E+00     3.2269120747E-06
    8.6750000000E+00     4.4703775812E-06
    8.7250000000E+00     6.1667631244E-06
    8.7750000000E+00     8.4708255319E-06
    8.8250000000E+00     1.1586413925E-05
    8.8750000000E+00     1.5780712082E-05
    8.9250000000E+00     2.1402170862E-05
    8.9750000000E+00     2.8902948599E-05
    9.0250000000E+00     3.8866817844E-05
    9.0750000000E+00     5.2043649891E-05
    9.1250000000E+00     6.9391751712E-05
    9.1750000000E+00     9.2129499511E-05
    9.2250000000E+00     1.2179788380E-04
    9.2750000000E+00     1.6033574531E-04
    9.3250000000E+00     2.1016962989E-04
    9.3750000000E+00     2.7432031177E-04
    9.4250000000E+00     3.5652811426E-04
    9.4750000000E+00     4.6139917747E-04
    9.5250000000E+00     5.9457476575E-04
    9.5750000000E+00     7.6292555025E-04
    9.6250000000E+00     9.7477252227E-04
    9.6750000000E+00     1.2401357658E-03
    9.7250000000E+00     1.5710117191E-03
    9.7750000000E+00     1.9816787611E-03
    9.8250000000E+00     2.4890299526E-03
    9.8750000000E+00     3.1129305215E-03
    9.9250000000E+00     3.8765962096E-03
    9.9750000000E+00     4.8069868824E-03
