#t= 3.000000
    2.5000000000E-02     1.0000000000E+00
    7.5000000000E-02     1.0000000000E+00
    1.2500000000E-01     1.0000000000E+00
    1.7500000000E-01     1.0000000000E+00
    2.2500000000E-01     1.0000000000E+00
    2.7500000000E-01     1.0000000000E+00
    3.2500000000E-01     1.0000000000E+00
    3.7500000000E-01     1.0000000000E+00
    4.2500000000E-01     1.0000000000E+00
    4.7500000000E-01     1.0000000000E+00
    5.2500000000E-01     1.0000000000E+00
    5.7500000000E-01     1.0000000000E+00
    6.2500000000E-01     1.0000000000E+00
    6.7500000000E-01     1.0000000000E+00
    7.2500000000E-01     1.0000000000E+00
    7.7500000000E-01     1.0000000000E+00
    8.2500000000E-01     1.0000000000E+00
    8.7500000000E-01     1.0000000000E+00
    9.2500000000E-01     1.0000000000E+00
    9.7500000000E-01     1.0000000000E+00
    1.0250000000E+00     1.0000000000E+00
    1.0750000000E+00     1.0000000000E+00
    1.1250000000E+00     1.0000000000E+00
    1.1750000000E+00     1.0000000000E+00
    1.2250000000E+00     1.0000000000E+00
    1.2750000000E+00     1.0000000000E+00
    1.3250000000E+00     1.0000000000E+00
    1.3750000000E+00     1.0000000000E+00
    1.4250000000E+00     1.0000000000E+00
    1.4750000000E+00     1.0000000000E+00
    1.5250000000E+00     1.0000000000E+00
    1.5750000000E+00     1.0000000000E+00
    1.6250000000E+00     1.0000000000E+00
    1.6750000000E+00     1.0000000000E+00
    1.7250000000E+00     1.0000000000E+00
    1.7750000000E+00     1.0000000000E+00
    1.8250000000E+00     1.0000000000E+00
    1.8750000000E+00     1.0000000000E+00
    1.9250000000E+00     1.0000000000E+00
    1.9750000000E+00     1.0000000000E+00
    2.0250000000E+00     1.0000000000E+00
    2.0750000000E+00     1.0000000000E+00
    2.1250000000E+00     1.0000000000E+00
    2.1750000000E+00     1.0000000000E+00
    2.2250000000E+00     1.0000000000E+00
    2.2750000000E+00     1.0000000000E+00
    2.3250000000E+00     1.0000000000E+00
    2.3750000000E+00     1.0000000000E+00
    2.4250000000E+00     1.0000000000E+00
    2.4750000000E+00     1.0000000000E+00
    2.5250000000E+00     1.0000000000E+00
    2.5750000000E+00     1.0000000000E+00
    2.6250000000E+00     1.0000000000E+00
    2.6750000000E+00     1.0000000000E+00
    2.7250000000E+00     1.0000000000E+00
    2.7750000000E+00     1.0000000000E+00
    2.8250000000E+00     1.0000000000E+00
    2.8750000000E+00     1.0000000000E+00
    2.9250000000E+00     1.0000000000E+00
    2.9750000000E+00     1.0000000000E+00
    3.0250000000E+00     1.0000000000E+00
    3.0750000000E+00     1.0000000000E+00
    3.1250000000E+00     1.0000000000E+00
    3.1750000000E+00     1.0000000000E+00
    3.2250000000E+00     1.0000000000E+00
    3.2750000000E+00     1.0000000000E+00
    3.3250000000E+00     1.0000000000E+00
    3.3750000000E+00     1.0000000000E+00
    3.4250000000E+00     1.0000000000E+00
    3.4750000000E+00     1.0000000000E+00
    3.5250000000E+00     1.0000000000E+00
    3.5750000000E+00     1.0000000000E+00
    3.6250000000E+00     1.0000000000E+00
    3.6750000000E+00     1.0000000000E+00
    3.7250000000E+00     1.0000000000E+00
    3.7750000000E+00     1.0000000000E+00
    3.8250000000E+00     1.0000000000E+00
    3.8750000000E+00     1.0000000000E+00
    3.9250000000E+00     1.0000000000E+00
    3.9750000000E+00     1.0000000000E+00
    4.0250000000E+00     1.0000000000E+00
    4.0750000000E+00     1.0000000000E+00
    4.1250000000E+00     1.0000000000E+00
    4.1750000000E+00     9.9999999999E-01
    4.2250000000E+00     9.9999999998E-01
    4.2750000000E+00     9.9999999993E-01
    4.3250000000E+00     9.9999999977E-01
    4.3750000000E+00     9.9999999932E-01
    4.4250000000E+00     9.9999999802E-01
    4.4750000000E+00     9.9999999442E-01
    4.5250000000E+00     9.9999998465E-01
    4.5750000000E+00     9.9999995891E-01
    4.6250000000E+00     9.9999989293E-01
    4.6750000000E+00     9.9999972849E-01
    4.7250000000E+00     9.9999933002E-01
    4.7750000000E+00     9.9999839145E-01
    4.8250000000E+00     9.9999624301E-01
    4.8750000000E+00     9.9999146467E-01
    4.9250000000E+00     9.9998114143E-01
    4.9750000000E+00     9.9995948309E-01
    5.0250000000E+00     9.9991536846E-01
    5.0750000000E+00     9.9982816019E-01
    5.1250000000E+00     9.9966089300E-01
    5.1750000000E+00     9.9934972648E-01
    5.2250000000E+00     9.9878849159E-01
    5.2750000000E+00     9.9780743173E-01
    5.3250000000E+00     9.9614607671E-01
    5.3750000000E+00     9.9342181506E-01
    5.4250000000E+00     9.8909824425E-01
    5.4750000000E+00     9.8246059527E-01
    5.5250000000E+00     9.7260882137E-01
    5.5750000000E+00     9.5848116608E-01
    5.6250000000E+00     9.3892064922E-01
    5.6750000000E+00     9.1279240978E-01
    5.7250000000E+00     8.7915039595E-01
    5.7750000000E+00     8.3743814648E-01
    5.8250000000E+00     7.8769303376E-01
    5.8750000000E+00     7.3071090645E-01
    5.9250000000E+00     6.6812398480E-01
    5.9750000000E+00     6.0235343280E-01
    6.0250000000E+00     5.3642026022E-01
    6.0750000000E+00     4.7363029599E-01
    6.1250000000E+00     4.1718251812E-01
    6.1750000000E+00     3.6977434318E-01
    6.2250000000E+00     3.3328346694E-01
    6.2750000000E+00     3.0858988611E-01
    6.3250000000E+00     2.9556774104E-01
    6.3750000000E+00     2.9323509001E-01
    6.4250000000E+00     3.0001383766E-01
    6.4750000000E+00     3.1403254443E-01
    6.5250000000E+00     3.3340603325E-01
    6.5750000000E+00     3.5644429749E-01
    6.6250000000E+00     3.8177048142E-01
    6.6750000000E+00     4.0835360825E-01
    6.7250000000E+00     4.3547890721E-01
    6.7750000000E+00     4.6268446401E-01
    6.8250000000E+00     4.8968939314E-01
    6.8750000000E+00     5.1633016670E-01
    6.9250000000E+00     5.4251255904E-01
    6.9750000000E+00     5.6817976409E-01
    7.0250000000E+00     5.9329353689E-01
    7.0750000000E+00     6.1782419003E-01
    7.1250000000E+00     6.4174583041E-01
    7.1750000000E+00     6.6503433071E-01
    7.2250000000E+00     6.8766656545E-01
    7.2750000000E+00     7.0962016497E-01
    7.3250000000E+00     7.3087345655E-01
    7.3750000000E+00     7.5140546447E-01
    7.4250000000E+00     7.7119592593E-01
    7.4750000000E+00     7.9022531013E-01
    7.5250000000E+00     8.0847483735E-01
    7.5750000000E+00     8.2592649752E-01
    7.6250000000E+00     8.4256306795E-01
    7.6750000000E+00     8.5836813035E-01
    7.7250000000E+00     8.7332608704E-01
    7.7750000000E+00     8.8742217633E-01
    7.8250000000E+00     9.0064248706E-01
    7.8750000000E+00     9.1297397239E-01
    7.9250000000E+00     9.2440446264E-01
    7.9750000000E+00     9.3492267729E-01
    8.0250000000E+00     9.4451823613E-01
    8.0750000000E+00     9.5318166951E-01
    8.1250000000E+00     9.6090442765E-01
    8.1750000000E+00     9.6767888914E-01
    8.2250000000E+00     9.7349836839E-01
    8.2750000000E+00     9.7835712229E-01
    8.3250000000E+00     9.8225035582E-01
    8.3750000000E+00     9.8517422684E-01
    8.4250000000E+00     9.8712584984E-01
    8.4750000000E+00     9.8810329881E-01
    8.5250000000E+00     9.8810560911E-01
    8.5750000000E+00     9.8713277847E-01
    8.6250000000E+00     9.8518576696E-01
    8.6750000000E+00     9.8226649604E-01
    8.7250000000E+00     9.7837784668E-01
    8.7750000000E+00     9.7352365650E-01
    8.8250000000E+00     9.6770871601E-01
    8.8750000000E+00     9.6093876385E-01
    8.9250000000E+00     9.5322048115E-01
    8.9750000000E+00     9.4456148492E-01
    9.0250000000E+00     9.3497032053E-01
    9.0750000000E+00     9.2445645333E-01
    9.1250000000E+00     9.1303025921E-01
    9.1750000000E+00     9.0070301446E-01
    9.2250000000E+00     8.8748688457E-01
    9.2750000000E+00     8.7339491228E-01
    9.3250000000E+00     8.5844100466E-01
    9.3750000000E+00     8.4263991941E-01
    9.4250000000E+00     8.2600725029E-01
    9.4750000000E+00     8.0855941173E-01
    9.5250000000E+00     7.9031362266E-01
    9.5750000000E+00     7.7128788946E-01
    9.6250000000E+00     7.5150098823E-01
    9.6750000000E+00     7.3097244625E-01
    9.7250000000E+00     7.0972252272E-01
    9.7750000000E+00     6.8777218875E-01
    9.8250000000E+00     6.6514310666E-01
    9.8750000000E+00     6.4185760863E-01
    9.9250000000E+00     6.1793867463E-01
    9.9750000000E+00     5.9340990977E-01
