#t= 0.800000
    2.5000000000E-02     1.1163425772E-05
    7.5000000000E-02     7.9833102016E-06
    1.2500000000E-01     5.6813481827E-06
    1.7500000000E-01     4.0234861663E-06
    2.2500000000E-01     2.8355423897E-06
    2.7500000000E-01     1.9886214569E-06
    3.2500000000E-01     1.3878747151E-06
    3.7500000000E-01     9.6389647614E-07
    4.2500000000E-01     6.6618113275E-07
    4.7500000000E-01     4.5817975231E-07
    5.2500000000E-01     3.1358906294E-07
    5.7500000000E-01     2.1358325117E-07
    6.2500000000E-01     1.4476199921E-07
    6.7500000000E-01     9.7638897527E-08
    7.2500000000E-01     6.5534788164E-08
    7.7500000000E-01     4.3772514354E-08
    8.2500000000E-01     2.9094538424E-08
    8.7500000000E-01     1.9244279540E-08
    9.2500000000E-01     1.2666944659E-08
    9.7500000000E-01     8.2970163625E-09
    1.0250000000E+00     5.4081871802E-09
    1.0750000000E+00     3.5080120905E-09
    1.1250000000E+00     2.2643852945E-09
    1.1750000000E+00     1.4545264116E-09
    1.2250000000E+00     9.2979213099E-10
    1.2750000000E+00     5.9154989502E-10
    1.3250000000E+00     3.7474240343E-10
    1.3750000000E+00     2.3677288288E-10
    1.4250000000E+00     1.5005360314E-10
    1.4750000000E+00     9.7061623410E-11
    1.5250000000E+00     6.7098811469E-11
    1.5750000000E+00     5.4211590245E-11
    1.6250000000E+00     5.5931720257E-11
    1.6750000000E+00     7.2672235510E-11
    1.7250000000E+00     1.0774526603E-10
    1.7750000000E+00     1.6804740936E-10
    1.8250000000E+00     2.6550061697E-10
    1.8750000000E+00     4.1940215304E-10
    1.9250000000E+00     6.5998873865E-10
    1.9750000000E+00     1.0337700857E-09
    2.0250000000E+00     1.6115048795E-09
    2.0750000000E+00     2.5000713351E-09
    2.1250000000E+00     3.8599859582E-09
    2.1750000000E+00     5.9310478107E-09
    2.2250000000E+00     9.0696249496E-09
    2.2750000000E+00     1.3802547864E-08
    2.3250000000E+00     2.0904561009E-08
    2.3750000000E+00     3.1508993059E-08
    2.4250000000E+00     4.7264982929E-08
    2.4750000000E+00     7.0559552808E-08
    2.5250000000E+00     1.0482944638E-07
    2.5750000000E+00     1.5499644865E-07
    2.6250000000E+00     2.2807149516E-07
    2.6750000000E+00     3.3398803013E-07
    2.7250000000E+00     4.8674471959E-07
    2.7750000000E+00     7.0596288970E-07
    2.8250000000E+00     1.0189962713E-06
    2.8750000000E+00     1.4637713389E-06
    2.9250000000E+00     2.0925875026E-06
    2.9750000000E+00     2.9771696322E-06
    3.0250000000E+00     4.2153430125E-06
    3.0750000000E+00     5.9397951412E-06
    3.1250000000E+00     8.3295020878E-06
    3.1750000000E+00     1.1624531645E-05
    3.2250000000E+00     1.6145093139E-05
    3.2750000000E+00     2.2315885942E-05
    3.3250000000E+00     3.0697005939E-05
    3.3750000000E+00     4.2022900925E-05
    3.4250000000E+00     5.7251119720E-05
    3.4750000000E+00     7.7622871366E-05
    3.5250000000E+00     1.0473769300E-04
    3.5750000000E+00     1.4064480738E-04
    3.6250000000E+00     1.8795401964E-04
    3.6750000000E+00     2.4996923865E-04
    3.7250000000E+00     3.3084788884E-04
    3.7750000000E+00     4.3578957387E-04
    3.8250000000E+00     5.7125733281E-04
    3.8750000000E+00     7.4523465181E-04
    3.9250000000E+00     9.6752102101E-04
    3.9750000000E+00     1.2500682100E-03
    4.0250000000E+00     1.6073585331E-03
    4.0750000000E+00     2.0568251426E-03
    4.1250000000E+00     2.6193127866E-03
    4.1750000000E+00     3.3195754697E-03
    4.2250000000E+00     4.1868050378E-03
    4.2750000000E+00     5.2551818828E-03
    4.3250000000E+00     6.5644357448E-03
    4.3750000000E+00     8.1604010323E-03
    4.4250000000E+00     1.0095547277E-02
    4.4750000000E+00     1.2429461390E-02
    4.5250000000E+00     1.5229254481E-02
    4.5750000000E+00     1.8569862271E-02
    4.6250000000E+00     2.2534204921E-02
    4.6750000000E+00     2.7213169508E-02
    4.7250000000E+00     3.2705376862E-02
    4.7750000000E+00     3.9116694208E-02
    4.8250000000E+00     4.6559456360E-02
    4.8750000000E+00     5.5151361401E-02
    4.9250000000E+00     6.5014012003E-02
    4.9750000000E+00     7.6271081024E-02
    5.0250000000E+00     8.9046089838E-02
    5.0750000000E+00     1.0345979989E-01
    5.1250000000E+00     1.1962723225E-01
    5.1750000000E+00     1.3765434598E-01
    5.2250000000E+00     1.5763442362E-01
    5.2750000000E+00     1.7964423027E-01
    5.3250000000E+00     2.0374003156E-01
    5.3750000000E+00     2.2995357275E-01
    5.4250000000E+00     2.5828813806E-01
    5.4750000000E+00     2.8871482190E-01
    5.5250000000E+00     3.2116915401E-01
    5.5750000000E+00     3.5554822539E-01
    5.6250000000E+00     3.9170846181E-01
    5.6750000000E+00     4.2946418564E-01
    5.7250000000E+00     4.6858709412E-01
    5.7750000000E+00     5.0880676316E-01
    5.8250000000E+00     5.4981226024E-01
    5.8750000000E+00     5.9125491892E-01
    5.9250000000E+00     6.3275229117E-01
    5.9750000000E+00     6.7389325369E-01
    6.0250000000E+00     7.1424420242E-01
    6.0750000000E+00     7.5335622633E-01
    6.1250000000E+00     7.9077311038E-01
    6.1750000000E+00     8.2603997921E-01
    6.2250000000E+00     8.5871236008E-01
    6.2750000000E+00     8.8836541757E-01
    6.3250000000E+00     9.1460309477E-01
    6.3750000000E+00     9.3706688789E-01
    6.4250000000E+00     9.5544398344E-01
    6.4750000000E+00     9.6947450027E-01
    6.5250000000E+00     9.7895760242E-01
    6.5750000000E+00     9.8375628189E-01
    6.6250000000E+00     9.8380065197E-01
    6.6750000000E+00     9.7908964078E-01
    6.7250000000E+00     9.6969102748E-01
    6.7750000000E+00     9.5573981955E-01
    6.8250000000E+00     9.3743502559E-01
    6.8750000000E+00     9.1503493138E-01
    6.9250000000E+00     8.8885103591E-01
    6.9750000000E+00     8.5924084648E-01
    7.0250000000E+00     8.2659976555E-01
    7.0750000000E+00     7.9135232654E-01
    7.1250000000E+00     7.5394304916E-01
    7.1750000000E+00     7.1482718839E-01
    7.2250000000E+00     6.7446164323E-01
    7.2750000000E+00     6.3329627478E-01
    7.3250000000E+00     5.9176585711E-01
    7.3750000000E+00     5.5028285171E-01
    7.4250000000E+00     5.0923115837E-01
    7.4750000000E+00     4.6896095353E-01
    7.5250000000E+00     4.2978468460E-01
    7.5750000000E+00     3.9197424599E-01
    7.6250000000E+00     3.5575932228E-01
    7.6750000000E+00     3.2132684772E-01
    7.7250000000E+00     2.8882149899E-01
    7.7750000000E+00     2.5834711296E-01
    7.8250000000E+00     2.2996890098E-01
    7.8750000000E+00     2.0371631902E-01
    7.9250000000E+00     1.7958644591E-01
    7.9750000000E+00     1.5754772183E-01
    8.0250000000E+00     1.3754390417E-01
    8.0750000000E+00     1.1949810755E-01
    8.1250000000E+00     1.0331680784E-01
    8.1750000000E+00     8.8893706552E-02
    8.2250000000E+00     7.6113369247E-02
    8.2750000000E+00     6.4854570430E-02
    8.3250000000E+00     5.4993295792E-02
    8.3750000000E+00     4.6405370290E-02
    8.4250000000E+00     3.8968696861E-02
    8.4750000000E+00     3.2565104969E-02
    8.5250000000E+00     2.7081820414E-02
    8.5750000000E+00     2.2412577817E-02
    8.6250000000E+00     1.8458404779E-02
    8.6750000000E+00     1.5128112049E-02
    8.7250000000E+00     1.2338527266E-02
    8.7750000000E+00     1.0014511213E-02
    8.8250000000E+00     8.0887952534E-03
    8.8750000000E+00     6.5016770787E-03
    8.9250000000E+00     5.2006093225E-03
    8.9750000000E+00     4.1397123140E-03
    9.0250000000E+00     3.2792384932E-03
    9.0750000000E+00     2.5850120461E-03
    9.1250000000E+00     2.0278633216E-03
    9.1750000000E+00     1.5830737409E-03
    9.2250000000E+00     1.2298433064E-03
    9.2750000000E+00     9.5078956265E-04
    9.3250000000E+00     7.3148400232E-04
    9.3750000000E+00     5.6002946648E-04
    9.4250000000E+00     4.2668007198E-04
    9.4750000000E+00     3.2350358120E-04
    9.5250000000E+00     2.4408488927E-04
    9.5750000000E+00     1.8326839681E-04
    9.6250000000E+00     1.3693642002E-04
    9.6750000000E+00     1.0182041865E-04
    9.7250000000E+00     7.5341649490E-05
    9.7750000000E+00     5.5477837595E-05
    9.8250000000E+00     4.0652559905E-05
    9.8750000000E+00     2.9644222419E-05
    9.9250000000E+00     2.1511754715E-05
    9.9750000000E+00     1.5534419882E-05
