#t= 1.800000
    2.5000000000E-02     1.0000000000E+00
    7.5000000000E-02     1.0000000000E+00
    1.2500000000E-01     1.0000000000E+00
    1.7500000000E-01     1.0000000000E+00
    2.2500000000E-01     1.0000000000E+00
    2.7500000000E-01     1.0000000000E+00
    3.2500000000E-01     1.0000000000E+00
    3.7500000000E-01     1.0000000000E+00
    4.2500000000E-01     1.0000000000E+00
    4.7500000000E-01     1.0000000000E+00
    5.2500000000E-01     1.0000000000E+00
    5.7500000000E-01     1.0000000000E+00
    6.2500000000E-01     1.0000000000E+00
    6.7500000000E-01     1.0000000000E+00
    7.2500000000E-01     1.0000000000E+00
    7.7500000000E-01     1.0000000000E+00
    8.2500000000E-01     1.0000000000E+00
    8.7500000000E-01     1.0000000000E+00
    9.2500000000E-01     1.0000000000E+00
    9.7500000000E-01     1.0000000000E+00
    1.0250000000E+00     1.0000000000E+00
    1.0750000000E+00     1.0000000000E+00
    1.1250000000E+00     1.0000000000E+00
    1.1750000000E+00     1.0000000000E+00
    1.2250000000E+00     1.0000000000E+00
    1.2750000000E+00     1.0000000000E+00
    1.3250000000E+00     1.0000000000E+00
    1.3750000000E+00     1.0000000000E+00
    1.4250000000E+00     1.0000000000E+00
    1.4750000000E+00     1.0000000000E+00
    1.5250000000E+00     1.0000000000E+00
    1.5750000000E+00     1.0000000000E+00
    1.6250000000E+00     1.0000000000E+00
    1.6750000000E+00     1.0000000000E+00
    1.7250000000E+00     1.0000000000E+00
    1.7750000000E+00     1.0000000000E+00
    1.8250000000E+00     1.0000000000E+00
    1.8750000000E+00     1.0000000000E+00
    1.9250000000E+00     1.0000000000E+00
    1.9750000000E+00     1.0000000000E+00
    2.0250000000E+00     1.0000000000E+00
    2.0750000000E+00     1.0000000000E+00
    2.1250000000E+00     1.0000000000E+00
    2.1750000000E+00     9.9999999999E-01
    2.2250000000E+00     9.9999999995E-01
    2.2750000000E+00     9.9999999980E-01
    2.3250000000E+00     9.9999999919E-01
    2.3750000000E+00     9.9999999692E-01
    2.4250000000E+00     9.9999998880E-01
    2.4750000000E+00     9.9999996096E-01
    2.5250000000E+00     9.9999986975E-01
    2.5750000000E+00     9.9999958383E-01
    2.6250000000E+00     9.9999872690E-01
    2.6750000000E+00     9.9999627190E-01
    2.7250000000E+00     9.9998955123E-01
    2.7750000000E+00     9.9997197790E-01
    2.8250000000E+00     9.9992810719E-01
    2.8750000000E+00     9.9982359935E-01
    2.9250000000E+00     9.9958617686E-01
    2.9750000000E+00     9.9907212310E-01
    3.0250000000E+00     9.9801216132E-01
    3.0750000000E+00     9.9593241151E-01
    3.1250000000E+00     9.9205292709E-01
    3.1750000000E+00     9.8518010951E-01
    3.2250000000E+00     9.7362975572E-01
    3.2750000000E+00     9.5523924864E-01
    3.3250000000E+00     9.2753846765E-01
    3.3750000000E+00     8.8813288787E-01
    3.4250000000E+00     8.3529598779E-01
    3.4750000000E+00     7.6867430694E-01
    3.5250000000E+00     6.8990631854E-01
    3.5750000000E+00     6.0289867129E-01
    3.6250000000E+00     5.1354506450E-01
    3.6750000000E+00     4.2883392725E-01
    3.7250000000E+00     3.5552649916E-01
    3.7750000000E+00     2.9879221303E-01
    3.8250000000E+00     2.6124862761E-01
    3.8750000000E+00     2.4271568652E-01
    3.9250000000E+00     2.4071320092E-01
    3.9750000000E+00     2.5144602620E-01
    4.0250000000E+00     2.7087582853E-01
    4.0750000000E+00     2.9552859597E-01
    4.1250000000E+00     3.2287592914E-01
    4.1750000000E+00     3.5133349376E-01
    4.2250000000E+00     3.8003959143E-01
    4.2750000000E+00     4.0858349920E-01
    4.3250000000E+00     4.3678827130E-01
    4.3750000000E+00     4.6457779550E-01
    4.4250000000E+00     4.9191190772E-01
    4.4750000000E+00     5.1876100265E-01
    4.5250000000E+00     5.4509818459E-01
    4.5750000000E+00     5.7089742236E-01
    4.6250000000E+00     5.9613325330E-01
    4.6750000000E+00     6.2078077269E-01
    4.7250000000E+00     6.4481565640E-01
    4.7750000000E+00     6.6821418491E-01
    4.8250000000E+00     6.9095326670E-01
    4.8750000000E+00     7.1301046103E-01
    4.9250000000E+00     7.3436400012E-01
    4.9750000000E+00     7.5499281060E-01
    5.0250000000E+00     7.7487653432E-01
    5.0750000000E+00     7.9399554847E-01
    5.1250000000E+00     8.1233098486E-01
    5.1750000000E+00     8.2986474865E-01
    5.2250000000E+00     8.4657953612E-01
    5.2750000000E+00     8.6245885179E-01
    5.3250000000E+00     8.7748702471E-01
    5.3750000000E+00     8.9164922387E-01
    5.4250000000E+00     9.0493147290E-01
    5.4750000000E+00     9.1732066382E-01
    5.5250000000E+00     9.2880457000E-01
    5.5750000000E+00     9.3937185820E-01
    5.6250000000E+00     9.4901209978E-01
    5.6750000000E+00     9.5771578100E-01
    5.7250000000E+00     9.6547431237E-01
    5.7750000000E+00     9.7228003716E-01
    5.8250000000E+00     9.7812623894E-01
    5.8750000000E+00     9.8300714820E-01
    5.9250000000E+00     9.8691794810E-01
    5.9750000000E+00     9.8985477913E-01
    6.0250000000E+00     9.9181474300E-01
    6.0750000000E+00     9.9279590546E-01
    6.1250000000E+00     9.9279729822E-01
    6.1750000000E+00     9.9181891991E-01
    6.2250000000E+00     9.8986173608E-01
    6.2750000000E+00     9.8692767821E-01
    6.3250000000E+00     9.8301964189E-01
    6.3750000000E+00     9.7814148385E-01
    6.4250000000E+00     9.7229801827E-01
    6.4750000000E+00     9.6549501192E-01
    6.5250000000E+00     9.5773917857E-01
    6.5750000000E+00     9.4903817228E-01
    6.6250000000E+00     9.3940057989E-01
    6.6750000000E+00     9.2883591254E-01
    6.7250000000E+00     9.1735459628E-01
    6.7750000000E+00     9.0496796180E-01
    6.8250000000E+00     8.9168823319E-01
    6.8750000000E+00     8.7752851595E-01
    6.9250000000E+00     8.6250278401E-01
    6.9750000000E+00     8.4662586596E-01
    7.0250000000E+00     8.2991343039E-01
    7.0750000000E+00     8.1238197046E-01
    7.1250000000E+00     7.9404878760E-01
    7.1750000000E+00     7.7493197446E-01
    7.2250000000E+00     7.5505039702E-01
    7.2750000000E+00     7.3442367599E-01
    7.3250000000E+00     7.1307216747E-01
    7.3750000000E+00     6.9101694281E-01
    7.4250000000E+00     6.6827976785E-01
    7.4750000000E+00     6.4488308144E-01
    7.5250000000E+00     6.2084997329E-01
    7.5750000000E+00     5.9620416117E-01
    7.6250000000E+00     5.7096996752E-01
    7.6750000000E+00     5.4517229545E-01
    7.7250000000E+00     5.1883660415E-01
    7.7750000000E+00     4.9198888376E-01
    7.8250000000E+00     4.6465562973E-01
    7.8750000000E+00     4.3686381670E-01
    7.9250000000E+00     4.0864087183E-01
    7.9750000000E+00     3.8001464775E-01
    8.0250000000E+00     3.5101339509E-01
    8.0750000000E+00     3.2166573459E-01
    8.1250000000E+00     2.9200062884E-01
    8.1750000000E+00     2.6204735373E-01
    8.2250000000E+00     2.3183546952E-01
    8.2750000000E+00     2.0139479169E-01
    8.3250000000E+00     1.7075536151E-01
    8.3750000000E+00     1.3994741641E-01
    8.4250000000E+00     1.0900136010E-01
    8.4750000000E+00     7.7947732614E-02
    8.5250000000E+00     4.6817180124E-02
    8.5750000000E+00     1.5640424729E-02
    8.6250000000E+00    -1.5551765877E-02
    8.6750000000E+00    -4.6728608767E-02
    8.7250000000E+00    -7.7859336162E-02
    8.7750000000E+00    -1.0891322579E-01
    8.8250000000E+00    -1.3985963122E-01
    8.8750000000E+00    -1.7066801207E-01
    8.9250000000E+00    -2.0130796420E-01
    8.9750000000E+00    -2.3174924968E-01
    9.0250000000E+00    -2.6196182663E-01
    9.0750000000E+00    -2.9191587888E-01
    9.1250000000E+00    -3.2158184540E-01
    9.1750000000E+00    -3.5093044946E-01
    9.2250000000E+00    -3.7993272754E-01
    9.2750000000E+00    -4.0856005789E-01
    9.3250000000E+00    -4.3678418878E-01
    9.3750000000E+00    -4.6457726642E-01
    9.4250000000E+00    -4.9191186238E-01
    9.4750000000E+00    -5.1876100072E-01
    9.5250000000E+00    -5.4509818459E-01
    9.5750000000E+00    -5.7089742236E-01
    9.6250000000E+00    -5.9613325330E-01
    9.6750000000E+00    -6.2078077269E-01
    9.7250000000E+00    -6.4481565640E-01
    9.7750000000E+00    -6.6821418491E-01
    9.8250000000E+00    -6.9095326670E-01
    9.8750000000E+00    -7.1301046103E-01
    9.9250000000E+00    -7.3436400012E-01
    9.9750000000E+00    -7.5499281060E-01
