#t= 8.920000
    2.5000000000E-02     2.6149139490E-03
    7.5000000000E-02     3.2023911948E-03
    1.2500000000E-01     3.9078710517E-03
    1.7500000000E-01     4.7517554708E-03
    2.2500000000E-01     5.7572503242E-03
    2.7500000000E-01     6.9506027179E-03
    3.2500000000E-01     8.3613286259E-03
    3.7500000000E-01     1.0022423336E-02
    4.2500000000E-01     1.1970546090E-02
    4.7500000000E-01     1.4246169225E-02
    5.2500000000E-01     1.6893681177E-02
    5.7500000000E-01     1.9961431820E-02
    6.2500000000E-01     2.3501708044E-02
    6.7500000000E-01     2.7570627047E-02
    7.2500000000E-01     3.2227934804E-02
    7.7500000000E-01     3.7536697502E-02
    8.2500000000E-01     4.3562874504E-02
    8.7500000000E-01     5.0374762718E-02
    9.2500000000E-01     5.8042304026E-02
    9.7500000000E-01     6.6636249837E-02
    1.0250000000E+00     7.6227179784E-02
    1.0750000000E+00     8.6884375080E-02
    1.1250000000E+00     9.8674551133E-02
    1.1750000000E+00     1.1166045849E-01
    1.2250000000E+00     1.2589936609E-01
    1.2750000000E+00     1.4144144597E-01
    1.3250000000E+00     1.5832808376E-01
    1.3750000000E+00     1.7659014466E-01
    1.4250000000E+00     1.9624622935E-01
    1.4750000000E+00     2.1730095912E-01
    1.5250000000E+00     2.3974333306E-01
    1.5750000000E+00     2.6354520338E-01
    1.6250000000E+00     2.8865991692E-01
    1.6750000000E+00     3.1502117129E-01
    1.7250000000E+00     3.4254213386E-01
    1.7750000000E+00     3.7111486891E-01
    1.8250000000E+00     4.0061011505E-01
    1.8750000000E+00     4.3087744898E-01
    1.9250000000E+00     4.6174586478E-01
    1.9750000000E+00     4.9302478929E-01
    2.0250000000E+00     5.2450554425E-01
    2.0750000000E+00     5.5596325464E-01
    2.1250000000E+00     5.8715919110E-01
    2.1750000000E+00     6.1784352189E-01
    2.2250000000E+00     6.4775843732E-01
    2.2750000000E+00     6.7664159798E-01
    2.3250000000E+00     7.0422984638E-01
    2.3750000000E+00     7.3026311186E-01
    2.4250000000E+00     7.5448843008E-01
    2.4750000000E+00     7.7666399169E-01
    2.5250000000E+00     7.9656313099E-01
    2.5750000000E+00     8.1397816310E-01
    2.6250000000E+00     8.2872397940E-01
    2.6750000000E+00     8.4064131464E-01
    2.7250000000E+00     8.4959960512E-01
    2.7750000000E+00     8.5549936654E-01
    2.8250000000E+00     8.5827403087E-01
    2.8750000000E+00     8.5789119507E-01
    2.9250000000E+00     8.5435324876E-01
    2.9750000000E+00     8.4769736402E-01
    3.0250000000E+00     8.3799484667E-01
    3.0750000000E+00     8.2534986482E-01
    3.1250000000E+00     8.0989758643E-01
    3.1750000000E+00     7.9180177232E-01
    3.2250000000E+00     7.7125188487E-01
    3.2750000000E+00     7.4845978351E-01
    3.3250000000E+00     7.2365608800E-01
    3.3750000000E+00     6.9708629651E-01
    3.4250000000E+00     6.6900674999E-01
    3.4750000000E+00     6.3968053534E-01
    3.5250000000E+00     6.0937341830E-01
    3.5750000000E+00     5.7834989311E-01
    3.6250000000E+00     5.4686942949E-01
    3.6750000000E+00     5.1518298890E-01
    3.7250000000E+00     4.8352987208E-01
    3.7750000000E+00     4.5213494819E-01
    3.8250000000E+00     4.2120630375E-01
    3.8750000000E+00     3.9093333679E-01
    3.9250000000E+00     3.6148530883E-01
    3.9750000000E+00     3.3301035536E-01
    4.0250000000E+00     3.0563494360E-01
    4.0750000000E+00     2.7946375637E-01
    4.1250000000E+00     2.5457997162E-01
    4.1750000000E+00     2.3104589999E-01
    4.2250000000E+00     2.0890393662E-01
    4.2750000000E+00     1.8817777985E-01
    4.3250000000E+00     1.6887386666E-01
    4.3750000000E+00     1.5098297416E-01
    4.4250000000E+00     1.3448193714E-01
    4.4750000000E+00     1.1933543389E-01
    4.5250000000E+00     1.0549779544E-01
    4.5750000000E+00     9.2914797862E-02
    4.6250000000E+00     8.1525401799E-02
    4.6750000000E+00     7.1263408908E-02
    4.7250000000E+00     6.2059010295E-02
    4.7750000000E+00     5.3840207677E-02
    4.8250000000E+00     4.6534093447E-02
    4.8750000000E+00     4.0067980977E-02
    4.9250000000E+00     3.4370381224E-02
    4.9750000000E+00     2.9371825977E-02
    5.0250000000E+00     2.5005541717E-02
    5.0750000000E+00     2.1207981126E-02
    5.1250000000E+00     1.7919221737E-02
    5.1750000000E+00     1.5083242983E-02
    5.2250000000E+00     1.2648094231E-02
    5.2750000000E+00     1.0565967025E-02
    5.3250000000E+00     8.7931850655E-03
    5.3750000000E+00     7.2901252602E-03
    5.4250000000E+00     6.0210826772E-03
    5.4750000000E+00     4.9540914848E-03
    5.5250000000E+00     4.0607129676E-03
    5.5750000000E+00     3.3158006120E-03
    5.6250000000E+00     2.6972510608E-03
    5.6750000000E+00     2.1857485173E-03
    5.7250000000E+00     1.7645089706E-03
    5.7750000000E+00     1.4190294532E-03
    5.8250000000E+00     1.1368464544E-03
    5.8750000000E+00     9.0730661514E-04
    5.9250000000E+00     7.2135194463E-04
    5.9750000000E+00     5.7132101581E-04
    6.0250000000E+00     4.5076693741E-04
    6.0750000000E+00     3.5429234424E-04
    6.1250000000E+00     2.7740120156E-04
    6.1750000000E+00     2.1636686874E-04
    6.2250000000E+00     1.6811560570E-04
    6.2750000000E+00     1.3012452022E-04
    6.3250000000E+00     1.0033283609E-04
    6.3750000000E+00     7.7065298432E-05
    6.4250000000E+00     5.8966515059E-05
    6.4750000000E+00     4.4945050359E-05
    6.5250000000E+00     3.4126133478E-05
    6.5750000000E+00     2.5811907125E-05
    6.6250000000E+00     1.9448221348E-05
    6.6750000000E+00     1.4597062343E-05
    6.7250000000E+00     1.0913795527E-05
    6.7750000000E+00     8.1284912867E-06
    6.8250000000E+00     6.0306883079E-06
    6.8750000000E+00     4.4570314030E-06
    6.9250000000E+00     3.2812969196E-06
    6.9750000000E+00     2.4063884096E-06
    7.0250000000E+00     1.7579478808E-06
    7.0750000000E+00     1.2792836111E-06
    7.1250000000E+00     9.2736435315E-07
    7.1750000000E+00     6.6967218548E-07
    7.2250000000E+00     4.8174272274E-07
    7.2750000000E+00     3.4525244513E-07
    7.3250000000E+00     2.4653910691E-07
    7.3750000000E+00     1.7546311167E-07
    7.4250000000E+00     1.2453595074E-07
    7.4750000000E+00     8.8256813570E-08
    7.5250000000E+00     6.2610773268E-08
    7.5750000000E+00     4.4691962676E-08
    7.6250000000E+00     3.2423272371E-08
    7.6750000000E+00     2.4350664931E-08
    7.7250000000E+00     1.9495507859E-08
    7.7750000000E+00     1.7252642189E-08
    7.8250000000E+00     1.7325452198E-08
    7.8750000000E+00     1.9692183646E-08
    7.9250000000E+00     2.4600351018E-08
    7.9750000000E+00     3.2588439777E-08
    8.0250000000E+00     4.4536398383E-08
    8.0750000000E+00     6.1748773153E-08
    8.1250000000E+00     8.6076914020E-08
    8.1750000000E+00     1.2008962478E-07
    8.2250000000E+00     1.6730511331E-07
    8.2750000000E+00     2.3250129872E-07
    8.3250000000E+00     3.2212665860E-07
    8.3750000000E+00     4.4484008395E-07
    8.4250000000E+00     6.1221591413E-07
    8.4750000000E+00     8.3965974954E-07
    8.5250000000E+00     1.1475921188E-06
    8.5750000000E+00     1.5629709846E-06
    8.6250000000E+00     2.1212408144E-06
    8.6750000000E+00     2.8688159644E-06
    8.7250000000E+00     3.8662298853E-06
    8.7750000000E+00     5.1921096475E-06
    8.8250000000E+00     6.9481679619E-06
    8.8750000000E+00     9.2654427018E-06
    8.9250000000E+00     1.2312057297E-05
    8.9750000000E+00     1.6302824567E-05
    9.0250000000E+00     2.1511071761E-05
    9.0750000000E+00     2.8283125703E-05
    9.1250000000E+00     3.7055963751E-05
    9.1750000000E+00     4.8378608097E-05
    9.2250000000E+00     6.2937916721E-05
    9.2750000000E+00     8.1589502530E-05
    9.3250000000E+00     1.0539459072E-04
    9.3750000000E+00     1.3566370033E-04
    9.4250000000E+00     1.7400810586E-04
    9.4750000000E+00     2.2240009400E-04
    9.5250000000E+00     2.8324307408E-04
    9.5750000000E+00     3.5945262195E-04
    9.6250000000E+00     4.5454952948E-04
    9.6750000000E+00     5.7276588635E-04
    9.7250000000E+00     7.1916513012E-04
    9.7750000000E+00     8.9977685455E-04
    9.8250000000E+00     1.1217469550E-03
    9.8750000000E+00     1.3935034059E-03
    9.9250000000E+00     1.7249375965E-03
    9.9750000000E+00     2.1276006943E-03
