#t= 9.240000
    2.5000000000E-02     1.5419616016E-04
    7.5000000000E-02     1.9716662114E-04
    1.2500000000E-01     2.5122801532E-04
    1.7500000000E-01     3.1898976919E-04
    2.2500000000E-01     4.0360694216E-04
    2.7500000000E-01     5.0887704232E-04
    3.2500000000E-01     6.3934992106E-04
    3.7500000000E-01     8.0045158242E-04
    4.2500000000E-01     9.9862257319E-04
    4.7500000000E-01     1.2414713834E-03
    5.2500000000E-01     1.5379429756E-03
    5.7500000000E-01     1.8985021678E-03
    6.2500000000E-01     2.3353311110E-03
    6.7500000000E-01     2.8625395246E-03
    7.2500000000E-01     3.4963856780E-03
    7.7500000000E-01     4.2555053379E-03
    8.2500000000E-01     5.1611450378E-03
    8.7500000000E-01     6.2373950876E-03
    9.2500000000E-01     7.5114167330E-03
    9.7500000000E-01     9.0136568242E-03
    1.0250000000E+00     1.0778042288E-02
    1.0750000000E+00     1.2842145648E-02
    1.1250000000E+00     1.5247311847E-02
    1.1750000000E+00     1.8038735747E-02
    1.2250000000E+00     2.1265478960E-02
    1.2750000000E+00     2.4980414135E-02
    1.3250000000E+00     2.9240084631E-02
    1.3750000000E+00     3.4104467562E-02
    1.4250000000E+00     3.9636628728E-02
    1.4750000000E+00     4.5902258872E-02
    1.5250000000E+00     5.2969082114E-02
    1.5750000000E+00     6.0906129408E-02
    1.6250000000E+00     6.9782872323E-02
    1.6750000000E+00     7.9668215509E-02
    1.7250000000E+00     9.0629349796E-02
    1.7750000000E+00     1.0273047188E-01
    1.8250000000E+00     1.1603138105E-01
    1.8750000000E+00     1.3058596824E-01
    1.9250000000E+00     1.4644061751E-01
    1.9750000000E+00     1.6363254541E-01
    2.0250000000E+00     1.8218810825E-01
    2.0750000000E+00     2.0212111222E-01
    2.1250000000E+00     2.2343116548E-01
    2.1750000000E+00     2.4610211438E-01
    2.2250000000E+00     2.7010060928E-01
    2.2750000000E+00     2.9537484609E-01
    2.3250000000E+00     3.2185353063E-01
    2.3750000000E+00     3.4944511118E-01
    2.4250000000E+00     3.7803732243E-01
    2.4750000000E+00     4.0749707931E-01
    2.5250000000E+00     4.3767075404E-01
    2.5750000000E+00     4.6838486185E-01
    2.6250000000E+00     4.9944717267E-01
    2.6750000000E+00     5.3064825600E-01
    2.7250000000E+00     5.6176345542E-01
    2.7750000000E+00     5.9255527756E-01
    2.8250000000E+00     6.2277616891E-01
    2.8750000000E+00     6.5217164145E-01
    2.9250000000E+00     6.8048369733E-01
    2.9750000000E+00     7.0745449179E-01
    3.0250000000E+00     7.3283016460E-01
    3.0750000000E+00     7.5636476240E-01
    3.1250000000E+00     7.7782416858E-01
    3.1750000000E+00     7.9698995405E-01
    3.2250000000E+00     8.1366306092E-01
    3.2750000000E+00     8.2766723266E-01
    3.3250000000E+00     8.3885210842E-01
    3.3750000000E+00     8.4709590579E-01
    3.4250000000E+00     8.5230762502E-01
    3.4750000000E+00     8.5442871922E-01
    3.5250000000E+00     8.5343418756E-01
    3.5750000000E+00     8.4933306301E-01
    3.6250000000E+00     8.4216828140E-01
    3.6750000000E+00     8.3201593431E-01
    3.7250000000E+00     8.1898392387E-01
    3.7750000000E+00     8.0321005270E-01
    3.8250000000E+00     7.8485959647E-01
    3.8750000000E+00     7.6412241867E-01
    3.9250000000E+00     7.4120969828E-01
    3.9750000000E+00     7.1635034913E-01
    4.0250000000E+00     6.8978721594E-01
    4.0750000000E+00     6.6177313534E-01
    4.1250000000E+00     6.3256695088E-01
    4.1750000000E+00     6.0242956941E-01
    4.2250000000E+00     5.7162014175E-01
    4.2750000000E+00     5.4039244435E-01
    4.3250000000E+00     5.0899153001E-01
    4.3750000000E+00     4.7765070604E-01
    4.4250000000E+00     4.4658888693E-01
    4.4750000000E+00     4.1600835690E-01
    4.5250000000E+00     3.8609296538E-01
    4.5750000000E+00     3.5700676627E-01
    4.6250000000E+00     3.2889310043E-01
    4.6750000000E+00     3.0187410953E-01
    4.7250000000E+00     2.7605065998E-01
    4.7750000000E+00     2.5150264691E-01
    4.8250000000E+00     2.2828964124E-01
    4.8750000000E+00     2.0645183755E-01
    4.9250000000E+00     1.8601125662E-01
    4.9750000000E+00     1.6697315431E-01
    5.0250000000E+00     1.4932758795E-01
    5.0750000000E+00     1.3305109222E-01
    5.1250000000E+00     1.1810841838E-01
    5.1750000000E+00     1.0445429417E-01
    5.2250000000E+00     9.2035165364E-02
    5.2750000000E+00     8.0790885004E-02
    5.3250000000E+00     7.0656320975E-02
    5.3750000000E+00     6.1562858370E-02
    5.4250000000E+00     5.3439778110E-02
    5.4750000000E+00     4.6215498675E-02
    5.5250000000E+00     3.9818672700E-02
    5.5750000000E+00     3.4179134723E-02
    5.6250000000E+00     2.9228700461E-02
    5.6750000000E+00     2.4901821486E-02
    5.7250000000E+00     2.1136102073E-02
    5.7750000000E+00     1.7872687387E-02
    5.8250000000E+00     1.5056533855E-02
    5.8750000000E+00     1.2636573833E-02
    5.9250000000E+00     1.0565787324E-02
    5.9750000000E+00     8.8011937818E-03
    6.0250000000E+00     7.3037768514E-03
    6.0750000000E+00     6.0383544533E-03
    6.1250000000E+00     4.9734058664E-03
    6.1750000000E+00     4.0808665484E-03
    6.2250000000E+00     3.3359003674E-03
    6.2750000000E+00     2.7166577804E-03
    6.3250000000E+00     2.2040273257E-03
    6.3750000000E+00     1.7813866319E-03
    6.4250000000E+00     1.4343580313E-03
    6.4750000000E+00     1.1505728150E-03
    6.5250000000E+00     9.1944720643E-04
    6.5750000000E+00     7.3197226741E-04
    6.6250000000E+00     5.8051919778E-04
    6.6750000000E+00     4.5866084254E-04
    6.7250000000E+00     3.6100968162E-04
    6.7750000000E+00     2.8307213928E-04
    6.8250000000E+00     2.2111870621E-04
    6.8750000000E+00     1.7206910787E-04
    6.9250000000E+00     1.3339156832E-04
    6.9750000000E+00     1.0301509879E-04
    7.0250000000E+00     7.9253673936E-05
    7.0750000000E+00     6.0741137713E-05
    7.1250000000E+00     4.6375693823E-05
    7.1750000000E+00     3.5272876563E-05
    7.2250000000E+00     2.6725957812E-05
    7.2750000000E+00     2.0172819455E-05
    7.3250000000E+00     1.5168402060E-05
    7.3750000000E+00     1.1361926042E-05
    7.4250000000E+00     8.4781672864E-06
    7.4750000000E+00     6.3021528035E-06
    7.5250000000E+00     4.6667214612E-06
    7.5750000000E+00     3.4424689128E-06
    7.6250000000E+00     2.5296637206E-06
    7.6750000000E+00     1.8517829411E-06
    7.7250000000E+00     1.3503700088E-06
    7.7750000000E+00     9.8096578936E-07
    7.8250000000E+00     7.0990548037E-07
    7.8750000000E+00     5.1181006607E-07
    7.9250000000E+00     3.6763177905E-07
    7.9750000000E+00     2.6313903975E-07
    8.0250000000E+00     1.8774817016E-07
    8.0750000000E+00     1.3362735056E-07
    8.1250000000E+00     9.5013309576E-08
    8.1750000000E+00     6.7693574429E-08
    8.2250000000E+00     4.8617185501E-08
    8.2750000000E+00     3.5604976697E-08
    8.3250000000E+00     2.7137177991E-08
    8.3750000000E+00     2.2201506026E-08
    8.4250000000E+00     2.0189332690E-08
    8.4750000000E+00     2.0831188893E-08
    8.5250000000E+00     2.4165973508E-08
    8.5750000000E+00     3.0540976692E-08
    8.6250000000E+00     4.0642358972E-08
    8.6750000000E+00     5.5558209149E-08
    8.7250000000E+00     7.6878888584E-08
    8.7750000000E+00     1.0684221181E-07
    8.8250000000E+00     1.4853427630E-07
    8.8750000000E+00     2.0616061331E-07
    8.9250000000E+00     2.8540697975E-07
    8.9750000000E+00     3.9391476537E-07
    9.0250000000E+00     5.4190289191E-07
    9.0750000000E+00     7.4297650649E-07
    9.1250000000E+00     1.0151730269E-06
    9.1750000000E+00     1.3823085240E-06
    9.2250000000E+00     1.8757024038E-06
    9.2750000000E+00     2.5363762845E-06
    9.3250000000E+00     3.4178442898E-06
    9.3750000000E+00     4.5896371491E-06
    9.4250000000E+00     6.1417319620E-06
    9.4750000000E+00     8.1900936844E-06
    9.5250000000E+00     1.0883573735E-05
    9.5750000000E+00     1.4412455908E-05
    9.6250000000E+00     1.9018990238E-05
    9.6750000000E+00     2.5010311638E-05
    9.7250000000E+00     3.2774201846E-05
    9.7750000000E+00     4.2798219997E-05
    9.8250000000E+00     5.5692798235E-05
    9.8750000000E+00     7.2218972834E-05
    9.9250000000E+00     9.3321496639E-05
    9.9750000000E+00     1.2016815285E-04
