#t= 1.680000
    2.5000000000E-02     7.1909473189E-02
    7.5000000000E-02     6.1354185256E-02
    1.2500000000E-01     5.2102092500E-02
    1.7500000000E-01     4.4037095248E-02
    2.2500000000E-01     3.7045403630E-02
    2.7500000000E-01     3.1017143981E-02
    3.2500000000E-01     2.5847630147E-02
    3.7500000000E-01     2.1438319871E-02
    4.2500000000E-01     1.7697482638E-02
    4.7500000000E-01     1.4540609716E-02
    5.2500000000E-01     1.1890599647E-02
    5.7500000000E-01     9.6777534619E-03
    6.2500000000E-01     7.8396135128E-03
    6.7500000000E-01     6.3206784143E-03
    7.2500000000E-01     5.0720242683E-03
    7.7500000000E-01     4.0508594998E-03
    8.2500000000E-01     3.2200373593E-03
    8.7500000000E-01     2.5475467163E-03
    9.2500000000E-01     2.0059983107E-03
    9.7500000000E-01     1.5721202913E-03
    1.0250000000E+00     1.2262737499E-03
    1.0750000000E+00     9.5199613029E-04
    1.1250000000E+00     7.3557789915E-04
    1.1750000000E+00     5.6567572752E-04
    1.2250000000E+00     4.3296365808E-04
    1.2750000000E+00     3.2982230189E-04
    1.3250000000E+00     2.5006500109E-04
    1.3750000000E+00     1.8869907565E-04
    1.4250000000E+00     1.4171970704E-04
    1.4750000000E+00     1.0593366035E-04
    1.5250000000E+00     7.8809871374E-05
    1.5750000000E+00     5.8353890099E-05
    1.6250000000E+00     4.3003243172E-05
    1.6750000000E+00     3.1540927305E-05
    1.7250000000E+00     2.3024446788E-05
    1.7750000000E+00     1.6728041564E-05
    1.8250000000E+00     1.2096000358E-05
    1.8750000000E+00     8.7052035413E-06
    1.9250000000E+00     6.2352829494E-06
    1.9750000000E+00     4.4450141640E-06
    2.0250000000E+00     3.1537664607E-06
    2.0750000000E+00     2.2270243232E-06
    2.1250000000E+00     1.5651612634E-06
    2.1750000000E+00     1.0947918953E-06
    2.2250000000E+00     7.6215282020E-07
    2.2750000000E+00     5.2806843118E-07
    2.3250000000E+00     3.6414609742E-07
    2.3750000000E+00     2.4991831152E-07
    2.4250000000E+00     1.7070927330E-07
    2.4750000000E+00     1.1605194431E-07
    2.5250000000E+00     7.8520608280E-08
    2.5750000000E+00     5.2875011442E-08
    2.6250000000E+00     3.5436640564E-08
    2.6750000000E+00     2.3636847693E-08
    2.7250000000E+00     1.5691386154E-08
    2.7750000000E+00     1.0367354639E-08
    2.8250000000E+00     6.8172752719E-09
    2.8750000000E+00     4.4616460788E-09
    2.9250000000E+00     2.9062833472E-09
    2.9750000000E+00     1.8844840765E-09
    3.0250000000E+00     1.2167926934E-09
    3.0750000000E+00     7.8318378456E-10
    3.1250000000E+00     5.0395562569E-10
    3.1750000000E+00     3.2670779683E-10
    3.2250000000E+00     2.1755733132E-10
    3.2750000000E+00     1.5531315040E-10
    3.3250000000E+00     1.2773946243E-10
    3.3750000000E+00     1.2934137681E-10
    3.4250000000E+00     1.6033466566E-10
    3.4750000000E+00     2.2664305705E-10
    3.5250000000E+00     3.4092311305E-10
    3.5750000000E+00     5.2477004069E-10
    3.6250000000E+00     8.1243026948E-10
    3.6750000000E+00     1.2565632378E-09
    3.7250000000E+00     1.9368837425E-09
    3.7750000000E+00     2.9729105797E-09
    3.8250000000E+00     4.5425886427E-09
    3.8750000000E+00     6.9092952569E-09
    3.9250000000E+00     1.0460761856E-08
    3.9750000000E+00     1.5764838926E-08
    4.0250000000E+00     2.3648936594E-08
    4.0750000000E+00     3.5312554884E-08
    4.1250000000E+00     5.2485793689E-08
    4.1750000000E+00     7.7651379553E-08
    4.2250000000E+00     1.1435391400E-07
    4.2750000000E+00     1.6762817456E-07
    4.3250000000E+00     2.4458892776E-07
    4.3750000000E+00     3.5523850809E-07
    4.4250000000E+00     5.1356618317E-07
    4.4750000000E+00     7.3903602226E-07
    4.5250000000E+00     1.0585887436E-06
    4.5750000000E+00     1.5093191422E-06
    4.6250000000E+00     2.1420356783E-06
    4.6750000000E+00     3.0259642941E-06
    4.7250000000E+00     4.2549263076E-06
    4.7750000000E+00     5.9554021988E-06
    4.8250000000E+00     8.2969911415E-06
    4.8750000000E+00     1.1505892060E-05
    4.9250000000E+00     1.5882167345E-05
    4.9750000000E+00     2.1821706295E-05
    5.0250000000E+00     2.9843982261E-05
    5.0750000000E+00     4.0626894883E-05
    5.1250000000E+00     5.5050204815E-05
    5.1750000000E+00     7.4249299334E-05
    5.2250000000E+00     9.9681267629E-05
    5.2750000000E+00     1.3320550579E-04
    5.3250000000E+00     1.7718130238E-04
    5.3750000000E+00     2.3458506100E-04
    5.4250000000E+00     3.0914997770E-04
    5.4750000000E+00     4.0553108572E-04
    5.5250000000E+00     5.2949858130E-04
    5.5750000000E+00     6.8816222105E-04
    5.6250000000E+00     8.9022930007E-04
    5.6750000000E+00     1.1462982448E-03
    5.7250000000E+00     1.4691891464E-03
    5.7750000000E+00     1.8743115865E-03
    5.8250000000E+00     2.3800688289E-03
    5.8750000000E+00     3.0082958481E-03
    5.9250000000E+00     3.7847267152E-03
    5.9750000000E+00     4.7394845616E-03
    6.0250000000E+00     5.9075847060E-03
    6.0750000000E+00     7.3294385922E-03
    6.1250000000E+00     9.0513430033E-03
    6.1750000000E+00     1.1125935678E-02
    6.2250000000E+00     1.3612595079E-02
    6.2750000000E+00     1.6577758795E-02
    6.3250000000E+00     2.0095132058E-02
    6.3750000000E+00     2.4245755388E-02
    6.4250000000E+00     2.9117898571E-02
    6.4750000000E+00     3.4806747373E-02
    6.5250000000E+00     4.1413849758E-02
    6.5750000000E+00     4.9046290194E-02
    6.6250000000E+00     5.7815564092E-02
    6.6750000000E+00     6.7836129673E-02
    6.7250000000E+00     7.9223621774E-02
    6.7750000000E+00     9.2092721207E-02
    6.8250000000E+00     1.0655468436E-01
    6.8750000000E+00     1.2271455045E-01
    6.9250000000E+00     1.4066805811E-01
    6.9750000000E+00     1.6049831807E-01
    7.0250000000E+00     1.8227230486E-01
    7.0750000000E+00     2.0603724550E-01
    7.1250000000E+00     2.3181699871E-01
    7.1750000000E+00     2.5960853086E-01
    7.2250000000E+00     2.8937860609E-01
    7.2750000000E+00     3.2106081531E-01
    7.3250000000E+00     3.5455307281E-01
    7.3750000000E+00     3.8971570801E-01
    7.4250000000E+00     4.2637027368E-01
    7.4750000000E+00     4.6429918088E-01
    7.5250000000E+00     5.0324625330E-01
    7.5750000000E+00     5.4291827175E-01
    7.6250000000E+00     5.8298755221E-01
    7.6750000000E+00     6.2309556944E-01
    7.7250000000E+00     6.6285760391E-01
    7.7750000000E+00     7.0186835338E-01
    7.8250000000E+00     7.3970841375E-01
    7.8750000000E+00     7.7595149818E-01
    7.9250000000E+00     8.1017223075E-01
    7.9750000000E+00     8.4195432210E-01
    8.0250000000E+00     8.7089891194E-01
    8.0750000000E+00     8.9663284760E-01
    8.1250000000E+00     9.1881666007E-01
    8.1750000000E+00     9.3715200028E-01
    8.2250000000E+00     9.5138830833E-01
    8.2750000000E+00     9.6132850765E-01
    8.3250000000E+00     9.6683354321E-01
    8.3750000000E+00     9.6782561788E-01
    8.4250000000E+00     9.6429002156E-01
    8.4750000000E+00     9.5627549305E-01
    8.5250000000E+00     9.4389310222E-01
    8.5750000000E+00     9.2731368833E-01
    8.6250000000E+00     9.0676393708E-01
    8.6750000000E+00     8.8252122231E-01
    8.7250000000E+00     8.5490737651E-01
    8.7750000000E+00     8.2428158558E-01
    8.8250000000E+00     7.9103262708E-01
    8.8750000000E+00     7.5557068591E-01
    8.9250000000E+00     7.1831898735E-01
    8.9750000000E+00     6.7970548419E-01
    9.0250000000E+00     6.4015482316E-01
    9.0750000000E+00     6.0008079637E-01
    9.1250000000E+00     5.5987945764E-01
    9.1750000000E+00     5.1992305274E-01
    9.2250000000E+00     4.8055487764E-01
    9.2750000000E+00     4.4208514235E-01
    9.3250000000E+00     4.0478788101E-01
    9.3750000000E+00     3.6889891299E-01
    9.4250000000E+00     3.3461482625E-01
    9.4750000000E+00     3.0209292479E-01
    9.5250000000E+00     2.7145205675E-01
    9.5750000000E+00     2.4277421977E-01
    9.6250000000E+00     2.1610682591E-01
    9.6750000000E+00     1.9146549933E-01
    9.7250000000E+00     1.6883727677E-01
    9.7750000000E+00     1.4818408203E-01
    9.8250000000E+00     1.2944635168E-01
    9.8750000000E+00     1.1254669867E-01
    9.9250000000E+00     9.7393512938E-02
    9.9750000000E+00     8.3884412347E-02
