#t= 0.000000
    2.5000000000E-02     1.7821331095E-11
    7.5000000000E-02     2.9235862279E-11
    1.2500000000E-01     4.7722172202E-11
    1.7500000000E-01     7.7509159458E-11
    2.2500000000E-01     1.2526056854E-10
    2.7500000000E-01     2.0142077259E-10
    3.2500000000E-01     3.2227206654E-10
    3.7500000000E-01     5.1306170261E-10
    4.2500000000E-01     8.1272769580E-10
    4.7500000000E-01     1.2809997618E-09
    5.2500000000E-01     2.0090075360E-09
    5.7500000000E-01     3.1350365633E-09
    6.2500000000E-01     4.8677939021E-09
    6.7500000000E-01     7.5205617573E-09
    7.2500000000E-01     1.1561040143E-08
    7.7500000000E-01     1.7683656244E-08
    8.2500000000E-01     2.6913844966E-08
    8.7500000000E-01     4.0757539336E-08
    9.2500000000E-01     6.1414185148E-08
    9.7500000000E-01     9.2078441332E-08
    1.0250000000E+00     1.3736489290E-07
    1.0750000000E+00     2.0390227541E-07
    1.1250000000E+00     3.0115974461E-07
    1.1750000000E+00     4.4258867371E-07
    1.2250000000E+00     6.4719059703E-07
    1.2750000000E+00     9.4165676230E-07
    1.3250000000E+00     1.3632690899E-06
    1.3750000000E+00     1.9638082209E-06
    1.4250000000E+00     2.8147840876E-06
    1.4750000000E+00     4.0143906117E-06
    1.5250000000E+00     5.6966914444E-06
    1.5750000000E+00     8.0436708949E-06
    1.6250000000E+00     1.1300936043E-05
    1.6750000000E+00     1.5798034886E-05
    1.7250000000E+00     2.1974563018E-05
    1.7750000000E+00     3.0413468649E-05
    1.8250000000E+00     4.1883232086E-05
    1.8750000000E+00     5.7390888739E-05
    1.9250000000E+00     7.8248179030E-05
    1.9750000000E+00     1.0615343611E-04
    2.0250000000E+00     1.4329215069E-04
    2.0750000000E+00     1.9245946458E-04
    2.1250000000E+00     2.5720811880E-04
    2.1750000000E+00     3.4202558971E-04
    2.2250000000E+00     4.5254425432E-04
    2.2750000000E+00     5.9578839255E-04
    2.3250000000E+00     7.8046161440E-04
    2.3750000000E+00     1.0172778436E-03
    2.4250000000E+00     1.3193382419E-03
    2.4750000000E+00     1.7025553661E-03
    2.5250000000E+00     2.1861243634E-03
    2.5750000000E+00     2.7930390800E-03
    2.6250000000E+00     3.5506485572E-03
    2.6750000000E+00     4.4912464947E-03
    2.7250000000E+00     5.6526828829E-03
    2.7750000000E+00     7.0789831817E-03
    2.8250000000E+00     8.8209562189E-03
    2.8750000000E+00     1.0936767511E-02
    2.9250000000E+00     1.3492450125E-02
    2.9750000000E+00     1.6562320716E-02
    3.0250000000E+00     2.0229264204E-02
    3.0750000000E+00     2.4584847036E-02
    3.1250000000E+00     2.9729216386E-02
    3.1750000000E+00     3.5770741366E-02
    3.2250000000E+00     4.2825352656E-02
    3.2750000000E+00     5.1015539326E-02
    3.3250000000E+00     6.0468966256E-02
    3.3750000000E+00     7.1316682698E-02
    3.4250000000E+00     8.3690902429E-02
    3.4750000000E+00     9.7722348493E-02
    3.5250000000E+00     1.1353717076E-01
    3.5750000000E+00     1.3125346209E-01
    3.6250000000E+00     1.5097741846E-01
    3.6750000000E+00     1.7279920903E-01
    3.7250000000E+00     1.9678864386E-01
    3.7750000000E+00     2.2299074737E-01
    3.8250000000E+00     2.5142136559E-01
    3.8750000000E+00     2.8206295169E-01
    3.9250000000E+00     3.1486068746E-01
    3.9750000000E+00     3.4971910635E-01
    4.0250000000E+00     3.8649938583E-01
    4.0750000000E+00     4.2501747213E-01
    4.1250000000E+00     4.6504318813E-01
    4.1750000000E+00     5.0630045567E-01
    4.2250000000E+00     5.4846873599E-01
    4.2750000000E+00     5.9118575778E-01
    4.3250000000E+00     6.3405156186E-01
    4.3750000000E+00     6.7663384616E-01
    4.4250000000E+00     7.1847454648E-01
    4.4750000000E+00     7.5909753897E-01
    4.5250000000E+00     7.9801730205E-01
    4.5750000000E+00     8.3474833063E-01
    4.6250000000E+00     8.6881505626E-01
    4.6750000000E+00     8.9976199557E-01
    4.7250000000E+00     9.2716382781E-01
    4.7750000000E+00     9.5063509186E-01
    4.8250000000E+00     9.6983919459E-01
    4.8750000000E+00     9.8449643701E-01
    4.9250000000E+00     9.9439079069E-01
    4.9750000000E+00     9.9937519527E-01
    5.0250000000E+00     9.9937519527E-01
    5.0750000000E+00     9.9439079069E-01
    5.1250000000E+00     9.8449643701E-01
    5.1750000000E+00     9.6983919459E-01
    5.2250000000E+00     9.5063509186E-01
    5.2750000000E+00     9.2716382781E-01
    5.3250000000E+00     8.9976199557E-01
    5.3750000000E+00     8.6881505626E-01
    5.4250000000E+00     8.3474833063E-01
    5.4750000000E+00     7.9801730205E-01
    5.5250000000E+00     7.5909753897E-01
    5.5750000000E+00     7.1847454648E-01
    5.6250000000E+00     6.7663384616E-01
    5.6750000000E+00     6.3405156186E-01
    5.7250000000E+00     5.9118575778E-01
    5.7750000000E+00     5.4846873599E-01
    5.8250000000E+00     5.0630045567E-01
    5.8750000000E+00     4.6504318813E-01
    5.9250000000E+00     4.2501747213E-01
    5.9750000000E+00     3.8649938583E-01
    6.0250000000E+00     3.4971910635E-01
    6.0750000000E+00     3.1486068746E-01
    6.1250000000E+00     2.8206295169E-01
    6.1750000000E+00     2.5142136559E-01
    6.2250000000E+00     2.2299074737E-01
    6.2750000000E+00     1.9678864386E-01
    6.3250000000E+00     1.7279920903E-01
    6.3750000000E+00     1.5097741846E-01
    6.4250000000E+00     1.3125346209E-01
    6.4750000000E+00     1.1353717076E-01
    6.5250000000E+00     9.7722348493E-02
    6.5750000000E+00     8.3690902429E-02
    6.6250000000E+00     7.1316682698E-02
    6.6750000000E+00     6.0468966256E-02
    6.7250000000E+00     5.1015539326E-02
    6.7750000000E+00     4.2825352656E-02
    6.8250000000E+00     3.5770741366E-02
    6.8750000000E+00     2.9729216386E-02
    6.9250000000E+00     2.4584847036E-02
    6.9750000000E+00     2.0229264204E-02
    7.0250000000E+00     1.6562320716E-02
    7.0750000000E+00     1.3492450125E-02
    7.1250000000E+00     1.0936767511E-02
    7.1750000000E+00     8.8209562189E-03
    7.2250000000E+00     7.0789831817E-03
    7.2750000000E+00     5.6526828829E-03
    7.3250000000E+00     4.4912464947E-03
    7.3750000000E+00     3.5506485572E-03
    7.4250000000E+00     2.7930390800E-03
    7.4750000000E+00     2.1861243634E-03
    7.5250000000E+00     1.7025553661E-03
    7.5750000000E+00     1.3193382419E-03
    7.6250000000E+00     1.0172778436E-03
    7.6750000000E+00     7.8046161440E-04
    7.7250000000E+00     5.9578839255E-04
    7.7750000000E+00     4.5254425432E-04
    7.8250000000E+00     3.4202558971E-04
    7.8750000000E+00     2.5720811880E-04
    7.9250000000E+00     1.9245946458E-04
    7.9750000000E+00     1.4329215069E-04
    8.0250000000E+00     1.0615343611E-04
    8.0750000000E+00     7.8248179030E-05
    8.1250000000E+00     5.7390888739E-05
    8.1750000000E+00     4.1883232086E-05
    8.2250000000E+00     3.0413468649E-05
    8.2750000000E+00     2.1974563018E-05
    8.3250000000E+00     1.5798034886E-05
    8.3750000000E+00     1.1300936043E-05
    8.4250000000E+00     8.0436708949E-06
    8.4750000000E+00     5.6966914444E-06
    8.5250000000E+00     4.0143906117E-06
    8.5750000000E+00     2.8147840876E-06
    8.6250000000E+00     1.9638082209E-06
    8.6750000000E+00     1.3632690899E-06
    8.7250000000E+00     9.4165676230E-07
    8.7750000000E+00     6.4719059703E-07
    8.8250000000E+00     4.4258867371E-07
    8.8750000000E+00     3.0115974461E-07
    8.9250000000E+00     2.0390227541E-07
    8.9750000000E+00     1.3736489290E-07
    9.0250000000E+00     9.2078441332E-08
    9.0750000000E+00     6.1414185148E-08
    9.1250000000E+00     4.0757539336E-08
    9.1750000000E+00     2.6913844966E-08
    9.2250000000E+00     1.7683656244E-08
    9.2750000000E+00     1.1561040143E-08
    9.3250000000E+00     7.5205617573E-09
    9.3750000000E+00     4.8677939021E-09
    9.4250000000E+00     3.1350365633E-09
    9.4750000000E+00     2.0090075360E-09
    9.5250000000E+00     1.2809997618E-09
    9.5750000000E+00     8.1272769580E-10
    9.6250000000E+00     5.1306170261E-10
    9.6750000000E+00     3.2227206654E-10
    9.7250000000E+00     2.0142077259E-10
    9.7750000000E+00     1.2526056854E-10
    9.8250000000E+00     7.7509159458E-11
    9.8750000000E+00     4.7722172202E-11
    9.9250000000E+00     2.9235862279E-11
    9.9750000000E+00     1.7821331095E-11
