#t= 3.320000
    2.5000000000E-02     9.4218942631E-02
    7.5000000000E-02     1.0835864972E-01
    1.2500000000E-01     1.2407677167E-01
    1.7500000000E-01     1.4145501462E-01
    2.2500000000E-01     1.6056341353E-01
    2.7500000000E-01     1.8145738078E-01
    3.2500000000E-01     2.0417468863E-01
    3.7500000000E-01     2.2873246086E-01
    4.2500000000E-01     2.5512425888E-01
    4.7500000000E-01     2.8331735539E-01
    5.2500000000E-01     3.1325029410E-01
    5.7500000000E-01     3.4483083640E-01
    6.2500000000E-01     3.7793439511E-01
    6.7500000000E-01     4.1240305012E-01
    7.2500000000E-01     4.4804523253E-01
    7.7500000000E-01     4.8463615038E-01
    8.2500000000E-01     5.2191901279E-01
    8.7500000000E-01     5.5960708828E-01
    9.2500000000E-01     5.9738661017E-01
    9.7500000000E-01     6.3492051518E-01
    1.0250000000E+00     6.7185297463E-01
    1.0750000000E+00     7.0781464893E-01
    1.1250000000E+00     7.4242856907E-01
    1.1750000000E+00     7.7531652276E-01
    1.2250000000E+00     8.0610580020E-01
    1.2750000000E+00     8.3443613545E-01
    1.3250000000E+00     8.5996666549E-01
    1.3750000000E+00     8.8238272083E-01
    1.4250000000E+00     9.0140225964E-01
    1.4750000000E+00     9.1678176208E-01
    1.5250000000E+00     9.2832141310E-01
    1.5750000000E+00     9.3586941951E-01
    1.6250000000E+00     9.3932533123E-01
    1.6750000000E+00     9.3864226502E-01
    1.7250000000E+00     9.3382796209E-01
    1.7750000000E+00     9.2494464604E-01
    1.8250000000E+00     9.1210768481E-01
    1.8750000000E+00     8.9548309678E-01
    1.9250000000E+00     8.7528397642E-01
    1.9750000000E+00     8.5176594704E-01
    2.0250000000E+00     8.2522177644E-01
    2.0750000000E+00     7.9597531396E-01
    2.1250000000E+00     7.6437492436E-01
    2.1750000000E+00     7.3078660436E-01
    2.2250000000E+00     6.9558697143E-01
    2.2750000000E+00     6.5915631088E-01
    2.3250000000E+00     6.2187185874E-01
    2.3750000000E+00     5.8410148211E-01
    2.4250000000E+00     5.4619789925E-01
    2.4750000000E+00     5.0849355784E-01
    2.5250000000E+00     4.7129626314E-01
    2.5750000000E+00     4.3488562010E-01
    2.6250000000E+00     3.9951032473E-01
    2.6750000000E+00     3.6538631240E-01
    2.7250000000E+00     3.3269574495E-01
    2.7750000000E+00     3.0158679478E-01
    2.8250000000E+00     2.7217416418E-01
    2.8750000000E+00     2.4454026183E-01
    2.9250000000E+00     2.1873694595E-01
    2.9750000000E+00     1.9478773565E-01
    3.0250000000E+00     1.7269038793E-01
    3.0750000000E+00     1.5241973751E-01
    3.1250000000E+00     1.3393070011E-01
    3.1750000000E+00     1.1716134568E-01
    3.2250000000E+00     1.0203595716E-01
    3.2750000000E+00     8.8468000288E-02
    3.3250000000E+00     7.6362941972E-02
    3.3750000000E+00     6.5620866803E-02
    3.4250000000E+00     5.6138853708E-02
    3.4750000000E+00     4.7813086727E-02
    3.5250000000E+00     4.0540685079E-02
    3.5750000000E+00     3.4221247858E-02
    3.6250000000E+00     2.8758117504E-02
    3.6750000000E+00     2.4059373617E-02
    3.7250000000E+00     2.0038574612E-02
    3.7750000000E+00     1.6615269102E-02
    3.8250000000E+00     1.3715301968E-02
    3.8750000000E+00     1.1270941764E-02
    3.9250000000E+00     9.2208566922E-03
    3.9750000000E+00     7.5099659956E-03
    4.0250000000E+00     6.0891924108E-03
    4.0750000000E+00     4.9151395204E-03
    4.1250000000E+00     3.9497156069E-03
    4.1750000000E+00     3.1597230801E-03
    4.2250000000E+00     2.5164299009E-03
    4.2750000000E+00     1.9951367444E-03
    4.3250000000E+00     1.5747510647E-03
    4.3750000000E+00     1.2373767902E-03
    4.4250000000E+00     9.6792616509E-04
    4.4750000000E+00     7.5375829041E-04
    4.5250000000E+00     5.8434721681E-04
    4.5750000000E+00     4.5098101788E-04
    4.6250000000E+00     3.4649210903E-04
    4.6750000000E+00     2.6501816150E-04
    4.7250000000E+00     2.0179227042E-04
    4.7750000000E+00     1.5296054332E-04
    4.8250000000E+00     1.1542495368E-04
    4.8750000000E+00     8.6709124408E-05
    4.9250000000E+00     6.4844641421E-05
    4.9750000000E+00     4.8275522860E-05
    5.0250000000E+00     3.5778561944E-05
    5.0750000000E+00     2.6397401495E-05
    5.1250000000E+00     1.9388369085E-05
    5.1750000000E+00     1.4176289846E-05
    5.2250000000E+00     1.0318688365E-05
    5.2750000000E+00     7.4769834214E-06
    5.3250000000E+00     5.3934635754E-06
    5.3750000000E+00     3.8730035616E-06
    5.4250000000E+00     2.7686385369E-06
    5.4750000000E+00     1.9702541144E-06
    5.5250000000E+00     1.3957744710E-06
    5.5750000000E+00     9.8433898718E-07
    5.6250000000E+00     6.9105077148E-07
    5.6750000000E+00     4.8295922445E-07
    5.7250000000E+00     3.3600491072E-07
    5.7750000000E+00     2.3270989649E-07
    5.8250000000E+00     1.6044182528E-07
    5.8750000000E+00     1.1011674293E-07
    5.9250000000E+00     7.5235329096E-08
    5.9750000000E+00     5.1170909462E-08
    6.0250000000E+00     3.4646439262E-08
    6.0750000000E+00     2.3352456827E-08
    6.1250000000E+00     1.5669568548E-08
    6.1750000000E+00     1.0467987145E-08
    6.2250000000E+00     6.9635379143E-09
    6.2750000000E+00     4.6148120419E-09
    6.3250000000E+00     3.0501395294E-09
    6.3750000000E+00     2.0160639266E-09
    6.4250000000E+00     1.3412562353E-09
    6.4750000000E+00     9.1148714199E-10
    6.5250000000E+00     6.5252756187E-10
    6.5750000000E+00     5.1877874346E-10
    6.6250000000E+00     4.8613207407E-10
    6.6750000000E+00     5.4809398999E-10
    6.7250000000E+00     7.1463822897E-10
    6.7750000000E+00     1.0136119909E-09
    6.8250000000E+00     1.4948647847E-09
    6.8750000000E+00     2.2376271140E-09
    6.9250000000E+00     3.3620801147E-09
    6.9750000000E+00     5.0465706493E-09
    7.0250000000E+00     7.5525909518E-09
    7.0750000000E+00     1.1260521239E-08
    7.1250000000E+00     1.6720307536E-08
    7.1750000000E+00     2.4722816472E-08
    7.2250000000E+00     3.6399702525E-08
    7.2750000000E+00     5.3362404173E-08
    7.3250000000E+00     7.7894558960E-08
    7.3750000000E+00     1.1321695067E-07
    7.4250000000E+00     1.6385039305E-07
    7.4750000000E+00     2.3611010531E-07
    7.5250000000E+00     3.3877561989E-07
    7.5750000000E+00     4.8399365421E-07
    7.6250000000E+00     6.8848835297E-07
    7.6750000000E+00     9.7517465848E-07
    7.7250000000E+00     1.3752972097E-06
    7.7750000000E+00     1.9312501418E-06
    7.8250000000E+00     2.7002736101E-06
    7.8750000000E+00     3.7592720498E-06
    7.9250000000E+00     5.2110584220E-06
    7.9750000000E+00     7.1923993408E-06
    8.0250000000E+00     9.8843193195E-06
    8.0750000000E+00     1.3525219589E-05
    8.1250000000E+00     1.8427478940E-05
    8.1750000000E+00     2.4998331329E-05
    8.2250000000E+00     3.3765957509E-05
    8.2750000000E+00     4.5411884764E-05
    8.3250000000E+00     6.0810958084E-05
    8.3750000000E+00     8.1080324480E-05
    8.4250000000E+00     1.0763905469E-04
    8.4750000000E+00     1.4228020653E-04
    8.5250000000E+00     1.8725730247E-04
    8.5750000000E+00     2.4538733891E-04
    8.6250000000E+00     3.2017255241E-04
    8.6750000000E+00     4.1594322102E-04
    8.7250000000E+00     5.3802375752E-04
    8.7750000000E+00     6.9292423342E-04
    8.8250000000E+00     8.8855923315E-04
    8.8750000000E+00     1.1344955515E-03
    8.9250000000E+00     1.4422296869E-03
    8.9750000000E+00     1.8254953237E-03
    9.0250000000E+00     2.3006000149E-03
    9.0750000000E+00     2.8867890515E-03
    9.1250000000E+00     3.6066330308E-03
    9.1750000000E+00     4.4864338995E-03
    9.2250000000E+00     5.5566422665E-03
    9.2750000000E+00     6.8522765778E-03
    9.3250000000E+00     8.4133323507E-03
    9.3750000000E+00     1.0285167152E-02
    9.4250000000E+00     1.2518844442E-02
    9.4750000000E+00     1.5171416902E-02
    9.5250000000E+00     1.8306127532E-02
    9.5750000000E+00     2.1992504781E-02
    9.6250000000E+00     2.6306326477E-02
    9.6750000000E+00     3.1329426368E-02
    9.7250000000E+00     3.7149317085E-02
    9.7750000000E+00     4.3858604183E-02
    9.8250000000E+00     5.1554168048E-02
    9.8750000000E+00     6.0336093742E-02
    9.9250000000E+00     7.0306333628E-02
    9.9750000000E+00     8.1567093764E-02
