#t= 2.360000
    2.5000000000E-02     8.7860198814E-01
    7.5000000000E-02     8.5258535037E-01
    1.2500000000E-01     8.2356152592E-01
    1.7500000000E-01     7.9189255691E-01
    2.2500000000E-01     7.5796303974E-01
    2.7500000000E-01     7.2217239165E-01
    3.2500000000E-01     6.8492709609E-01
    3.7500000000E-01     6.4663313483E-01
    4.2500000000E-01     6.0768880018E-01
    4.7500000000E-01     5.6847805923E-01
    5.2500000000E-01     5.2936461598E-01
    5.7500000000E-01     4.9068678717E-01
    6.2500000000E-01     4.5275327547E-01
    6.7500000000E-01     4.1583989066E-01
    7.2500000000E-01     3.8018723652E-01
    7.7500000000E-01     3.4599935038E-01
    8.2500000000E-01     3.1344325421E-01
    8.7500000000E-01     2.8264935141E-01
    9.2500000000E-01     2.5371258384E-01
    9.7500000000E-01     2.2669424787E-01
    1.0250000000E+00     2.0162435819E-01
    1.0750000000E+00     1.7850444231E-01
    1.1250000000E+00     1.5731064809E-01
    1.1750000000E+00     1.3799704958E-01
    1.2250000000E+00     1.2049904342E-01
    1.2750000000E+00     1.0473673778E-01
    1.3250000000E+00     9.0618247744E-02
    1.3750000000E+00     7.8042824584E-02
    1.4250000000E+00     6.6903760467E-02
    1.4750000000E+00     5.7091024611E-02
    1.5250000000E+00     4.8493600828E-02
    1.5750000000E+00     4.1001509454E-02
    1.6250000000E+00     3.4507508413E-02
    1.6750000000E+00     2.8908478436E-02
    1.7250000000E+00     2.4106505983E-02
    1.7750000000E+00     2.0009684201E-02
    1.8250000000E+00     1.6532657276E-02
    1.8750000000E+00     1.3596936912E-02
    1.9250000000E+00     1.1131021540E-02
    1.9750000000E+00     9.0703493558E-03
    2.0250000000E+00     7.3571157251E-03
    2.0750000000E+00     5.9399839479E-03
    2.1250000000E+00     4.7737162075E-03
    2.1750000000E+00     3.8187488366E-03
    2.2250000000E+00     3.0407330662E-03
    2.2750000000E+00     2.4100593238E-03
    2.3250000000E+00     1.9013800586E-03
    2.3750000000E+00     1.4931431083E-03
    2.4250000000E+00     1.1671448624E-03
    2.4750000000E+00     9.0810998846E-04
    2.5250000000E+00     7.0330229756E-04
    2.5750000000E+00     5.4216945452E-04
    2.6250000000E+00     4.1602268741E-04
    2.6750000000E+00     3.1775140278E-04
    2.7250000000E+00     2.4157164891E-04
    2.7750000000E+00     1.8280665854E-04
    2.8250000000E+00     1.3769721316E-04
    2.8750000000E+00     1.0323926856E-04
    2.9250000000E+00     7.7046133669E-05
    2.9750000000E+00     5.7232468552E-05
    3.0250000000E+00     4.2317435385E-05
    3.0750000000E+00     3.1144471801E-05
    3.1250000000E+00     2.2815337865E-05
    3.1750000000E+00     1.6636297580E-05
    3.2250000000E+00     1.2074518843E-05
    3.2750000000E+00     8.7230005887E-06
    3.3250000000E+00     6.2725541944E-06
    3.3750000000E+00     4.4895719180E-06
    3.4250000000E+00     3.1985045423E-06
    3.4750000000E+00     2.2681411491E-06
    3.5250000000E+00     1.6009353326E-06
    3.5750000000E+00     1.1247542603E-06
    3.6250000000E+00     7.8654068010E-07
    3.6750000000E+00     5.4747457788E-07
    3.7250000000E+00     3.7930231360E-07
    3.7750000000E+00     2.6156843493E-07
    3.8250000000E+00     1.7954074644E-07
    3.8750000000E+00     1.2266428045E-07
    3.9250000000E+00     8.3416153013E-08
    3.9750000000E+00     5.6462322295E-08
    4.0250000000E+00     3.8040264728E-08
    4.0750000000E+00     2.5509649222E-08
    4.1250000000E+00     1.7027165118E-08
    4.1750000000E+00     1.1312539995E-08
    4.2250000000E+00     7.4811299884E-09
    4.2750000000E+00     4.9248201556E-09
    4.3250000000E+00     3.2277757260E-09
    4.3750000000E+00     2.1071899970E-09
    4.4250000000E+00     1.3718617072E-09
    4.4750000000E+00     8.9342489025E-10
    4.5250000000E+00     5.8651980890E-10
    4.5750000000E+00     3.9526812414E-10
    4.6250000000E+00     2.8420171115E-10
    4.6750000000E+00     2.3237123924E-10
    4.7250000000E+00     2.2978817200E-10
    4.7750000000E+00     2.7567896216E-10
    4.8250000000E+00     3.7829004898E-10
    4.8750000000E+00     5.5620780411E-10
    4.9250000000E+00     8.4137668090E-10
    4.9750000000E+00     1.2842389030E-09
    5.0250000000E+00     1.9617094872E-09
    5.0750000000E+00     2.9890751249E-09
    5.1250000000E+00     4.5374056394E-09
    5.1750000000E+00     6.8587442655E-09
    5.2250000000E+00     1.0322264639E-08
    5.2750000000E+00     1.5465834880E-08
    5.3250000000E+00     2.3069125272E-08
    5.3750000000E+00     3.4256681630E-08
    5.4250000000E+00     5.0642448607E-08
    5.4750000000E+00     7.4531303766E-08
    5.5250000000E+00     1.0919855395E-07
    5.5750000000E+00     1.5927542416E-07
    5.6250000000E+00     2.3127779760E-07
    5.6750000000E+00     3.3432740864E-07
    5.7250000000E+00     4.8113002928E-07
    5.7750000000E+00     6.8929473829E-07
    5.8250000000E+00     9.8310307597E-07
    5.8750000000E+00     1.3958678739E-06
    5.9250000000E+00     1.9730600673E-06
    5.9750000000E+00     2.7764292521E-06
    6.0250000000E+00     3.8894016659E-06
    6.0750000000E+00     5.4241092721E-06
    6.1250000000E+00     7.5304873422E-06
    6.1750000000E+00     1.0407976960E-05
    6.2250000000E+00     1.4320484616E-05
    6.2750000000E+00     1.9615384599E-05
    6.3250000000E+00     2.6747501813E-05
    6.3750000000E+00     3.6309182693E-05
    6.4250000000E+00     4.9067748903E-05
    6.4750000000E+00     6.6011829822E-05
    6.5250000000E+00     8.8408281134E-05
    6.5750000000E+00     1.1787161176E-04
    6.6250000000E+00     1.5644805103E-04
    6.6750000000E+00     2.0671658044E-04
    6.7250000000E+00     2.7190941514E-04
    6.7750000000E+00     3.5605453044E-04
    6.8250000000E+00     4.6414286712E-04
    6.8750000000E+00     6.0232279036E-04
    6.9250000000E+00     7.7812419280E-04
    6.9750000000E+00     1.0007142922E-03
    7.0250000000E+00     1.2811866451E-03
    7.0750000000E+00     1.6328841513E-03
    7.1250000000E+00     2.0717558219E-03
    7.1750000000E+00     2.6167458121E-03
    7.2250000000E+00     3.2902116445E-03
    7.2750000000E+00     4.1183666730E-03
    7.3250000000E+00     5.1317396543E-03
    7.3750000000E+00     6.3656418274E-03
    7.4250000000E+00     7.8606291901E-03
    7.4750000000E+00     9.6629447651E-03
    7.5250000000E+00     1.1824922647E-02
    7.5750000000E+00     1.4405332641E-02
    7.6250000000E+00     1.7469641473E-02
    7.6750000000E+00     2.1090164011E-02
    7.7250000000E+00     2.5346075940E-02
    7.7750000000E+00     3.0323257992E-02
    7.8250000000E+00     3.6113941406E-02
    7.8750000000E+00     4.2816125032E-02
    7.9250000000E+00     5.0532736465E-02
    7.9750000000E+00     5.9370513156E-02
    8.0250000000E+00     6.9438584539E-02
    8.0750000000E+00     8.0846743075E-02
    8.1250000000E+00     9.3703400653E-02
    8.1750000000E+00     1.0811323698E-01
    8.2250000000E+00     1.2417455826E-01
    8.2750000000E+00     1.4197639727E-01
    8.3250000000E+00     1.6159539978E-01
    8.3750000000E+00     1.8309255618E-01
    8.4250000000E+00     2.0650985126E-01
    8.4750000000E+00     2.3186691782E-01
    8.5250000000E+00     2.5915779188E-01
    8.5750000000E+00     2.8834787604E-01
    8.6250000000E+00     3.1937122434E-01
    8.6750000000E+00     3.5212826477E-01
    8.7250000000E+00     3.8648407434E-01
    8.7750000000E+00     4.2226731577E-01
    8.8250000000E+00     4.5926993457E-01
    8.8750000000E+00     4.9724769965E-01
    8.9250000000E+00     5.3592165062E-01
    8.9750000000E+00     5.7498049072E-01
    9.0250000000E+00     6.1408393619E-01
    9.0750000000E+00     6.5286700246E-01
    9.1250000000E+00     6.9094517487E-01
    9.1750000000E+00     7.2792037914E-01
    9.2250000000E+00     7.6338763482E-01
    9.2750000000E+00     7.9694224544E-01
    9.3250000000E+00     8.2818735338E-01
    9.3750000000E+00     8.5674166641E-01
    9.4250000000E+00     8.8224714866E-01
    9.4750000000E+00     9.0437646056E-01
    9.5250000000E+00     9.2283993289E-01
    9.5750000000E+00     9.3739186761E-01
    9.6250000000E+00     9.4783597432E-01
    9.6750000000E+00     9.5402977419E-01
    9.7250000000E+00     9.5588783354E-01
    9.7750000000E+00     9.5338372422E-01
    9.8250000000E+00     9.4655064819E-01
    9.8750000000E+00     9.3548070559E-01
    9.9250000000E+00     9.2032282881E-01
    9.9750000000E+00     9.0127944739E-01
