#t= 4.440000
    2.5000000000E-02     3.3927979470E-06
    7.5000000000E-02     4.6759144238E-06
    1.2500000000E-01     6.4177472742E-06
    1.7500000000E-01     8.7721395902E-06
    2.2500000000E-01     1.1940834787E-05
    2.7500000000E-01     1.6187114633E-05
    3.2500000000E-01     2.1852903885E-05
    3.7500000000E-01     2.9380094706E-05
    4.2500000000E-01     3.9336970508E-05
    4.7500000000E-01     5.2450746199E-05
    5.2500000000E-01     6.9647387757E-05
    5.7500000000E-01     9.2100025321E-05
    6.2500000000E-01     1.2128742581E-04
    6.7500000000E-01     1.5906413692E-04
    7.2500000000E-01     2.0774404614E-04
    7.7500000000E-01     2.7019920554E-04
    8.2500000000E-01     3.4997584329E-04
    8.7500000000E-01     4.5142950149E-04
    9.2500000000E-01     5.7988118961E-04
    9.7500000000E-01     7.4179630589E-04
    1.0250000000E+00     9.4498783407E-04
    1.0750000000E+00     1.1988449500E-03
    1.1250000000E+00     1.5145876495E-03
    1.1750000000E+00     1.9055473168E-03
    1.2250000000E+00     2.3874722729E-03
    1.2750000000E+00     2.9788562621E-03
    1.3250000000E+00     3.7012865462E-03
    1.3750000000E+00     4.5798067754E-03
    1.4250000000E+00     5.6432881089E-03
    1.4750000000E+00     6.9248001789E-03
    1.5250000000E+00     8.4619714749E-03
    1.5750000000E+00     1.0297326610E-02
    1.6250000000E+00     1.2478585794E-02
    1.6750000000E+00     1.5058909758E-02
    1.7250000000E+00     1.8097071434E-02
    1.7750000000E+00     2.1657534079E-02
    1.8250000000E+00     2.5810414214E-02
    1.8750000000E+00     3.0631307099E-02
    1.9250000000E+00     3.6200952361E-02
    1.9750000000E+00     4.2604718182E-02
    2.0250000000E+00     4.9931884173E-02
    2.0750000000E+00     5.8274705765E-02
    2.1250000000E+00     6.7727246885E-02
    2.1750000000E+00     7.8383972695E-02
    2.2250000000E+00     9.0338100420E-02
    2.2750000000E+00     1.0367971365E-01
    2.3250000000E+00     1.1849365380E-01
    2.3750000000E+00     1.3485721174E-01
    2.4250000000E+00     1.5283765214E-01
    2.4750000000E+00     1.7248961335E-01
    2.5250000000E+00     1.9385243555E-01
    2.5750000000E+00     2.1694747921E-01
    2.6250000000E+00     2.4177550461E-01
    2.6750000000E+00     2.6831419024E-01
    2.7250000000E+00     2.9651587291E-01
    2.7750000000E+00     3.2630559558E-01
    2.8250000000E+00     3.5757954888E-01
    2.8750000000E+00     3.9020398952E-01
    2.9250000000E+00     4.2401471259E-01
    2.9750000000E+00     4.5881714556E-01
    3.0250000000E+00     4.9438711864E-01
    3.0750000000E+00     5.3047235067E-01
    3.1250000000E+00     5.6679467088E-01
    3.1750000000E+00     6.0305297604E-01
    3.2250000000E+00     6.3892689994E-01
    3.2750000000E+00     6.7408114883E-01
    3.3250000000E+00     7.0817043297E-01
    3.3750000000E+00     7.4084490181E-01
    3.4250000000E+00     7.7175596998E-01
    3.4750000000E+00     8.0056240290E-01
    3.5250000000E+00     8.2693651665E-01
    3.5750000000E+00     8.5057033693E-01
    3.6250000000E+00     8.7118155644E-01
    3.6750000000E+00     8.8851913043E-01
    3.7250000000E+00     9.0236835606E-01
    3.7750000000E+00     9.1255529189E-01
    3.8250000000E+00     9.1895039078E-01
    3.8750000000E+00     9.2147123998E-01
    3.9250000000E+00     9.2008432760E-01
    3.9750000000E+00     9.1480578244E-01
    4.0250000000E+00     9.0570106456E-01
    4.0750000000E+00     8.9288361451E-01
    4.1250000000E+00     8.7651250054E-01
    4.1750000000E+00     8.5678913175E-01
    4.2250000000E+00     8.3395313222E-01
    4.2750000000E+00     8.0827749448E-01
    4.3250000000E+00     7.8006314921E-01
    4.3750000000E+00     7.4963310221E-01
    4.4250000000E+00     7.1732629825E-01
    4.4750000000E+00     6.8349137394E-01
    4.5250000000E+00     6.4848045986E-01
    4.5750000000E+00     6.1264318363E-01
    4.6250000000E+00     5.7632101399E-01
    4.6750000000E+00     5.3984206858E-01
    4.7250000000E+00     5.0351648902E-01
    4.7750000000E+00     4.6763246439E-01
    4.8250000000E+00     4.3245296083E-01
    4.8750000000E+00     3.9821319102E-01
    4.9250000000E+00     3.6511883384E-01
    4.9750000000E+00     3.3334499229E-01
    5.0250000000E+00     3.0303585753E-01
    5.0750000000E+00     2.7430502959E-01
    5.1250000000E+00     2.4723643043E-01
    5.1750000000E+00     2.2188573413E-01
    5.2250000000E+00     1.9828223108E-01
    5.2750000000E+00     1.7643103884E-01
    5.3250000000E+00     1.5631557091E-01
    5.3750000000E+00     1.3790017700E-01
    5.4250000000E+00     1.2113287239E-01
    5.4750000000E+00     1.0594808073E-01
    5.5250000000E+00     9.2269323048E-02
    5.5750000000E+00     8.0011794956E-02
    5.6250000000E+00     6.9084784393E-02
    5.6750000000E+00     5.9393892626E-02
    5.7250000000E+00     5.0843031525E-02
    5.7750000000E+00     4.3336179926E-02
    5.8250000000E+00     3.6778890929E-02
    5.8750000000E+00     3.1079549982E-02
    5.9250000000E+00     2.6150390519E-02
    5.9750000000E+00     2.1908279572E-02
    6.0250000000E+00     1.8275290218E-02
    6.0750000000E+00     1.5179080952E-02
    6.1250000000E+00     1.2553104154E-02
    6.1750000000E+00     1.0336666902E-02
    6.2250000000E+00     8.4748675253E-03
    6.2750000000E+00     6.9184307184E-03
    6.3250000000E+00     5.6234628276E-03
    6.3750000000E+00     4.5511472686E-03
    6.4250000000E+00     3.6673980519E-03
    6.4750000000E+00     2.9424872184E-03
    6.5250000000E+00     2.3506597290E-03
    6.5750000000E+00     1.8697471042E-03
    6.6250000000E+00     1.4807889481E-03
    6.6750000000E+00     1.1676694704E-03
    6.7250000000E+00     9.1677428941E-04
    6.7750000000E+00     7.1667117403E-04
    6.8250000000E+00     5.5781698324E-04
    6.8750000000E+00     4.3229188804E-04
    6.9250000000E+00     3.3356100211E-04
    6.9750000000E+00     2.5626279411E-04
    7.0250000000E+00     1.9602308534E-04
    7.0750000000E+00     1.4929303035E-04
    7.1250000000E+00     1.1320921235E-04
    7.1750000000E+00     8.5473836914E-05
    7.2250000000E+00     6.4252954129E-05
    7.2750000000E+00     4.8090660522E-05
    7.3250000000E+00     3.5837309731E-05
    7.3750000000E+00     2.6589878179E-05
    7.4250000000E+00     1.9642775729E-05
    7.4750000000E+00     1.4447549980E-05
    7.5250000000E+00     1.0580097353E-05
    7.5750000000E+00     7.7141576003E-06
    7.6250000000E+00     5.6000255701E-06
    7.6750000000E+00     4.0475614110E-06
    7.7250000000E+00     2.9127156699E-06
    7.7750000000E+00     2.0869076058E-06
    7.8250000000E+00     1.4887031655E-06
    7.8750000000E+00     1.0573336173E-06
    7.9250000000E+00     7.4767746529E-07
    7.9750000000E+00     5.2639791416E-07
    8.0250000000E+00     3.6898691950E-07
    8.0750000000E+00     2.5751594343E-07
    8.1250000000E+00     1.7893413139E-07
    8.1750000000E+00     1.2378789410E-07
    8.2250000000E+00     8.5262902211E-08
    8.2750000000E+00     5.8471265900E-08
    8.3250000000E+00     3.9924059621E-08
    8.3750000000E+00     2.7143133710E-08
    8.4250000000E+00     1.8376995232E-08
    8.4750000000E+00     1.2394005317E-08
    8.5250000000E+00     8.3327034858E-09
    8.5750000000E+00     5.5941242861E-09
    8.6250000000E+00     3.7648407358E-09
    8.6750000000E+00     2.5624148069E-09
    8.7250000000E+00     1.7971691529E-09
    8.7750000000E+00     1.3458861086E-09
    8.8250000000E+00     1.1343253701E-09
    8.8750000000E+00     1.1264394253E-09
    8.9250000000E+00     1.3189437257E-09
    8.9750000000E+00     1.7405394647E-09
    9.0250000000E+00     2.4556529496E-09
    9.0750000000E+00     3.5731032417E-09
    9.1250000000E+00     5.2606934782E-09
    9.1750000000E+00     7.7673977869E-09
    9.2250000000E+00     1.1455647936E-08
    9.2750000000E+00     1.6847285407E-08
    9.3250000000E+00     2.4688124261E-08
    9.3750000000E+00     3.6037877191E-08
    9.4250000000E+00     5.2394567054E-08
    9.4750000000E+00     7.5865646964E-08
    9.5250000000E+00     1.0940209200E-07
    9.5750000000E+00     1.5711696061E-07
    9.6250000000E+00     2.2471666632E-07
    9.6750000000E+00     3.2008182854E-07
    9.7250000000E+00     4.5404553696E-07
    9.7750000000E+00     6.4143070222E-07
    9.8250000000E+00     9.0242550156E-07
    9.8750000000E+00     1.2643974810E-06
    9.9250000000E+00     1.7642734606E-06
    9.9750000000E+00     2.4516449141E-06
