#t= 4.320000
    2.5000000000E-02     1.0000000000E+00
    7.5000000000E-02     1.0000000000E+00
    1.2500000000E-01     1.0000000000E+00
    1.7500000000E-01     1.0000000000E+00
    2.2500000000E-01     1.0000000000E+00
    2.7500000000E-01     1.0000000000E+00
    3.2500000000E-01     1.0000000000E+00
    3.7500000000E-01     1.0000000000E+00
    4.2500000000E-01     1.0000000000E+00
    4.7500000000E-01     1.0000000000E+00
    5.2500000000E-01     1.0000000000E+00
    5.7500000000E-01     1.0000000000E+00
    6.2500000000E-01     1.0000000000E+00
    6.7500000000E-01     1.0000000000E+00
    7.2500000000E-01     1.0000000000E+00
    7.7500000000E-01     1.0000000000E+00
    8.2500000000E-01     1.0000000000E+00
    8.7500000000E-01     1.0000000000E+00
    9.2500000000E-01     1.0000000000E+00
    9.7500000000E-01     1.0000000000E+00
    1.0250000000E+00     1.0000000000E+00
    1.0750000000E+00     1.0000000000E+00
    1.1250000000E+00     1.0000000000E+00
    1.1750000000E+00     1.0000000000E+00
    1.2250000000E+00     1.0000000000E+00
    1.2750000000E+00     1.0000000000E+00
    1.3250000000E+00     1.0000000000E+00
    1.3750000000E+00     1.0000000000E+00
    1.4250000000E+00     1.0000000000E+00
    1.4750000000E+00     1.0000000000E+00
    1.5250000000E+00     1.0000000000E+00
    1.5750000000E+00     1.0000000000E+00
    1.6250000000E+00     1.0000000000E+00
    1.6750000000E+00     1.0000000000E+00
    1.7250000000E+00     1.0000000000E+00
    1.7750000000E+00     1.0000000000E+00
    1.8250000000E+00     1.0000000000E+00
    1.8750000000E+00     1.0000000000E+00
    1.9250000000E+00     1.0000000000E+00
    1.9750000000E+00     1.0000000000E+00
    2.0250000000E+00     1.0000000000E+00
    2.0750000000E+00     1.0000000000E+00
    2.1250000000E+00     1.0000000000E+00
    2.1750000000E+00     1.0000000000E+00
    2.2250000000E+00     1.0000000000E+00
    2.2750000000E+00     1.0000000000E+00
    2.3250000000E+00     1.0000000000E+00
    2.3750000000E+00     1.0000000000E+00
    2.4250000000E+00     1.0000000000E+00
    2.4750000000E+00     1.0000000000E+00
    2.5250000000E+00     1.0000000000E+00
    2.5750000000E+00     1.0000000000E+00
    2.6250000000E+00     1.0000000000E+00
    2.6750000000E+00     1.0000000000E+00
    2.7250000000E+00     1.0000000000E+00
    2.7750000000E+00     1.0000000000E+00
    2.8250000000E+00     1.0000000000E+00
    2.8750000000E+00     1.0000000000E+00
    2.9250000000E+00     1.0000000000E+00
    2.9750000000E+00     1.0000000000E+00
    3.0250000000E+00     1.0000000000E+00
    3.0750000000E+00     1.0000000000E+00
    3.1250000000E+00     1.0000000000E+00
    3.1750000000E+00     1.0000000000E+00
    3.2250000000E+00     1.0000000000E+00
    3.2750000000E+00     1.0000000000E+00
    3.3250000000E+00     1.0000000000E+00
    3.3750000000E+00     1.0000000000E+00
    3.4250000000E+00     1.0000000000E+00
    3.4750000000E+00     1.0000000000E+00
    3.5250000000E+00     1.0000000000E+00
    3.5750000000E+00     1.0000000000E+00
    3.6250000000E+00     1.0000000000E+00
    3.6750000000E+00     1.0000000000E+00
    3.7250000000E+00     1.0000000000E+00
    3.7750000000E+00     1.0000000000E+00
    3.8250000000E+00     1.0000000000E+00
    3.8750000000E+00     1.0000000000E+00
    3.9250000000E+00     1.0000000000E+00
    3.9750000000E+00     1.0000000000E+00
    4.0250000000E+00     1.0000000000E+00
    4.0750000000E+00     1.0000000000E+00
    4.1250000000E+00     1.0000000000E+00
    4.1750000000E+00     1.0000000000E+00
    4.2250000000E+00     1.0000000000E+00
    4.2750000000E+00     1.0000000000E+00
    4.3250000000E+00     1.0000000000E+00
    4.3750000000E+00     1.0000000000E+00
    4.4250000000E+00     1.0000000000E+00
    4.4750000000E+00     1.0000000000E+00
    4.5250000000E+00     1.0000000000E+00
    4.5750000000E+00     1.0000000000E+00
    4.6250000000E+00     1.0000000000E+00
    4.6750000000E+00     1.0000000000E+00
    4.7250000000E+00     1.0000000000E+00
    4.7750000000E+00     1.0000000000E+00
    4.8250000000E+00     1.0000000000E+00
    4.8750000000E+00     1.0000000000E+00
    4.9250000000E+00     1.0000000000E+00
    4.9750000000E+00     1.0000000000E+00
    5.0250000000E+00     1.0000000000E+00
    5.0750000000E+00     1.0000000000E+00
    5.1250000000E+00     1.0000000000E+00
    5.1750000000E+00     1.0000000000E+00
    5.2250000000E+00     1.0000000000E+00
    5.2750000000E+00     1.0000000000E+00
    5.3250000000E+00     1.0000000000E+00
    5.3750000000E+00     1.0000000000E+00
    5.4250000000E+00     1.0000000000E+00
    5.4750000000E+00     1.0000000000E+00
    5.5250000000E+00     1.0000000000E+00
    5.5750000000E+00     1.0000000000E+00
    5.6250000000E+00     1.0000000000E+00
    5.6750000000E+00     1.0000000000E+00
    5.7250000000E+00     1.0000000000E+00
    5.7750000000E+00     1.0000000000E+00
    5.8250000000E+00     1.0000000000E+00
    5.8750000000E+00     1.0000000000E+00
    5.9250000000E+00     1.0000000000E+00
    5.9750000000E+00     1.0000000000E+00
    6.0250000000E+00     1.0000000000E+00
    6.0750000000E+00     1.0000000000E+00
    6.1250000000E+00     1.0000000000E+00
    6.1750000000E+00     1.0000000000E+00
    6.2250000000E+00     1.0000000000E+00
    6.2750000000E+00     1.0000000000E+00
    6.3250000000E+00     1.0000000000E+00
    6.3750000000E+00     1.0000000000E+00
    6.4250000000E+00     1.0000000000E+00
    6.4750000000E+00     9.9999999999E-01
    6.5250000000E+00     9.9999999998E-01
    6.5750000000E+00     9.9999999995E-01
    6.6250000000E+00     9.9999999987E-01
    6.6750000000E+00     9.9999999966E-01
    6.7250000000E+00     9.9999999915E-01
    6.7750000000E+00     9.9999999792E-01
    6.8250000000E+00     9.9999999498E-01
    6.8750000000E+00     9.9999998811E-01
    6.9250000000E+00     9.9999997240E-01
    6.9750000000E+00     9.9999993716E-01
    7.0250000000E+00     9.9999985972E-01
    7.0750000000E+00     9.9999969290E-01
    7.1250000000E+00     9.9999934083E-01
    7.1750000000E+00     9.9999861285E-01
    7.2250000000E+00     9.9999713838E-01
    7.2750000000E+00     9.9999421334E-01
    7.3250000000E+00     9.9998853094E-01
    7.3750000000E+00     9.9997772241E-01
    7.4250000000E+00     9.9995759599E-01
    7.4750000000E+00     9.9992091393E-01
    7.5250000000E+00     9.9985548814E-01
    7.5750000000E+00     9.9974131365E-01
    7.6250000000E+00     9.9954640717E-01
    7.6750000000E+00     9.9922099892E-01
    7.7250000000E+00     9.9868977312E-01
    7.7750000000E+00     9.9784200701E-01
    7.8250000000E+00     9.9651976321E-01
    7.8750000000E+00     9.9450477911E-01
    7.9250000000E+00     9.9150537285E-01
    7.9750000000E+00     9.8714550167E-01
    8.0250000000E+00     9.8095894700E-01
    8.0750000000E+00     9.7239226421E-01
    8.1250000000E+00     9.6082035872E-01
    8.1750000000E+00     9.4557804723E-01
    8.2250000000E+00     9.2600949588E-01
    8.2750000000E+00     9.0153491190E-01
    8.3250000000E+00     8.7173046272E-01
    8.3750000000E+00     8.3641357784E-01
    8.4250000000E+00     7.9572231820E-01
    8.4750000000E+00     7.5017531905E-01
    8.5250000000E+00     7.0069882699E-01
    8.5750000000E+00     6.4861014970E-01
    8.6250000000E+00     5.9555242396E-01
    8.6750000000E+00     5.4338326920E-01
    8.7250000000E+00     4.9402822859E-01
    8.7750000000E+00     4.4931709780E-01
    8.8250000000E+00     4.1082552635E-01
    8.8750000000E+00     3.7974441750E-01
    8.9250000000E+00     3.5679536450E-01
    8.9750000000E+00     3.4220245894E-01
    9.0250000000E+00     3.3572103040E-01
    9.0750000000E+00     3.3671443034E-01
    9.1250000000E+00     3.4426291297E-01
    9.1750000000E+00     3.5728534859E-01
    9.2250000000E+00     3.7465525670E-01
    9.2750000000E+00     3.9529677175E-01
    9.3250000000E+00     4.1825223668E-01
    9.3750000000E+00     4.4271950279E-01
    9.4250000000E+00     4.6806228414E-01
    9.4750000000E+00     4.9380022115E-01
    9.5250000000E+00     5.1958647014E-01
    9.5750000000E+00     5.4518002167E-01
    9.6250000000E+00     5.7041823824E-01
    9.6750000000E+00     5.9519301004E-01
    9.7250000000E+00     6.1943202068E-01
    9.7750000000E+00     6.4308521010E-01
    9.8250000000E+00     6.6611570020E-01
    9.8750000000E+00     6.8849412523E-01
    9.9250000000E+00     7.1019532271E-01
    9.9750000000E+00     7.3119652933E-01
