#t= 2.640000
    2.5000000000E-02     8.9615266912E-01
    7.5000000000E-02     9.1509794270E-01
    1.2500000000E-01     9.3023181673E-01
    1.7500000000E-01     9.4135259759E-01
    2.2500000000E-01     9.4831031990E-01
    2.7500000000E-01     9.5101011061E-01
    3.2500000000E-01     9.4941434113E-01
    3.7500000000E-01     9.4354349925E-01
    4.2500000000E-01     9.3347575267E-01
    4.7500000000E-01     9.1934521702E-01
    5.2500000000E-01     9.0133898218E-01
    5.7500000000E-01     8.7969298881E-01
    6.2500000000E-01     8.5468688246E-01
    6.7500000000E-01     8.2663800200E-01
    7.2500000000E-01     7.9589468305E-01
    7.7500000000E-01     7.6282907378E-01
    8.2500000000E-01     7.2782966974E-01
    8.7500000000E-01     6.9129377609E-01
    9.2500000000E-01     6.5362009961E-01
    9.7500000000E-01     6.1520166064E-01
    1.0250000000E+00     5.7641919591E-01
    1.0750000000E+00     5.3763519957E-01
    1.1250000000E+00     4.9918872187E-01
    1.1750000000E+00     4.6139101484E-01
    1.2250000000E+00     4.2452208233E-01
    1.2750000000E+00     3.8882816075E-01
    1.3250000000E+00     3.5452012634E-01
    1.3750000000E+00     3.2177279723E-01
    1.4250000000E+00     2.9072507388E-01
    1.4750000000E+00     2.6148084103E-01
    1.5250000000E+00     2.3411053834E-01
    1.5750000000E+00     2.0865329521E-01
    1.6250000000E+00     1.8511951873E-01
    1.6750000000E+00     1.6349382131E-01
    1.7250000000E+00     1.4373817649E-01
    1.7750000000E+00     1.2579519665E-01
    1.8250000000E+00     1.0959143503E-01
    1.8750000000E+00     9.5040625106E-02
    1.9250000000E+00     8.2046782806E-02
    1.9750000000E+00     7.0507110575E-02
    2.0250000000E+00     6.0314655895E-02
    2.0750000000E+00     5.1360690596E-02
    2.1250000000E+00     4.3536790013E-02
    2.1750000000E+00     3.6736602860E-02
    2.2250000000E+00     3.0857313060E-02
    2.2750000000E+00     2.5800803579E-02
    2.3250000000E+00     2.1474539449E-02
    2.3750000000E+00     1.7792192659E-02
    2.4250000000E+00     1.4674035400E-02
    2.4750000000E+00     1.2047130536E-02
    2.5250000000E+00     9.8453491386E-03
    2.5750000000E+00     8.0092447978E-03
    2.6250000000E+00     6.4858132947E-03
    2.6750000000E+00     5.2281643911E-03
    2.7250000000E+00     4.1951300950E-03
    2.7750000000E+00     3.3508310180E-03
    2.8250000000E+00     2.6642195152E-03
    2.8750000000E+00     2.1086153184E-03
    2.9250000000E+00     1.6612464762E-03
    2.9750000000E+00     1.3028056748E-03
    3.0250000000E+00     1.0170295084E-03
    3.0750000000E+00     7.9030603772E-04
    3.1250000000E+00     6.1131403965E-04
    3.1750000000E+00     4.7069572650E-04
    3.2250000000E+00     3.6076337958E-04
    3.2750000000E+00     2.7523929417E-04
    3.3250000000E+00     2.0902763809E-04
    3.3750000000E+00     1.5801625763E-04
    3.4250000000E+00     1.1890609147E-04
    3.4750000000E+00     8.9065641670E-05
    3.5250000000E+00     6.6407870931E-05
    3.5750000000E+00     4.9286918233E-05
    3.6250000000E+00     3.6412124227E-05
    3.6750000000E+00     2.6777011567E-05
    3.7250000000E+00     1.9601054188E-05
    3.7750000000E+00     1.4282277909E-05
    3.8250000000E+00     1.0358950348E-05
    3.8750000000E+00     7.4788313590E-06
    3.9250000000E+00     5.3746593281E-06
    3.9750000000E+00     3.8447388975E-06
    4.0250000000E+00     2.7376691734E-06
    4.0750000000E+00     1.9404067703E-06
    4.1250000000E+00     1.3689947889E-06
    4.1750000000E+00     9.6140749701E-07
    4.2250000000E+00     6.7206210426E-07
    4.2750000000E+00     4.6763499363E-07
    4.3250000000E+00     3.2389167742E-07
    4.3750000000E+00     2.2329925145E-07
    4.4250000000E+00     1.5323887089E-07
    4.4750000000E+00     1.0467532911E-07
    4.5250000000E+00     7.1172627197E-08
    4.5750000000E+00     4.8169772136E-08
    4.6250000000E+00     3.2451074876E-08
    4.6750000000E+00     2.1760922618E-08
    4.7250000000E+00     1.4525210159E-08
    4.7750000000E+00     9.6510371702E-09
    4.8250000000E+00     6.3834938760E-09
    4.8750000000E+00     4.2038431577E-09
    4.9250000000E+00     2.7575477787E-09
    4.9750000000E+00     1.8036956787E-09
    5.0250000000E+00     1.1796884780E-09
    5.0750000000E+00     7.7677061723E-10
    5.1250000000E+00     5.2323866651E-10
    5.1750000000E+00     3.7309828681E-10
    5.2250000000E+00     2.9861959113E-10
    5.2750000000E+00     2.8574928754E-10
    5.3250000000E+00     3.3172369542E-10
    5.3750000000E+00     4.4453322036E-10
    5.4250000000E+00     6.4415155338E-10
    5.4750000000E+00     9.6569306749E-10
    5.5250000000E+00     1.4649297909E-09
    5.5750000000E+00     2.2269166838E-09
    5.6250000000E+00     3.3788767922E-09
    5.6750000000E+00     5.1090295746E-09
    5.7250000000E+00     7.6937604866E-09
    5.7750000000E+00     1.1536496898E-08
    5.8250000000E+00     1.7222963734E-08
    5.8750000000E+00     2.5599256843E-08
    5.9250000000E+00     3.7881540928E-08
    5.9750000000E+00     5.5809340677E-08
    6.0250000000E+00     8.1858587797E-08
    6.0750000000E+00     1.1953611307E-07
    6.1250000000E+00     1.7378450443E-07
    6.1750000000E+00     2.5153564878E-07
    6.2250000000E+00     3.6246339477E-07
    6.2750000000E+00     5.2000128965E-07
    6.3250000000E+00     7.4271105146E-07
    6.3750000000E+00     1.0561122747E-06
    6.4250000000E+00     1.4951149080E-06
    6.4750000000E+00     2.1072345061E-06
    6.5250000000E+00     2.9568174966E-06
    6.5750000000E+00     4.1305611736E-06
    6.6250000000E+00     5.7446823751E-06
    6.6750000000E+00     7.9541713524E-06
    6.7250000000E+00     1.0964664685E-05
    6.7750000000E+00     1.5047584496E-05
    6.8250000000E+00     2.0559321655E-05
    6.8750000000E+00     2.7965388488E-05
    6.9250000000E+00     3.7870631479E-05
    6.9750000000E+00     5.1056775092E-05
    7.0250000000E+00     6.8528761577E-05
    7.0750000000E+00     9.1571553992E-05
    7.1250000000E+00     1.2181927436E-04
    7.1750000000E+00     1.6133874713E-04
    7.2250000000E+00     2.1272969827E-04
    7.2750000000E+00     2.7924400836E-04
    7.3250000000E+00     3.6492651555E-04
    7.3750000000E+00     4.7477989112E-04
    7.4250000000E+00     6.1495604170E-04
    7.4750000000E+00     7.9297630190E-04
    7.5250000000E+00     1.0179823392E-03
    7.5750000000E+00     1.3010191701E-03
    7.6250000000E+00     1.6553509516E-03
    7.6750000000E+00     2.0968092383E-03
    7.7250000000E+00     2.6441721553E-03
    7.7750000000E+00     3.3195714172E-03
    7.8250000000E+00     4.1489223114E-03
    7.8750000000E+00     5.1623696641E-03
    7.9250000000E+00     6.3947404418E-03
    7.9750000000E+00     7.8859910402E-03
    8.0250000000E+00     9.6816345456E-03
    8.0750000000E+00     1.1833130392E-02
    8.1250000000E+00     1.4398215994E-02
    8.1750000000E+00     1.7441157234E-02
    8.2250000000E+00     2.1032892303E-02
    8.2750000000E+00     2.5251041454E-02
    8.3250000000E+00     3.0179753989E-02
    8.3750000000E+00     3.5909363426E-02
    8.4250000000E+00     4.2535822441E-02
    8.4750000000E+00     5.0159891134E-02
    8.5250000000E+00     5.8886055506E-02
    8.5750000000E+00     6.8821157894E-02
    8.6250000000E+00     8.0072727659E-02
    8.6750000000E+00     9.2747008469E-02
    8.7250000000E+00     1.0694668828E-01
    8.7750000000E+00     1.2276834915E-01
    8.8250000000E+00     1.4029966629E-01
    8.8750000000E+00     1.5961639874E-01
    8.9250000000E+00     1.8077922770E-01
    8.9750000000E+00     2.0383051148E-01
    9.0250000000E+00     2.2879103889E-01
    9.0750000000E+00     2.5565687388E-01
    9.1250000000E+00     2.8439639330E-01
    9.1750000000E+00     3.1494762615E-01
    9.2250000000E+00     3.4721600561E-01
    9.2750000000E+00     3.8107264440E-01
    9.3250000000E+00     4.1635323886E-01
    9.3750000000E+00     4.5285769760E-01
    9.4250000000E+00     4.9035057630E-01
    9.4750000000E+00     5.2856238153E-01
    9.5250000000E+00     5.6719178363E-01
    9.5750000000E+00     6.0590875260E-01
    9.6250000000E+00     6.4435860155E-01
    9.6750000000E+00     6.8216689188E-01
    9.7250000000E+00     7.1894512268E-01
    9.7750000000E+00     7.5429709672E-01
    9.8250000000E+00     7.8782582618E-01
    9.8750000000E+00     8.1914081669E-01
    9.9250000000E+00     8.4786554702E-01
    9.9750000000E+00     8.7364494720E-01
