#t= 3.160000
    2.5000000000E-02     2.1259246556E-01
    7.5000000000E-02     2.3789936533E-01
    1.2500000000E-01     2.6504838453E-01
    1.7500000000E-01     2.9399702600E-01
    2.2500000000E-01     3.2467290281E-01
    2.7500000000E-01     3.5697180453E-01
    3.2500000000E-01     3.9075629374E-01
    3.7500000000E-01     4.2585492773E-01
    4.2500000000E-01     4.6206218949E-01
    4.7500000000E-01     4.9913919763E-01
    5.2500000000E-01     5.3681524612E-01
    5.7500000000E-01     5.7479020274E-01
    6.2500000000E-01     6.1273776969E-01
    6.7500000000E-01     6.5030958288E-01
    7.2500000000E-01     6.8714009745E-01
    7.7500000000E-01     7.2285217865E-01
    8.2500000000E-01     7.5706328952E-01
    8.7500000000E-01     7.8939214120E-01
    9.2500000000E-01     8.1946564976E-01
    9.7500000000E-01     8.4692602575E-01
    1.0250000000E+00     8.7143781068E-01
    1.0750000000E+00     8.9269466830E-01
    1.1250000000E+00     9.1042573952E-01
    1.1750000000E+00     9.2440137716E-01
    1.2250000000E+00     9.3443809099E-01
    1.2750000000E+00     9.4040255451E-01
    1.3250000000E+00     9.4221455109E-01
    1.3750000000E+00     9.3984876857E-01
    1.4250000000E+00     9.3333538626E-01
    1.4750000000E+00     9.2275943525E-01
    1.5250000000E+00     9.0825895105E-01
    1.5750000000E+00     8.9002197458E-01
    1.6250000000E+00     8.6828249275E-01
    1.6750000000E+00     8.4331544096E-01
    1.7250000000E+00     8.1543091703E-01
    1.7750000000E+00     7.8496777657E-01
    1.8250000000E+00     7.5228679459E-01
    1.8750000000E+00     7.1776358595E-01
    1.9250000000E+00     6.8178147766E-01
    1.9750000000E+00     6.4472452052E-01
    2.0250000000E+00     6.0697081496E-01
    2.0750000000E+00     5.6888630868E-01
    2.1250000000E+00     5.3081920089E-01
    2.1750000000E+00     4.9309506285E-01
    2.2250000000E+00     4.5601275569E-01
    2.2750000000E+00     4.1984119806E-01
    2.3250000000E+00     3.8481700670E-01
    2.3750000000E+00     3.5114300569E-01
    2.4250000000E+00     3.1898757414E-01
    2.4750000000E+00     2.8848478005E-01
    2.5250000000E+00     2.5973522890E-01
    2.5750000000E+00     2.3280754052E-01
    2.6250000000E+00     2.0774035770E-01
    2.6750000000E+00     1.8454478317E-01
    2.7250000000E+00     1.6320713947E-01
    2.7750000000E+00     1.4369194808E-01
    2.8250000000E+00     1.2594502846E-01
    2.8750000000E+00     1.0989662585E-01
    2.9250000000E+00     9.5464485956E-02
    2.9750000000E+00     8.2556806563E-02
    3.0250000000E+00     7.1075007842E-02
    3.0750000000E+00     6.0916276309E-02
    3.1250000000E+00     5.1975849601E-02
    3.1750000000E+00     4.4149021300E-02
    3.2250000000E+00     3.7332855997E-02
    3.2750000000E+00     3.1427614523E-02
    3.3250000000E+00     2.6337897610E-02
    3.3750000000E+00     2.1973523071E-02
    3.4250000000E+00     1.8250156870E-02
    3.4750000000E+00     1.5089722225E-02
    3.5250000000E+00     1.2420613320E-02
    3.5750000000E+00     1.0177741300E-02
    3.6250000000E+00     8.3024402932E-03
    3.6750000000E+00     6.7422603559E-03
    3.7250000000E+00     5.4506726315E-03
    3.7750000000E+00     4.3867099383E-03
    3.8250000000E+00     3.5145635084E-03
    3.8750000000E+00     2.8031539337E-03
    3.9250000000E+00     2.2256916300E-03
    3.9750000000E+00     1.7592394243E-03
    4.0250000000E+00     1.3842873010E-03
    4.0750000000E+00     1.0843469662E-03
    4.1250000000E+00     8.4557175824E-04
    4.1750000000E+00     6.5640556643E-04
    4.2250000000E+00     5.0726283642E-04
    4.2750000000E+00     3.9024042865E-04
    4.3250000000E+00     2.9886104963E-04
    4.3750000000E+00     2.2784716942E-04
    4.4250000000E+00     1.7292374826E-04
    4.4750000000E+00     1.3064769338E-04
    4.5250000000E+00     9.8261723128E-05
    4.5750000000E+00     7.3570202056E-05
    4.6250000000E+00     5.4834499873E-05
    4.6750000000E+00     4.0685495616E-05
    4.7250000000E+00     3.0050973279E-05
    4.7750000000E+00     2.2095818973E-05
    4.8250000000E+00     1.6173116517E-05
    4.8750000000E+00     1.1784435978E-05
    4.9250000000E+00     8.5478084962E-06
    4.9750000000E+00     6.1720734490E-06
    5.0250000000E+00     4.4364657221E-06
    5.0750000000E+00     3.1744781459E-06
    5.1250000000E+00     2.2611852480E-06
    5.1750000000E+00     1.6033486127E-06
    5.2250000000E+00     1.1317414368E-06
    5.2750000000E+00     7.9523106894E-07
    5.3250000000E+00     5.5624452936E-07
    5.3750000000E+00     3.8731461559E-07
    5.4250000000E+00     2.6846468834E-07
    5.4750000000E+00     1.8524011835E-07
    5.5250000000E+00     1.2723511846E-07
    5.5750000000E+00     8.6996658893E-08
    5.6250000000E+00     5.9213612544E-08
    5.6750000000E+00     4.0120314284E-08
    5.7250000000E+00     2.7060312940E-08
    5.7750000000E+00     1.8169081982E-08
    5.8250000000E+00     1.2144540571E-08
    5.8750000000E+00     8.0820104491E-09
    5.9250000000E+00     5.3561825121E-09
    5.9750000000E+00     3.5371865799E-09
    6.0250000000E+00     2.3312689467E-09
    6.0750000000E+00     1.5391405933E-09
    6.1250000000E+00     1.0269671369E-09
    6.1750000000E+00     7.0638901856E-10
    6.2250000000E+00     5.2101161458E-10
    6.2750000000E+00     4.3758700996E-10
    6.3250000000E+00     4.4069794191E-10
    6.3750000000E+00     5.3020985452E-10
    6.4250000000E+00     7.2112764124E-10
    6.4750000000E+00     1.0458205584E-09
    6.5250000000E+00     1.5588990551E-09
    6.5750000000E+00     2.3453771995E-09
    6.6250000000E+00     3.5331726680E-09
    6.6750000000E+00     5.3115271606E-09
    6.7250000000E+00     7.9576269581E-09
    6.7750000000E+00     1.1874632532E-08
    6.8250000000E+00     1.7645571731E-08
    6.8750000000E+00     2.6109220253E-08
    6.9250000000E+00     3.8466322423E-08
    6.9750000000E+00     5.6427468178E-08
    7.0250000000E+00     8.2417857089E-08
    7.0750000000E+00     1.1985932089E-07
    7.1250000000E+00     1.7355668101E-07
    7.1750000000E+00     2.5022420292E-07
    7.2250000000E+00     3.5919907984E-07
    7.2750000000E+00     5.1340313951E-07
    7.3250000000E+00     7.3063203807E-07
    7.3750000000E+00     1.0352739226E-06
    7.4250000000E+00     1.4605878748E-06
    7.4750000000E+00     2.0517074823E-06
    7.5250000000E+00     2.8695778340E-06
    7.5750000000E+00     3.9960864075E-06
    7.6250000000E+00     5.5407110828E-06
    7.6750000000E+00     7.6490832718E-06
    7.7250000000E+00     1.0513952215E-05
    7.7750000000E+00     1.4389139049E-05
    7.8250000000E+00     1.9607187152E-05
    7.8750000000E+00     2.6601548986E-05
    7.9250000000E+00     3.5934298921E-05
    7.9750000000E+00     4.8330525286E-05
    8.0250000000E+00     6.4720730856E-05
    8.0750000000E+00     8.6292755523E-05
    8.1250000000E+00     1.1455492246E-04
    8.1750000000E+00     1.5141229236E-04
    8.2250000000E+00     1.9925807918E-04
    8.2750000000E+00     2.6108242293E-04
    8.3250000000E+00     3.4060081507E-04
    8.3750000000E+00     4.4240451165E-04
    8.4250000000E+00     5.7213522741E-04
    8.4750000000E+00     7.3668625723E-04
    8.5250000000E+00     9.4443189347E-04
    8.5750000000E+00     1.2054865720E-03
    8.6250000000E+00     1.5319945587E-03
    8.6750000000E+00     1.9384501572E-03
    8.7250000000E+00     2.4420473494E-03
    8.7750000000E+00     3.0630564658E-03
    8.8250000000E+00     3.8252238971E-03
    8.8750000000E+00     4.7561890165E-03
    8.9250000000E+00     5.8879103851E-03
    8.9750000000E+00     7.2570909973E-03
    9.0250000000E+00     8.9055898263E-03
    9.0750000000E+00     1.0880804328E-02
    9.1250000000E+00     1.3236005934E-02
    9.1750000000E+00     1.6030608031E-02
    9.2250000000E+00     1.9330343596E-02
    9.2750000000E+00     2.3207327721E-02
    9.3250000000E+00     2.7739978838E-02
    9.3750000000E+00     3.3012771770E-02
    9.4250000000E+00     3.9115795908E-02
    9.4750000000E+00     4.6144093103E-02
    9.5250000000E+00     5.4196752314E-02
    9.5750000000E+00     6.3375741930E-02
    9.6250000000E+00     7.3784465923E-02
    9.6750000000E+00     8.5526036794E-02
    9.7250000000E+00     9.8701266463E-02
    9.7750000000E+00     1.1340638585E-01
    9.8250000000E+00     1.2973051458E-01
    9.8750000000E+00     1.4775291405E-01
    9.9250000000E+00     1.6754006907E-01
    9.9750000000E+00     1.8914265578E-01
