#t= 1.600000
    2.5000000000E-02     1.0000000000E+00
    7.5000000000E-02     1.0000000000E+00
    1.2500000000E-01     1.0000000000E+00
    1.7500000000E-01     1.0000000000E+00
    2.2500000000E-01     1.0000000000E+00
    2.7500000000E-01     1.0000000000E+00
    3.2500000000E-01     1.0000000000E+00
    3.7500000000E-01     1.0000000000E+00
    4.2500000000E-01     1.0000000000E+00
    4.7500000000E-01     1.0000000000E+00
    5.2500000000E-01     1.0000000000E+00
    5.7500000000E-01     1.0000000000E+00
    6.2500000000E-01     1.0000000000E+00
    6.7500000000E-01     1.0000000000E+00
    7.2500000000E-01     1.0000000000E+00
    7.7500000000E-01     1.0000000000E+00
    8.2500000000E-01     1.0000000000E+00
    8.7500000000E-01     1.0000000000E+00
    9.2500000000E-01     1.0000000000E+00
    9.7500000000E-01     1.0000000000E+00
    1.0250000000E+00     1.0000000000E+00
    1.0750000000E+00     1.0000000000E+00
    1.1250000000E+00     1.0000000000E+00
    1.1750000000E+00     1.0000000000E+00
    1.2250000000E+00     1.0000000000E+00
    1.2750000000E+00     1.0000000000E+00
    1.3250000000E+00     1.0000000000E+00
    1.3750000000E+00     1.0000000000E+00
    1.4250000000E+00     1.0000000000E+00
    1.4750000000E+00     1.0000000000E+00
    1.5250000000E+00     1.0000000000E+00
    1.5750000000E+00     1.0000000000E+00
    1.6250000000E+00     1.0000000000E+00
    1.6750000000E+00     1.0000000000E+00
    1.7250000000E+00     1.0000000000E+00
    1.7750000000E+00     1.0000000000E+00
    1.8250000000E+00     9.9999999999E-01
    1.8750000000E+00     9.9999999998E-01
    1.9250000000E+00     9.9999999989E-01
    1.9750000000E+00     9.9999999952E-01
    2.0250000000E+00     9.9999999798E-01
    2.0750000000E+00     9.9999999201E-01
    2.1250000000E+00     9.9999996985E-01
    2.1750000000E+00     9.9999989159E-01
    2.2250000000E+00     9.9999962855E-01
    2.2750000000E+00     9.9999878762E-01
    2.3250000000E+00     9.9999623097E-01
    2.3750000000E+00     9.9998884153E-01
    2.4250000000E+00     9.9996854661E-01
    2.4750000000E+00     9.9991560704E-01
    2.5250000000E+00     9.9978452730E-01
    2.5750000000E+00     9.9947666219E-01
    2.6250000000E+00     9.9879129803E-01
    2.6750000000E+00     9.9734639164E-01
    2.7250000000E+00     9.9446444035E-01
    2.7750000000E+00     9.8903222575E-01
    2.8250000000E+00     9.7936814232E-01
    2.8750000000E+00     9.6316450095E-01
    2.9250000000E+00     9.3760116332E-01
    2.9750000000E+00     8.9972640422E-01
    3.0250000000E+00     8.4714359398E-01
    3.0750000000E+00     7.7891795741E-01
    3.1250000000E+00     6.9645672723E-01
    3.1750000000E+00     6.0399711184E-01
    3.2250000000E+00     5.0835826275E-01
    3.2750000000E+00     4.1783044738E-01
    3.3250000000E+00     3.4043306072E-01
    3.3750000000E+00     2.8210346578E-01
    3.4250000000E+00     2.4547936183E-01
    3.4750000000E+00     2.2971213062E-01
    3.5250000000E+00     2.3129676078E-01
    3.5750000000E+00     2.4547603734E-01
    3.6250000000E+00     2.6760925825E-01
    3.6750000000E+00     2.9404940745E-01
    3.7250000000E+00     3.2240488692E-01
    3.7750000000E+00     3.5135105052E-01
    3.8250000000E+00     3.8026447544E-01
    3.8750000000E+00     4.0889119700E-01
    3.9250000000E+00     4.3713399958E-01
    3.9750000000E+00     4.6494860057E-01
    4.0250000000E+00     4.9230469496E-01
    4.0750000000E+00     5.1917496200E-01
    4.1250000000E+00     5.4553286604E-01
    4.1750000000E+00     5.7135239500E-01
    4.2250000000E+00     5.9660806813E-01
    4.2750000000E+00     6.2127496112E-01
    4.3250000000E+00     6.4532873074E-01
    4.3750000000E+00     6.6874563880E-01
    4.4250000000E+00     6.9150257567E-01
    4.4750000000E+00     7.1357708297E-01
    4.5250000000E+00     7.3494737585E-01
    4.5750000000E+00     7.5559236439E-01
    4.6250000000E+00     7.7549167450E-01
    4.6750000000E+00     7.9462566795E-01
    4.7250000000E+00     8.1297546180E-01
    4.7750000000E+00     8.3052294703E-01
    4.8250000000E+00     8.4725080637E-01
    4.8750000000E+00     8.6314253146E-01
    4.9250000000E+00     8.7818243908E-01
    4.9750000000E+00     8.9235568665E-01
    5.0250000000E+00     9.0564828690E-01
    5.0750000000E+00     9.1804712163E-01
    5.1250000000E+00     9.2953995469E-01
    5.1750000000E+00     9.4011544404E-01
    5.2250000000E+00     9.4976315294E-01
    5.2750000000E+00     9.5847356028E-01
    5.3250000000E+00     9.6623806994E-01
    5.3750000000E+00     9.7304901927E-01
    5.4250000000E+00     9.7889968670E-01
    5.4750000000E+00     9.8378429832E-01
    5.5250000000E+00     9.8769803361E-01
    5.5750000000E+00     9.9063703020E-01
    5.6250000000E+00     9.9259838763E-01
    5.6750000000E+00     9.9358017029E-01
    5.7250000000E+00     9.9358140928E-01
    5.7750000000E+00     9.9260210338E-01
    5.8250000000E+00     9.9064321904E-01
    5.8750000000E+00     9.8770668944E-01
    5.9250000000E+00     9.8379541259E-01
    5.9750000000E+00     9.7891324844E-01
    6.0250000000E+00     9.7306501510E-01
    6.0750000000E+00     9.6625648407E-01
    6.1250000000E+00     9.5849437455E-01
    6.1750000000E+00     9.4978634680E-01
    6.2250000000E+00     9.4014099459E-01
    6.2750000000E+00     9.2956783673E-01
    6.3250000000E+00     9.1807730764E-01
    6.3750000000E+00     9.0568074709E-01
    6.4250000000E+00     8.9239038899E-01
    6.4750000000E+00     8.7821934931E-01
    6.5250000000E+00     8.6318161316E-01
    6.5750000000E+00     8.4729202098E-01
    6.6250000000E+00     8.3056625386E-01
    6.6750000000E+00     8.1302081813E-01
    6.7250000000E+00     7.9467302901E-01
    6.7750000000E+00     7.7554099355E-01
    6.8250000000E+00     7.5564359276E-01
    6.8750000000E+00     7.3500046297E-01
    6.9250000000E+00     7.1363197647E-01
    6.9750000000E+00     6.9155922136E-01
    7.0250000000E+00     6.6880398079E-01
    7.0750000000E+00     6.4538871144E-01
    7.1250000000E+00     6.2133652135E-01
    7.1750000000E+00     5.9667114713E-01
    7.2250000000E+00     5.7141693053E-01
    7.2750000000E+00     5.4559879440E-01
    7.3250000000E+00     5.1924221813E-01
    7.3750000000E+00     4.9237321248E-01
    7.4250000000E+00     4.6501829392E-01
    7.4750000000E+00     4.3720445844E-01
    7.5250000000E+00     4.0895915495E-01
    7.5750000000E+00     3.8031025814E-01
    7.6250000000E+00     3.5128604103E-01
    7.6750000000E+00     3.2191514700E-01
    7.7250000000E+00     2.9222656159E-01
    7.7750000000E+00     2.6224958385E-01
    7.8250000000E+00     2.3201379742E-01
    7.8750000000E+00     2.0154904139E-01
    7.9250000000E+00     1.7088538079E-01
    7.9750000000E+00     1.4005307695E-01
    8.0250000000E+00     1.0908255763E-01
    8.0750000000E+00     7.8004387000E-02
    8.1250000000E+00     4.6849235455E-02
    8.1750000000E+00     1.5647849370E-02
    8.2250000000E+00    -1.5568979253E-02
    8.2750000000E+00    -4.6770443173E-02
    8.3250000000E+00    -7.7925750312E-02
    8.3750000000E+00    -1.0900415414E-01
    8.4250000000E+00    -1.3997498404E-01
    8.4750000000E+00    -1.7080767552E-01
    8.5250000000E+00    -2.0147180045E-01
    8.5750000000E+00    -2.3193709703E-01
    8.6250000000E+00    -2.6217349970E-01
    8.6750000000E+00    -2.9215116878E-01
    8.7250000000E+00    -3.2184051993E-01
    8.7750000000E+00    -3.5121225335E-01
    8.8250000000E+00    -3.8023738267E-01
    8.8750000000E+00    -4.0888726360E-01
    8.9250000000E+00    -4.3713362216E-01
    8.9750000000E+00    -4.6494858262E-01
    9.0250000000E+00    -4.9230469496E-01
    9.0750000000E+00    -5.1917496200E-01
    9.1250000000E+00    -5.4553286604E-01
    9.1750000000E+00    -5.7135239500E-01
    9.2250000000E+00    -5.9660806813E-01
    9.2750000000E+00    -6.2127496112E-01
    9.3250000000E+00    -6.4532873074E-01
    9.3750000000E+00    -6.6874563880E-01
    9.4250000000E+00    -6.9150257567E-01
    9.4750000000E+00    -7.1357708297E-01
    9.5250000000E+00    -7.3494737585E-01
    9.5750000000E+00    -7.5559236439E-01
    9.6250000000E+00    -7.7549167450E-01
    9.6750000000E+00    -7.9462566795E-01
    9.7250000000E+00    -8.1297546180E-01
    9.7750000000E+00    -8.3052294703E-01
    9.8250000000E+00    -8.4725080637E-01
    9.8750000000E+00    -8.6314253146E-01
    9.9250000000E+00    -8.7818243908E-01
    9.9750000000E+00    -8.9235568665E-01
