#t= 3.880000
    2.5000000000E-02     1.4794239479E-03
    7.5000000000E-02     1.8668110909E-03
    1.2500000000E-01     2.3456471797E-03
    1.7500000000E-01     2.9348031517E-03
    2.2500000000E-01     3.6563572391E-03
    2.7500000000E-01     4.5359786747E-03
    3.2500000000E-01     5.6033210508E-03
    3.7500000000E-01     6.8924164372E-03
    4.2500000000E-01     8.4420591670E-03
    4.7500000000E-01     1.0296165896E-02
    5.2500000000E-01     1.2504096203E-02
    5.7500000000E-01     1.5120915714E-02
    6.2500000000E-01     1.8207581620E-02
    6.7500000000E-01     2.1831028639E-02
    7.2500000000E-01     2.6064132077E-02
    7.7500000000E-01     3.0985523857E-02
    8.2500000000E-01     3.6679237312E-02
    8.7500000000E-01     4.3234157397E-02
    9.2500000000E-01     5.0743254821E-02
    9.7500000000E-01     5.9302585672E-02
    1.0250000000E+00     6.9010042344E-02
    1.0750000000E+00     7.9963847191E-02
    1.1250000000E+00     9.2260787189E-02
    1.1750000000E+00     1.0599419597E-01
    1.2250000000E+00     1.2125169882E-01
    1.2750000000E+00     1.3811274634E-01
    1.3250000000E+00     1.5664597308E-01
    1.3750000000E+00     1.7690642865E-01
    1.4250000000E+00     1.9893273937E-01
    1.4750000000E+00     2.2274426907E-01
    1.5250000000E+00     2.4833835644E-01
    1.5750000000E+00     2.7568771413E-01
    1.6250000000E+00     3.0473807985E-01
    1.6750000000E+00     3.3540621268E-01
    1.7250000000E+00     3.6757832709E-01
    1.7750000000E+00     4.0110905390E-01
    1.8250000000E+00     4.3582100949E-01
    1.8750000000E+00     4.7150504400E-01
    1.9250000000E+00     5.0792122428E-01
    1.9750000000E+00     5.4480058952E-01
    2.0250000000E+00     5.8184769642E-01
    2.0750000000E+00     6.1874394751E-01
    2.1250000000E+00     6.5515167138E-01
    2.1750000000E+00     6.9071889780E-01
    2.2250000000E+00     7.2508474551E-01
    2.2750000000E+00     7.5788531621E-01
    2.3250000000E+00     7.8875996662E-01
    2.3750000000E+00     8.1735781178E-01
    2.4250000000E+00     8.4334429879E-01
    2.4750000000E+00     8.6640768066E-01
    2.5250000000E+00     8.8626521640E-01
    2.5750000000E+00     9.0266892572E-01
    2.6250000000E+00     9.1541073498E-01
    2.6750000000E+00     9.2432686542E-01
    2.7250000000E+00     9.2930133430E-01
    2.7750000000E+00     9.3026846454E-01
    2.8250000000E+00     9.2721432690E-01
    2.8750000000E+00     9.2017707041E-01
    2.9250000000E+00     9.0924613029E-01
    2.9750000000E+00     8.9456033631E-01
    3.0250000000E+00     8.7630497738E-01
    3.0750000000E+00     8.5470790936E-01
    3.1250000000E+00     8.3003482032E-01
    3.1750000000E+00     8.0258379086E-01
    3.2250000000E+00     7.7267930516E-01
    3.2750000000E+00     7.4066588093E-01
    3.3250000000E+00     7.0690149256E-01
    3.3750000000E+00     6.7175096220E-01
    3.4250000000E+00     6.3557948765E-01
    3.4750000000E+00     5.9874646486E-01
    3.5250000000E+00     5.6159974677E-01
    3.5750000000E+00     5.2447046022E-01
    3.6250000000E+00     4.8766847976E-01
    3.6750000000E+00     4.5147863182E-01
    3.7250000000E+00     4.1615767722E-01
    3.7750000000E+00     3.8193209338E-01
    3.8250000000E+00     3.4899665359E-01
    3.8750000000E+00     3.1751377690E-01
    3.9250000000E+00     2.8761360257E-01
    3.9750000000E+00     2.5939472547E-01
    4.0250000000E+00     2.3292551529E-01
    4.0750000000E+00     2.0824593276E-01
    4.1250000000E+00     1.8536974979E-01
    4.1750000000E+00     1.6428707812E-01
    4.2250000000E+00     1.4496711199E-01
    4.2750000000E+00     1.2736099431E-01
    4.3250000000E+00     1.1140472227E-01
    4.3750000000E+00     9.7022016723E-02
    4.4250000000E+00     8.4127089841E-02
    4.4750000000E+00     7.2627256194E-02
    4.5250000000E+00     6.2425343930E-02
    4.5750000000E+00     5.3421873903E-02
    4.6250000000E+00     4.5516985466E-02
    4.6750000000E+00     3.8612097721E-02
    4.7250000000E+00     3.2611304005E-02
    4.7750000000E+00     2.7422505249E-02
    4.8250000000E+00     2.2958294270E-02
    4.8750000000E+00     1.9136608244E-02
    4.9250000000E+00     1.5881170344E-02
    4.9750000000E+00     1.3121744074E-02
    5.0250000000E+00     1.0794225202E-02
    5.0750000000E+00     8.8405965214E-03
    5.1250000000E+00     7.2087701947E-03
    5.1750000000E+00     5.8523412075E-03
    5.2250000000E+00     4.7302737463E-03
    5.2750000000E+00     3.8065401940E-03
    5.3250000000E+00     3.0497301010E-03
    5.3750000000E+00     2.4326440410E-03
    5.4250000000E+00     1.9318848096E-03
    5.4750000000E+00     1.5274560597E-03
    5.5250000000E+00     1.2023762546E-03
    5.5750000000E+00     9.4231380751E-04
    5.6250000000E+00     7.3524748765E-04
    5.6750000000E+00     5.7115463561E-04
    5.7250000000E+00     4.4172843547E-04
    5.7750000000E+00     3.4012443597E-04
    5.8250000000E+00     2.6073568306E-04
    5.8750000000E+00     1.9899519861E-04
    5.9250000000E+00     1.5120409331E-04
    5.9750000000E+00     1.1438330866E-04
    6.0250000000E+00     8.6146819902E-05
    6.0750000000E+00     6.4594072598E-05
    6.1250000000E+00     4.8219448546E-05
    6.1750000000E+00     3.5836641291E-05
    6.2250000000E+00     2.6515949406E-05
    6.2750000000E+00     1.9532652300E-05
    6.3250000000E+00     1.4324805910E-05
    6.3750000000E+00     1.0458974329E-05
    6.4250000000E+00     7.6025906262E-06
    6.4750000000E+00     5.5018102412E-06
    6.5250000000E+00     3.9638794359E-06
    6.5750000000E+00     2.8431870270E-06
    6.6250000000E+00     2.0302986207E-06
    6.6750000000E+00     1.4433885137E-06
    6.7250000000E+00     1.0215855511E-06
    6.7750000000E+00     7.1983630919E-07
    6.8250000000E+00     5.0496306104E-07
    6.8750000000E+00     3.5265632576E-07
    6.9250000000E+00     2.4519371678E-07
    6.9750000000E+00     1.6971961549E-07
    7.0250000000E+00     1.1695516848E-07
    7.0750000000E+00     8.0236423437E-08
    7.1250000000E+00     5.4801150309E-08
    7.1750000000E+00     3.7262992641E-08
    7.2250000000E+00     2.5225888375E-08
    7.2750000000E+00     1.7002903320E-08
    7.3250000000E+00     1.1412335946E-08
    7.3750000000E+00     7.6306833622E-09
    7.4250000000E+00     5.0872209406E-09
    7.4750000000E+00     3.3888816292E-09
    7.5250000000E+00     2.2671001935E-09
    7.5750000000E+00     1.5405326055E-09
    7.6250000000E+00     1.0892467891E-09
    7.6750000000E+00     8.3724675317E-10
    7.7250000000E+00     7.4114757984E-10
    7.7750000000E+00     7.8355102044E-10
    7.8250000000E+00     9.7025083245E-10
    7.8750000000E+00     1.3308816132E-09
    7.9250000000E+00     1.9230651016E-09
    7.9750000000E+00     2.8405502026E-09
    8.0250000000E+00     4.2263336313E-09
    8.0750000000E+00     6.2923368495E-09
    8.1250000000E+00     9.3479588885E-09
    8.1750000000E+00     1.3840792070E-08
    8.2250000000E+00     2.0414062779E-08
    8.2750000000E+00     2.9987047534E-08
    8.3250000000E+00     4.3866947870E-08
    8.3750000000E+00     6.3903651769E-08
    8.4250000000E+00     9.2702671744E-08
    8.4750000000E+00     1.3391658715E-07
    8.5250000000E+00     1.9264184698E-07
    8.5750000000E+00     2.7595619450E-07
    8.6250000000E+00     3.9364272104E-07
    8.6750000000E+00     5.5916019707E-07
    8.7250000000E+00     7.9093651537E-07
    8.7750000000E+00     1.1140835717E-06
    8.8250000000E+00     1.5626585663E-06
    8.8750000000E+00     2.1826295079E-06
    8.9250000000E+00     3.0357427073E-06
    8.9750000000E+00     4.2045384117E-06
    9.0250000000E+00     5.7988186417E-06
    9.0750000000E+00     7.9639399522E-06
    9.1250000000E+00     1.0891384368E-05
    9.1750000000E+00     1.4832155126E-05
    9.2250000000E+00     2.0113650782E-05
    9.2750000000E+00     2.7160792027E-05
    9.3250000000E+00     3.6522309875E-05
    9.3750000000E+00     4.8903250754E-05
    9.4250000000E+00     6.5204911243E-05
    9.4750000000E+00     8.6573579561E-05
    9.5250000000E+00     1.1445962748E-04
    9.5750000000E+00     1.5068865848E-04
    9.6250000000E+00     1.9754656701E-04
    9.6750000000E+00     2.5788048885E-04
    9.7250000000E+00     3.3521771006E-04
    9.7750000000E+00     4.3390463650E-04
    9.8250000000E+00     5.5926788904E-04
    9.8750000000E+00     7.1779946013E-04
    9.9250000000E+00     9.1736762480E-04
    9.9750000000E+00     1.1674549179E-03
