#t= 1.720000
    2.5000000000E-02     9.2051239159E-02
    7.5000000000E-02     7.9151222733E-02
    1.2500000000E-01     6.7739485823E-02
    1.7500000000E-01     5.7700831974E-02
    2.2500000000E-01     4.8919025825E-02
    2.7500000000E-01     4.1278955880E-02
    3.2500000000E-01     3.4668449603E-02
    3.7500000000E-01     2.8979746589E-02
    4.2500000000E-01     2.4110644958E-02
    4.7500000000E-01     1.9965343550E-02
    5.2500000000E-01     1.6455007983E-02
    5.7500000000E-01     1.3498092244E-02
    6.2500000000E-01     1.1020449423E-02
    6.7500000000E-01     8.9552656763E-03
    7.2500000000E-01     7.2428507115E-03
    7.7500000000E-01     5.8303163310E-03
    8.2500000000E-01     4.6711720660E-03
    8.7500000000E-01     3.7248639035E-03
    9.2500000000E-01     2.9562787916E-03
    9.7500000000E-01     2.3352341695E-03
    1.0250000000E+00     1.8359683621E-03
    1.0750000000E+00     1.4366444316E-03
    1.1250000000E+00     1.1188770776E-03
    1.1750000000E+00     8.6728948021E-04
    1.2250000000E+00     6.6910463459E-04
    1.2750000000E+00     5.1377372827E-04
    1.3250000000E+00     3.9264247782E-04
    1.3750000000E+00     2.9865503658E-04
    1.4250000000E+00     2.2609409319E-04
    1.4750000000E+00     1.7035506108E-04
    1.5250000000E+00     1.2775177867E-04
    1.5750000000E+00     9.5350857066E-05
    1.6250000000E+00     7.0831692238E-05
    1.6750000000E+00     5.2369164571E-05
    1.7250000000E+00     3.8536150239E-05
    1.7750000000E+00     2.8223138110E-05
    1.8250000000E+00     2.0572459259E-05
    1.8750000000E+00     1.4924874857E-05
    1.9250000000E+00     1.0776516680E-05
    1.9750000000E+00     7.7444213768E-06
    2.0250000000E+00     5.5391362785E-06
    2.0750000000E+00     3.9430953053E-06
    2.1250000000E+00     2.7936647688E-06
    2.1750000000E+00     1.9699388470E-06
    2.2250000000E+00     1.3825227279E-06
    2.2750000000E+00     9.6567845272E-07
    2.3250000000E+00     6.7132554680E-07
    2.3750000000E+00     4.6448727959E-07
    2.4250000000E+00     3.1985573297E-07
    2.4750000000E+00     2.1921676460E-07
    2.5250000000E+00     1.4953138142E-07
    2.5750000000E+00     1.0151483946E-07
    2.6250000000E+00     6.8590658583E-08
    2.6750000000E+00     4.6125206211E-08
    2.7250000000E+00     3.0870896669E-08
    2.7750000000E+00     2.0563520278E-08
    2.8250000000E+00     1.3632731634E-08
    2.8750000000E+00     8.9951008991E-09
    2.9250000000E+00     5.9070342531E-09
    2.9750000000E+00     3.8608435246E-09
    3.0250000000E+00     2.5117279544E-09
    3.0750000000E+00     1.6267708222E-09
    3.1250000000E+00     1.0495243599E-09
    3.1750000000E+00     6.7557173421E-10
    3.2250000000E+00     4.3578038868E-10
    3.2750000000E+00     2.8492386201E-10
    3.3250000000E+00     1.9404647867E-10
    3.3750000000E+00     1.4545069930E-10
    3.4250000000E+00     1.2955588316E-10
    3.4750000000E+00     1.4315129645E-10
    3.5250000000E+00     1.8877688880E-10
    3.5750000000E+00     2.7513775432E-10
    3.6250000000E+00     4.1861441615E-10
    3.6750000000E+00     6.4609304179E-10
    3.7250000000E+00     9.9953095827E-10
    3.7750000000E+00     1.5429196930E-09
    3.8250000000E+00     2.3726405264E-09
    3.8750000000E+00     3.6326629470E-09
    3.9250000000E+00     5.5366616878E-09
    3.9750000000E+00     8.3999863154E-09
    4.0250000000E+00     1.2685593508E-08
    4.0750000000E+00     1.9069658818E-08
    4.1250000000E+00     2.8534768731E-08
    4.1750000000E+00     4.2501544288E-08
    4.2250000000E+00     6.3013505978E-08
    4.2750000000E+00     9.2995262377E-08
    4.3250000000E+00     1.3661107793E-07
    4.3750000000E+00     1.9976002893E-07
    4.4250000000E+00     2.9075588368E-07
    4.4750000000E+00     4.2125526468E-07
    4.5250000000E+00     6.0751743410E-07
    4.5750000000E+00     8.7210421790E-07
    4.6250000000E+00     1.2461603486E-06
    4.6750000000E+00     1.7724542399E-06
    4.7250000000E+00     2.5094084606E-06
    4.7750000000E+00     3.5364096546E-06
    4.8250000000E+00     4.9607611861E-06
    4.8750000000E+00     6.9267302549E-06
    4.9250000000E+00     9.6272464836E-06
    4.9750000000E+00     1.3318932721E-05
    5.0250000000E+00     1.8341292406E-05
    5.0750000000E+00     2.5141042148E-05
    5.1250000000E+00     3.4302763202E-05
    5.1750000000E+00     4.6587250239E-05
    5.2250000000E+00     6.2979157573E-05
    5.2750000000E+00     8.4745777446E-05
    5.3250000000E+00     1.1350902523E-04
    5.3750000000E+00     1.5133294291E-04
    5.4250000000E+00     2.0082925215E-04
    5.4750000000E+00     2.6528367533E-04
    5.5250000000E+00     3.4880587641E-04
    5.5750000000E+00     4.5650592972E-04
    5.6250000000E+00     5.9470017477E-04
    5.6750000000E+00     7.7114912728E-04
    5.7250000000E+00     9.9532975623E-04
    5.7750000000E+00     1.2787438670E-03
    5.8250000000E+00     1.6352635145E-03
    5.8750000000E+00     2.0815132745E-03
    5.9250000000E+00     2.6372877905E-03
    5.9750000000E+00     3.3260012741E-03
    6.0250000000E+00     4.1751635457E-03
    6.0750000000E+00     5.2168747690E-03
    6.1250000000E+00     6.4883282815E-03
    6.1750000000E+00     8.0323078872E-03
    6.2250000000E+00     9.8976627422E-03
    6.2750000000E+00     1.2139739611E-02
    6.3250000000E+00     1.4820748948E-02
    6.3750000000E+00     1.8010038103E-02
    6.4250000000E+00     2.1784242184E-02
    6.4750000000E+00     2.6227280886E-02
    6.5250000000E+00     3.1430168235E-02
    6.5750000000E+00     3.7490601849E-02
    6.6250000000E+00     4.4512299271E-02
    6.6750000000E+00     5.2604051421E-02
    6.7250000000E+00     6.1878467385E-02
    6.7750000000E+00     7.2450390807E-02
    6.8250000000E+00     8.4434976096E-02
    6.8750000000E+00     9.7945422586E-02
    6.9250000000E+00     1.1309037646E-01
    6.9750000000E+00     1.2997102361E-01
    7.0250000000E+00     1.4867791117E-01
    7.0750000000E+00     1.6928755094E-01
    7.1250000000E+00     1.9185887362E-01
    7.1750000000E+00     2.1642961794E-01
    7.2250000000E+00     2.4301275329E-01
    7.2750000000E+00     2.7159304631E-01
    7.3250000000E+00     3.0212389171E-01
    7.3750000000E+00     3.3452453342E-01
    7.4250000000E+00     3.6867780411E-01
    7.4750000000E+00     4.0442850794E-01
    7.5250000000E+00     4.4158256317E-01
    7.5750000000E+00     4.7990700769E-01
    7.6250000000E+00     5.1913095116E-01
    7.6750000000E+00     5.5894753341E-01
    7.7250000000E+00     5.9901691979E-01
    7.7750000000E+00     6.3897033182E-01
    7.8250000000E+00     6.7841507613E-01
    7.8750000000E+00     7.1694049849E-01
    7.9250000000E+00     7.5412475345E-01
    7.9750000000E+00     7.8954224556E-01
    8.0250000000E+00     8.2277156723E-01
    8.0750000000E+00     8.5340373187E-01
    8.1250000000E+00     8.8105048128E-01
    8.1750000000E+00     9.0535243370E-01
    8.2250000000E+00     9.2598683487E-01
    8.2750000000E+00     9.4267467915E-01
    8.3250000000E+00     9.5518698151E-01
    8.3750000000E+00     9.6335000344E-01
    8.4250000000E+00     9.6704926624E-01
    8.4750000000E+00     9.6623222207E-01
    8.5250000000E+00     9.6090949566E-01
    8.5750000000E+00     9.5115465580E-01
    8.6250000000E+00     9.3710252317E-01
    8.6750000000E+00     9.1894606929E-01
    8.7250000000E+00     8.9693200593E-01
    8.7750000000E+00     8.7135520619E-01
    8.8250000000E+00     8.4255213343E-01
    8.8750000000E+00     8.1089348287E-01
    8.9250000000E+00     7.7677626032E-01
    8.9750000000E+00     7.4061553430E-01
    9.0250000000E+00     7.0283609977E-01
    9.0750000000E+00     6.6386428515E-01
    9.1250000000E+00     6.2412011997E-01
    9.1750000000E+00     5.8401005823E-01
    9.2250000000E+00     5.4392042487E-01
    9.2750000000E+00     5.0421172030E-01
    9.3250000000E+00     4.6521388248E-01
    9.3750000000E+00     4.2722256954E-01
    9.4250000000E+00     3.9049648905E-01
    9.4750000000E+00     3.5525576570E-01
    9.5250000000E+00     3.2168130700E-01
    9.5750000000E+00     2.8991509881E-01
    9.6250000000E+00     2.6006133968E-01
    9.6750000000E+00     2.3218830492E-01
    9.7250000000E+00     2.0633081944E-01
    9.7750000000E+00     1.8249321142E-01
    9.8250000000E+00     1.6065261745E-01
    9.8750000000E+00     1.4076251298E-01
    9.9250000000E+00     1.2275634917E-01
    9.9750000000E+00     1.0655118778E-01
