#t= 5.040000
    2.5000000000E-02     1.7080744492E-09
    7.5000000000E-02     1.7106785220E-09
    1.2500000000E-01     2.0045858067E-09
    1.7500000000E-01     2.6315478040E-09
    2.2500000000E-01     3.6829619791E-09
    2.7500000000E-01     5.3115575125E-09
    3.2500000000E-01     7.7508747368E-09
    3.7500000000E-01     1.1344650544E-08
    4.2500000000E-01     1.6589250277E-08
    4.7500000000E-01     2.4193584536E-08
    5.2500000000E-01     3.5162618746E-08
    5.7500000000E-01     5.0912747746E-08
    6.2500000000E-01     7.3430118631E-08
    6.7500000000E-01     1.0548662814E-07
    7.2500000000E-01     1.5093302315E-07
    7.7500000000E-01     2.1509457045E-07
    8.2500000000E-01     3.0530246731E-07
    8.7500000000E-01     4.3160393549E-07
    9.2500000000E-01     6.0770624737E-07
    9.7500000000E-01     8.5222532212E-07
    1.0250000000E+00     1.1903286336E-06
    1.0750000000E+00     1.6558857048E-06
    1.1250000000E+00     2.2942682255E-06
    1.1750000000E+00     3.1659766854E-06
    1.2250000000E+00     4.3513122997E-06
    1.2750000000E+00     5.9563628600E-06
    1.3250000000E+00     8.1206299355E-06
    1.3750000000E+00     1.1026693438E-05
    1.4250000000E+00     1.4912388720E-05
    1.4750000000E+00     2.0086061621E-05
    1.5250000000E+00     2.6945568355E-05
    1.5750000000E+00     3.6001799687E-05
    1.6250000000E+00     4.7907631382E-05
    1.6750000000E+00     6.3493333939E-05
    1.7250000000E+00     8.3809611278E-05
    1.7750000000E+00     1.1017957655E-04
    1.8250000000E+00     1.4426110825E-04
    1.8750000000E+00     1.8812115455E-04
    1.9250000000E+00     2.4432365937E-04
    1.9750000000E+00     3.1603286006E-04
    2.0250000000E+00     4.0713374080E-04
    2.0750000000E+00     5.2237140383E-04
    2.1250000000E+00     6.6751102616E-04
    2.1750000000E+00     8.4951988520E-04
    2.2250000000E+00     1.0767726436E-03
    2.2750000000E+00     1.3592806633E-03
    2.3250000000E+00     1.7089455522E-03
    2.3750000000E+00     2.1398364192E-03
    2.4250000000E+00     2.6684894048E-03
    2.4750000000E+00     3.3142269688E-03
    2.5250000000E+00     4.0994931283E-03
    2.5750000000E+00     5.0501993813E-03
    2.6250000000E+00     6.1960744092E-03
    2.6750000000E+00     7.5710088721E-03
    2.7250000000E+00     9.2133847203E-03
    2.7750000000E+00     1.1166376502E-02
    2.8250000000E+00     1.3478210209E-02
    2.8750000000E+00     1.6202363373E-02
    2.9250000000E+00     1.9397688461E-02
    2.9750000000E+00     2.3128440263E-02
    3.0250000000E+00     2.7464187048E-02
    3.0750000000E+00     3.2479584825E-02
    3.1250000000E+00     3.8253994331E-02
    3.1750000000E+00     4.4870921403E-02
    3.2250000000E+00     5.2417263321E-02
    3.2750000000E+00     6.0982346605E-02
    3.3250000000E+00     7.0656745721E-02
    3.3750000000E+00     8.1530877145E-02
    3.4250000000E+00     9.3693369283E-02
    3.4750000000E+00     1.0722921581E-01
    3.5250000000E+00     1.2221772790E-01
    3.5750000000E+00     1.3873030925E-01
    3.6250000000E+00     1.5682808719E-01
    3.6750000000E+00     1.7655944184E-01
    3.7250000000E+00     1.9795748467E-01
    3.7750000000E+00     2.2103754613E-01
    3.8250000000E+00     2.4579473931E-01
    3.8750000000E+00     2.7220167286E-01
    3.9250000000E+00     3.0020639045E-01
    3.9750000000E+00     3.2973061626E-01
    4.0250000000E+00     3.6066838530E-01
    4.0750000000E+00     3.9288513437E-01
    4.1250000000E+00     4.2621732292E-01
    4.1750000000E+00     4.6047264400E-01
    4.2250000000E+00     4.9543087335E-01
    4.2750000000E+00     5.3084538945E-01
    4.3250000000E+00     5.6644538020E-01
    4.3750000000E+00     6.0193873239E-01
    4.4250000000E+00     6.3701557951E-01
    4.4750000000E+00     6.7135246179E-01
    4.5250000000E+00     7.0461703155E-01
    4.5750000000E+00     7.3647321588E-01
    4.6250000000E+00     7.6658673065E-01
    4.6750000000E+00     7.9463082341E-01
    4.7250000000E+00     8.2029211015E-01
    4.7750000000E+00     8.4327636199E-01
    4.8250000000E+00     8.6331409381E-01
    4.8750000000E+00     8.8016580702E-01
    4.9250000000E+00     8.9362674448E-01
    4.9750000000E+00     9.0353102578E-01
    5.0250000000E+00     9.0975504627E-01
    5.0750000000E+00     9.1222004269E-01
    5.1250000000E+00     9.1089375081E-01
    5.1750000000E+00     9.0579110651E-01
    5.2250000000E+00     8.9697396896E-01
    5.2750000000E+00     8.8454987299E-01
    5.3250000000E+00     8.6866984581E-01
    5.3750000000E+00     8.4952535012E-01
    5.4250000000E+00     8.2734444004E-01
    5.4750000000E+00     8.0238723793E-01
    5.5250000000E+00     7.7494085750E-01
    5.5750000000E+00     7.4531391181E-01
    5.6250000000E+00     7.1383075268E-01
    5.6750000000E+00     6.8082559170E-01
    5.7250000000E+00     6.4663665066E-01
    5.7750000000E+00     6.1160048289E-01
    5.8250000000E+00     5.7604659632E-01
    5.8750000000E+00     5.4029249391E-01
    5.9250000000E+00     5.0463922982E-01
    5.9750000000E+00     4.6936755971E-01
    6.0250000000E+00     4.3473474185E-01
    6.0750000000E+00     4.0097202441E-01
    6.1250000000E+00     3.6828283215E-01
    6.1750000000E+00     3.3684164554E-01
    6.2250000000E+00     3.0679354631E-01
    6.2750000000E+00     2.7825438683E-01
    6.3250000000E+00     2.5131152683E-01
    6.3750000000E+00     2.2602507015E-01
    6.4250000000E+00     2.0242952608E-01
    6.4750000000E+00     1.8053581529E-01
    6.5250000000E+00     1.6033353866E-01
    6.5750000000E+00     1.4179342802E-01
    6.6250000000E+00     1.2486990156E-01
    6.6750000000E+00     1.0950365202E-01
    6.7250000000E+00     9.5624202979E-02
    6.7750000000E+00     8.3152376811E-02
    6.8250000000E+00     7.2002627354E-02
    6.8750000000E+00     6.2085199427E-02
    6.9250000000E+00     5.3308087182E-02
    6.9750000000E+00     4.5578772255E-02
    7.0250000000E+00     3.8805731258E-02
    7.0750000000E+00     3.2899709888E-02
    7.1250000000E+00     2.7774767573E-02
    7.1750000000E+00     2.3349102275E-02
    7.2250000000E+00     1.9545669513E-02
    7.2750000000E+00     1.6292613112E-02
    7.3250000000E+00     1.3523527484E-02
    7.3750000000E+00     1.1177572630E-02
    7.4250000000E+00     9.1994635245E-03
    7.4750000000E+00     7.5393553103E-03
    7.5250000000E+00     6.1526448507E-03
    7.5750000000E+00     4.9997078603E-03
    7.6250000000E+00     4.0455891366E-03
    7.6750000000E+00     3.2596614976E-03
    7.7250000000E+00     2.6152669869E-03
    7.7750000000E+00     2.0893518368E-03
    7.8250000000E+00     1.6621046455E-03
    7.8750000000E+00     1.3166053079E-03
    7.9250000000E+00     1.0384904610E-03
    7.9750000000E+00     8.1563961504E-04
    8.0250000000E+00     6.3788474600E-04
    8.0750000000E+00     4.9674493365E-04
    8.1250000000E+00     3.8518664127E-04
    8.1750000000E+00     2.9740943729E-04
    8.2250000000E+00     2.2865634051E-04
    8.2750000000E+00     1.7504751257E-04
    8.3250000000E+00     1.3343570290E-04
    8.3750000000E+00     1.0128165216E-04
    8.4250000000E+00     7.6547559492E-05
    8.4750000000E+00     5.7606697685E-05
    8.5250000000E+00     4.3167300127E-05
    8.5750000000E+00     3.2208929176E-05
    8.6250000000E+00     2.3929652700E-05
    8.6750000000E+00     1.7702492990E-05
    8.7250000000E+00     1.3039760350E-05
    8.7750000000E+00     9.5640348231E-06
    8.8250000000E+00     6.9847081603E-06
    8.8750000000E+00     5.0791399016E-06
    8.9250000000E+00     3.6776136078E-06
    8.9750000000E+00     2.6513999882E-06
    9.0250000000E+00     1.9033420906E-06
    9.0750000000E+00     1.3604736214E-06
    9.1250000000E+00     9.6826515219E-07
    9.1750000000E+00     6.8616510689E-07
    9.2250000000E+00     4.8416389477E-07
    9.2750000000E+00     3.4016138258E-07
    9.3250000000E+00     2.3796116652E-07
    9.3750000000E+00     1.6575088082E-07
    9.4250000000E+00     1.1495709968E-07
    9.4750000000E+00     7.9387211668E-08
    9.5250000000E+00     5.4589841756E-08
    9.5750000000E+00     3.7380742856E-08
    9.6250000000E+00     2.5493253218E-08
    9.6750000000E+00     1.7322004355E-08
    9.7250000000E+00     1.1736061717E-08
    9.7750000000E+00     7.9435046482E-09
    9.8250000000E+00     5.3939490477E-09
    9.8750000000E+00     3.7089702132E-09
    9.9250000000E+00     2.6330267613E-09
    9.9750000000E+00     1.9995075413E-09
