#t= 3.040000
    2.5000000000E-02     1.0000000000E+00
    7.5000000000E-02     1.0000000000E+00
    1.2500000000E-01     1.0000000000E+00
    1.7500000000E-01     1.0000000000E+00
    2.2500000000E-01     1.0000000000E+00
    2.7500000000E-01     1.0000000000E+00
    3.2500000000E-01     1.0000000000E+00
    3.7500000000E-01     1.0000000000E+00
    4.2500000000E-01     1.0000000000E+00
    4.7500000000E-01     1.0000000000E+00
    5.2500000000E-01     1.0000000000E+00
    5.7500000000E-01     1.0000000000E+00
    6.2500000000E-01     1.0000000000E+00
    6.7500000000E-01     1.0000000000E+00
    7.2500000000E-01     1.0000000000E+00
    7.7500000000E-01     1.0000000000E+00
    8.2500000000E-01     1.0000000000E+00
    8.7500000000E-01     1.0000000000E+00
    9.2500000000E-01     1.0000000000E+00
    9.7500000000E-01     1.0000000000E+00
    1.0250000000E+00     1.0000000000E+00
    1.0750000000E+00     1.0000000000E+00
    1.1250000000E+00     1.0000000000E+00
    1.1750000000E+00     1.0000000000E+00
    1.2250000000E+00     1.0000000000E+00
    1.2750000000E+00     1.0000000000E+00
    1.3250000000E+00     1.0000000000E+00
    1.3750000000E+00     1.0000000000E+00
    1.4250000000E+00     1.0000000000E+00
    1.4750000000E+00     1.0000000000E+00
    1.5250000000E+00     1.0000000000E+00
    1.5750000000E+00     1.0000000000E+00
    1.6250000000E+00     1.0000000000E+00
    1.6750000000E+00     1.0000000000E+00
    1.7250000000E+00     1.0000000000E+00
    1.7750000000E+00     1.0000000000E+00
    1.8250000000E+00     1.0000000000E+00
    1.8750000000E+00     1.0000000000E+00
    1.9250000000E+00     1.0000000000E+00
    1.9750000000E+00     1.0000000000E+00
    2.0250000000E+00     1.0000000000E+00
    2.0750000000E+00     1.0000000000E+00
    2.1250000000E+00     1.0000000000E+00
    2.1750000000E+00     1.0000000000E+00
    2.2250000000E+00     1.0000000000E+00
    2.2750000000E+00     1.0000000000E+00
    2.3250000000E+00     1.0000000000E+00
    2.3750000000E+00     1.0000000000E+00
    2.4250000000E+00     1.0000000000E+00
    2.4750000000E+00     1.0000000000E+00
    2.5250000000E+00     1.0000000000E+00
    2.5750000000E+00     1.0000000000E+00
    2.6250000000E+00     1.0000000000E+00
    2.6750000000E+00     1.0000000000E+00
    2.7250000000E+00     1.0000000000E+00
    2.7750000000E+00     1.0000000000E+00
    2.8250000000E+00     1.0000000000E+00
    2.8750000000E+00     1.0000000000E+00
    2.9250000000E+00     1.0000000000E+00
    2.9750000000E+00     1.0000000000E+00
    3.0250000000E+00     1.0000000000E+00
    3.0750000000E+00     1.0000000000E+00
    3.1250000000E+00     1.0000000000E+00
    3.1750000000E+00     1.0000000000E+00
    3.2250000000E+00     1.0000000000E+00
    3.2750000000E+00     1.0000000000E+00
    3.3250000000E+00     1.0000000000E+00
    3.3750000000E+00     1.0000000000E+00
    3.4250000000E+00     1.0000000000E+00
    3.4750000000E+00     1.0000000000E+00
    3.5250000000E+00     1.0000000000E+00
    3.5750000000E+00     1.0000000000E+00
    3.6250000000E+00     1.0000000000E+00
    3.6750000000E+00     1.0000000000E+00
    3.7250000000E+00     1.0000000000E+00
    3.7750000000E+00     1.0000000000E+00
    3.8250000000E+00     1.0000000000E+00
    3.8750000000E+00     1.0000000000E+00
    3.9250000000E+00     1.0000000000E+00
    3.9750000000E+00     1.0000000000E+00
    4.0250000000E+00     1.0000000000E+00
    4.0750000000E+00     1.0000000000E+00
    4.1250000000E+00     1.0000000000E+00
    4.1750000000E+00     1.0000000000E+00
    4.2250000000E+00     1.0000000000E+00
    4.2750000000E+00     9.9999999998E-01
    4.3250000000E+00     9.9999999995E-01
    4.3750000000E+00     9.9999999985E-01
    4.4250000000E+00     9.9999999956E-01
    4.4750000000E+00     9.9999999871E-01
    4.5250000000E+00     9.9999999634E-01
    4.5750000000E+00     9.9999998987E-01
    4.6250000000E+00     9.9999997274E-01
    4.6750000000E+00     9.9999992858E-01
    4.7250000000E+00     9.9999981779E-01
    4.7750000000E+00     9.9999954749E-01
    4.8250000000E+00     9.9999890620E-01
    4.8750000000E+00     9.9999742688E-01
    4.9250000000E+00     9.9999410988E-01
    4.9750000000E+00     9.9998688197E-01
    5.0250000000E+00     9.9997157984E-01
    5.0750000000E+00     9.9994011349E-01
    5.1250000000E+00     9.9987728279E-01
    5.1750000000E+00     9.9975549734E-01
    5.2250000000E+00     9.9952642366E-01
    5.2750000000E+00     9.9910843952E-01
    5.3250000000E+00     9.9836885584E-01
    5.3750000000E+00     9.9710037346E-01
    5.4250000000E+00     9.9499239968E-01
    5.4750000000E+00     9.9159982361E-01
    5.5250000000E+00     9.8631461966E-01
    5.5750000000E+00     9.7834885046E-01
    5.6250000000E+00     9.6674044479E-01
    5.6750000000E+00     9.5039425043E-01
    5.7250000000E+00     9.2816880247E-01
    5.7750000000E+00     8.9901279482E-01
    5.8250000000E+00     8.6214418163E-01
    5.8750000000E+00     8.1725062081E-01
    5.9250000000E+00     7.6467599106E-01
    5.9750000000E+00     7.0554879258E-01
    6.0250000000E+00     6.4180925918E-01
    6.0750000000E+00     5.7610589210E-01
    6.1250000000E+00     5.1155796198E-01
    6.1750000000E+00     4.5141276896E-01
    6.2250000000E+00     3.9865594010E-01
    6.2750000000E+00     3.5564988450E-01
    6.3250000000E+00     3.2387289204E-01
    6.3750000000E+00     3.0380860784E-01
    6.4250000000E+00     2.9499913657E-01
    6.4750000000E+00     2.9623618744E-01
    6.5250000000E+00     3.0583551165E-01
    6.5750000000E+00     3.2192853097E-01
    6.6250000000E+00     3.4271285573E-01
    6.6750000000E+00     3.6662504877E-01
    6.7250000000E+00     3.9242541903E-01
    6.7750000000E+00     4.1920693815E-01
    6.8250000000E+00     4.4635310482E-01
    6.8750000000E+00     4.7347186944E-01
    6.9250000000E+00     5.0032736732E-01
    6.9750000000E+00     5.2678251614E-01
    7.0250000000E+00     5.5275730377E-01
    7.0750000000E+00     5.7820194842E-01
    7.1250000000E+00     6.0308143763E-01
    7.1750000000E+00     6.2736752058E-01
    7.2250000000E+00     6.5103497991E-01
    7.2750000000E+00     6.7406007920E-01
    7.3250000000E+00     6.9641999294E-01
    7.3750000000E+00     7.1809263026E-01
    7.4250000000E+00     7.3905659786E-01
    7.4750000000E+00     7.5929120596E-01
    7.5250000000E+00     7.7877648533E-01
    7.5750000000E+00     7.9749320634E-01
    7.6250000000E+00     8.1542289783E-01
    7.6750000000E+00     8.3254786537E-01
    7.7250000000E+00     8.4885120868E-01
    7.7750000000E+00     8.6431683833E-01
    7.8250000000E+00     8.7892949162E-01
    7.8750000000E+00     8.9267474760E-01
    7.9250000000E+00     9.0553904139E-01
    7.9750000000E+00     9.1750967747E-01
    8.0250000000E+00     9.2857484227E-01
    8.0750000000E+00     9.3872361581E-01
    8.1250000000E+00     9.4794598247E-01
    8.1750000000E+00     9.5623284090E-01
    8.2250000000E+00     9.6357601296E-01
    8.2750000000E+00     9.6996825183E-01
    8.3250000000E+00     9.7540324914E-01
    8.3750000000E+00     9.7987564120E-01
    8.4250000000E+00     9.8338101431E-01
    8.4750000000E+00     9.8591590908E-01
    8.5250000000E+00     9.8747782388E-01
    8.5750000000E+00     9.8806521729E-01
    8.6250000000E+00     9.8767750962E-01
    8.6750000000E+00     9.8631508349E-01
    8.7250000000E+00     9.8397928346E-01
    8.7750000000E+00     9.8067241466E-01
    8.8250000000E+00     9.7639774060E-01
    8.8750000000E+00     9.7115947984E-01
    8.9250000000E+00     9.6496280193E-01
    8.9750000000E+00     9.5781382223E-01
    9.0250000000E+00     9.4971959593E-01
    9.0750000000E+00     9.4068811105E-01
    9.1250000000E+00     9.3072828057E-01
    9.1750000000E+00     9.1984993365E-01
    9.2250000000E+00     9.0806380590E-01
    9.2750000000E+00     8.9538152881E-01
    9.3250000000E+00     8.8181561824E-01
    9.3750000000E+00     8.6737946213E-01
    9.4250000000E+00     8.5208730720E-01
    9.4750000000E+00     8.3595424498E-01
    9.5250000000E+00     8.1899619684E-01
    9.5750000000E+00     8.0122989834E-01
    9.6250000000E+00     7.8267288266E-01
    9.6750000000E+00     7.6334346334E-01
    9.7250000000E+00     7.4326071618E-01
    9.7750000000E+00     7.2244446042E-01
    9.8250000000E+00     7.0091523921E-01
    9.8750000000E+00     6.7869429928E-01
    9.9250000000E+00     6.5580357001E-01
    9.9750000000E+00     6.3226564180E-01
