#t= 0.200000
    2.5000000000E-02     9.9999989921E-01
    7.5000000000E-02     9.9999587076E-01
    1.2500000000E-01     9.9992343265E-01
    1.7500000000E-01     9.9915180001E-01
    2.2500000000E-01     9.9376038131E-01
    2.7500000000E-01     9.6795126448E-01
    3.2500000000E-01     8.8228370235E-01
    3.7500000000E-01     6.8791262328E-01
    4.2500000000E-01     4.0077401946E-01
    4.7500000000E-01     1.5612506269E-01
    5.2500000000E-01     7.8392229530E-02
    5.7500000000E-01     1.0964277546E-01
    6.2500000000E-01     1.4078511720E-01
    6.7500000000E-01     1.7178852103E-01
    7.2500000000E-01     2.0262239033E-01
    7.7500000000E-01     2.3325629579E-01
    8.2500000000E-01     2.6366000545E-01
    8.7500000000E-01     2.9380351452E-01
    9.2500000000E-01     3.2365707499E-01
    9.7500000000E-01     3.5319122501E-01
    1.0250000000E+00     3.8237681792E-01
    1.0750000000E+00     4.1118505108E-01
    1.1250000000E+00     4.3958749424E-01
    1.1750000000E+00     4.6755611761E-01
    1.2250000000E+00     4.9506331955E-01
    1.2750000000E+00     5.2208195376E-01
    1.3250000000E+00     5.4858535611E-01
    1.3750000000E+00     5.7454737094E-01
    1.4250000000E+00     5.9994237689E-01
    1.4750000000E+00     6.2474531214E-01
    1.5250000000E+00     6.4893169920E-01
    1.5750000000E+00     6.7247766901E-01
    1.6250000000E+00     6.9535998456E-01
    1.6750000000E+00     7.1755606375E-01
    1.7250000000E+00     7.3904400174E-01
    1.7750000000E+00     7.5980259253E-01
    1.8250000000E+00     7.7981134988E-01
    1.8750000000E+00     7.9905052759E-01
    1.9250000000E+00     8.1750113889E-01
    1.9750000000E+00     8.3514497527E-01
    2.0250000000E+00     8.5196462438E-01
    2.0750000000E+00     8.6794348727E-01
    2.1250000000E+00     8.8306579473E-01
    2.1750000000E+00     8.9731662286E-01
    2.2250000000E+00     9.1068190782E-01
    2.2750000000E+00     9.2314845968E-01
    2.3250000000E+00     9.3470397547E-01
    2.3750000000E+00     9.4533705128E-01
    2.4250000000E+00     9.5503719355E-01
    2.4750000000E+00     9.6379482942E-01
    2.5250000000E+00     9.7160131615E-01
    2.5750000000E+00     9.7844894968E-01
    2.6250000000E+00     9.8433097223E-01
    2.6750000000E+00     9.8924157895E-01
    2.7250000000E+00     9.9317592367E-01
    2.7750000000E+00     9.9613012365E-01
    2.8250000000E+00     9.9810126347E-01
    2.8750000000E+00     9.9908739784E-01
    2.9250000000E+00     9.9908755358E-01
    2.9750000000E+00     9.9810173051E-01
    3.0250000000E+00     9.9613090155E-01
    3.0750000000E+00     9.9317701164E-01
    3.1250000000E+00     9.8924297594E-01
    3.1750000000E+00     9.8433267685E-01
    3.2250000000E+00     9.7845096024E-01
    3.2750000000E+00     9.7160363067E-01
    3.3250000000E+00     9.6379744562E-01
    3.3750000000E+00     9.5504010885E-01
    3.4250000000E+00     9.4534026280E-01
    3.4750000000E+00     9.3470748004E-01
    3.5250000000E+00     9.2315225385E-01
    3.5750000000E+00     9.1068598783E-01
    3.6250000000E+00     8.9732098469E-01
    3.6750000000E+00     8.8307043408E-01
    3.7250000000E+00     8.6794839956E-01
    3.7750000000E+00     8.5196980476E-01
    3.8250000000E+00     8.3515041863E-01
    3.8750000000E+00     8.1750683985E-01
    3.9250000000E+00     7.9905648053E-01
    3.9750000000E+00     7.7981754893E-01
    4.0250000000E+00     7.5980903156E-01
    4.0750000000E+00     7.3905067441E-01
    4.1250000000E+00     7.1756296347E-01
    4.1750000000E+00     6.9536710451E-01
    4.2250000000E+00     6.7248500218E-01
    4.2750000000E+00     6.4893923834E-01
    4.3250000000E+00     6.2475304982E-01
    4.3750000000E+00     5.9995030546E-01
    4.4250000000E+00     5.7455548259E-01
    4.4750000000E+00     5.4859364283E-01
    4.5250000000E+00     5.2209040737E-01
    4.5750000000E+00     4.9507193171E-01
    4.6250000000E+00     4.6756487982E-01
    4.6750000000E+00     4.3959639785E-01
    4.7250000000E+00     4.1119408731E-01
    4.7750000000E+00     3.8238597784E-01
    4.8250000000E+00     3.5320049958E-01
    4.8750000000E+00     3.2366645508E-01
    4.9250000000E+00     2.9381299085E-01
    4.9750000000E+00     2.6366956868E-01
    5.0250000000E+00     2.3326593648E-01
    5.0750000000E+00     2.0263209896E-01
    5.1250000000E+00     1.7179828802E-01
    5.1750000000E+00     1.4079493291E-01
    5.2250000000E+00     1.0965263021E-01
    5.2750000000E+00     7.8402113594E-02
    5.3250000000E+00     4.7074223559E-02
    5.3750000000E+00     1.5699876949E-02
    5.4250000000E+00    -1.5689963544E-02
    5.4750000000E+00    -4.7064319938E-02
    5.5250000000E+00    -7.8392229530E-02
    5.5750000000E+00    -1.0964277546E-01
    5.6250000000E+00    -1.4078511720E-01
    5.6750000000E+00    -1.7178852103E-01
    5.7250000000E+00    -2.0262239033E-01
    5.7750000000E+00    -2.3325629579E-01
    5.8250000000E+00    -2.6366000545E-01
    5.8750000000E+00    -2.9380351452E-01
    5.9250000000E+00    -3.2365707499E-01
    5.9750000000E+00    -3.5319122501E-01
    6.0250000000E+00    -3.8237681792E-01
    6.0750000000E+00    -4.1118505108E-01
    6.1250000000E+00    -4.3958749424E-01
    6.1750000000E+00    -4.6755611761E-01
    6.2250000000E+00    -4.9506331955E-01
    6.2750000000E+00    -5.2208195376E-01
    6.3250000000E+00    -5.4858535611E-01
    6.3750000000E+00    -5.7454737094E-01
    6.4250000000E+00    -5.9994237689E-01
    6.4750000000E+00    -6.2474531214E-01
    6.5250000000E+00    -6.4893169920E-01
    6.5750000000E+00    -6.7247766901E-01
    6.6250000000E+00    -6.9535998456E-01
    6.6750000000E+00    -7.1755606375E-01
    6.7250000000E+00    -7.3904400174E-01
    6.7750000000E+00    -7.5980259253E-01
    6.8250000000E+00    -7.7981134988E-01
    6.8750000000E+00    -7.9905052759E-01
    6.9250000000E+00    -8.1750113889E-01
    6.9750000000E+00    -8.3514497527E-01
    7.0250000000E+00    -8.5196462438E-01
    7.0750000000E+00    -8.6794348727E-01
    7.1250000000E+00    -8.8306579473E-01
    7.1750000000E+00    -8.9731662286E-01
    7.2250000000E+00    -9.1068190782E-01
    7.2750000000E+00    -9.2314845968E-01
    7.3250000000E+00    -9.3470397547E-01
    7.3750000000E+00    -9.4533705128E-01
    7.4250000000E+00    -9.5503719355E-01
    7.4750000000E+00    -9.6379482942E-01
    7.5250000000E+00    -9.7160131615E-01
    7.5750000000E+00    -9.7844894968E-01
    7.6250000000E+00    -9.8433097223E-01
    7.6750000000E+00    -9.8924157895E-01
    7.7250000000E+00    -9.9317592367E-01
    7.7750000000E+00    -9.9613012365E-01
    7.8250000000E+00    -9.9810126347E-01
    7.8750000000E+00    -9.9908739784E-01
    7.9250000000E+00    -9.9908755358E-01
    7.9750000000E+00    -9.9810173051E-01
    8.0250000000E+00    -9.9613090155E-01
    8.0750000000E+00    -9.9317701164E-01
    8.1250000000E+00    -9.8924297594E-01
    8.1750000000E+00    -9.8433267685E-01
    8.2250000000E+00    -9.7845096024E-01
    8.2750000000E+00    -9.7160363067E-01
    8.3250000000E+00    -9.6379744562E-01
    8.3750000000E+00    -9.5504010885E-01
    8.4250000000E+00    -9.4534026280E-01
    8.4750000000E+00    -9.3470748004E-01
    8.5250000000E+00    -9.2315225385E-01
    8.5750000000E+00    -9.1068598783E-01
    8.6250000000E+00    -8.9732098469E-01
    8.6750000000E+00    -8.8307043408E-01
    8.7250000000E+00    -8.6794839956E-01
    8.7750000000E+00    -8.5196980476E-01
    8.8250000000E+00    -8.3515041863E-01
    8.8750000000E+00    -8.1750683985E-01
    8.9250000000E+00    -7.9905648053E-01
    8.9750000000E+00    -7.7981754893E-01
    9.0250000000E+00    -7.5980903156E-01
    9.0750000000E+00    -7.3905067441E-01
    9.1250000000E+00    -7.1756296347E-01
    9.1750000000E+00    -6.9536710451E-01
    9.2250000000E+00    -6.7248500218E-01
    9.2750000000E+00    -6.4893923834E-01
    9.3250000000E+00    -6.2475304982E-01
    9.3750000000E+00    -5.9995030546E-01
    9.4250000000E+00    -5.7455548259E-01
    9.4750000000E+00    -5.4859364283E-01
    9.5250000000E+00    -5.2209040737E-01
    9.5750000000E+00    -4.9507193171E-01
    9.6250000000E+00    -4.6756487982E-01
    9.6750000000E+00    -4.3959639785E-01
    9.7250000000E+00    -4.1119408731E-01
    9.7750000000E+00    -3.8238597784E-01
    9.8250000000E+00    -3.5320049958E-01
    9.8750000000E+00    -3.2366645508E-01
    9.9250000000E+00    -2.9381299085E-01
    9.9750000000E+00    -2.6366956868E-01
