#t= 0.400000
    2.5000000000E-02     2.2759132483E-08
    7.5000000000E-02     1.4967308638E-08
    1.2500000000E-01     9.7945887408E-09
    1.7500000000E-01     6.3779790182E-09
    2.2500000000E-01     4.1327036693E-09
    2.7500000000E-01     2.6646468150E-09
    3.2500000000E-01     1.7096183187E-09
    3.7500000000E-01     1.0914723701E-09
    4.2500000000E-01     6.9339512514E-10
    4.7500000000E-01     4.3833621820E-10
    5.2500000000E-01     2.7575502354E-10
    5.7500000000E-01     1.7271260296E-10
    6.2500000000E-01     1.0795572530E-10
    6.7500000000E-01     6.8064850356E-11
    7.2500000000E-01     4.4998302485E-11
    7.7500000000E-01     3.4500887832E-11
    8.2500000000E-01     3.4980395191E-11
    8.7500000000E-01     4.6739600448E-11
    9.2500000000E-01     7.1803962763E-11
    9.7500000000E-01     1.1462276449E-10
    1.0250000000E+00     1.8352702750E-10
    1.0750000000E+00     2.9262239778E-10
    1.1250000000E+00     4.6428747800E-10
    1.1750000000E+00     7.3305769806E-10
    1.2250000000E+00     1.1517574720E-09
    1.2750000000E+00     1.8007586893E-09
    1.3250000000E+00     2.8016992251E-09
    1.3750000000E+00     4.3376940845E-09
    1.4250000000E+00     6.6829414826E-09
    1.4750000000E+00     1.0245841498E-08
    1.5250000000E+00     1.5631431533E-08
    1.5750000000E+00     2.3731266985E-08
    1.6250000000E+00     3.5852055400E-08
    1.6750000000E+00     5.3898671524E-08
    1.7250000000E+00     8.0633003886E-08
    1.7750000000E+00     1.2003787562E-07
    1.8250000000E+00     1.7782562878E-07
    1.8750000000E+00     2.6214459192E-07
    1.9250000000E+00     3.8455446326E-07
    1.9750000000E+00     5.6136472710E-07
    2.0250000000E+00     8.1545988561E-07
    2.0750000000E+00     1.1787730725E-06
    2.1250000000E+00     1.6956173041E-06
    2.1750000000E+00     2.4271432463E-06
    2.2250000000E+00     3.4572661779E-06
    2.2750000000E+00     4.9004952502E-06
    2.3250000000E+00     6.9122076913E-06
    2.3750000000E+00     9.7020418061E-06
    2.4250000000E+00     1.3551237779E-05
    2.4750000000E+00     1.8834936313E-05
    2.5250000000E+00     2.6050653187E-05
    2.5750000000E+00     3.5854383017E-05
    2.6250000000E+00     4.9106046370E-05
    2.6750000000E+00     6.6926277445E-05
    2.7250000000E+00     9.0766848622E-05
    2.7750000000E+00     1.2249733396E-04
    2.8250000000E+00     1.6451091273E-04
    2.8750000000E+00     2.1985248873E-04
    2.9250000000E+00     2.9237252820E-04
    2.9750000000E+00     3.8691017077E-04
    3.0250000000E+00     5.0950920974E-04
    3.0750000000E+00     6.6767043135E-04
    3.1250000000E+00     8.7064350302E-04
    3.1750000000E+00     1.1297610610E-03
    3.2250000000E+00     1.4588168183E-03
    3.2750000000E+00     1.8744883462E-03
    3.3250000000E+00     2.3968036322E-03
    3.3750000000E+00     3.0496485452E-03
    3.4250000000E+00     3.8613099249E-03
    3.4750000000E+00     4.8650461414E-03
    3.5250000000E+00     6.0996736718E-03
    3.5750000000E+00     7.6101545403E-03
    3.6250000000E+00     9.4481654633E-03
    3.6750000000E+00     1.1672625331E-02
    3.7250000000E+00     1.4350153411E-02
    3.7750000000E+00     1.7555426573E-02
    3.8250000000E+00     2.1371400132E-02
    3.8750000000E+00     2.5889353893E-02
    3.9250000000E+00     3.1208722937E-02
    3.9750000000E+00     3.7436671936E-02
    4.0250000000E+00     4.4687372632E-02
    4.0750000000E+00     5.3080946940E-02
    4.1250000000E+00     6.2742043062E-02
    4.1750000000E+00     7.3798019375E-02
    4.2250000000E+00     8.6376720707E-02
    4.2750000000E+00     1.0060384397E-01
    4.3250000000E+00     1.1659990482E-01
    4.3750000000E+00     1.3447683392E-01
    4.4250000000E+00     1.5433424975E-01
    4.4750000000E+00     1.7625547442E-01
    4.5250000000E+00     2.0030337905E-01
    4.5750000000E+00     2.2651616403E-01
    4.6250000000E+00     2.5490319757E-01
    4.6750000000E+00     2.8544105073E-01
    4.7250000000E+00     3.1806987837E-01
    4.7750000000E+00     3.5269030225E-01
    4.8250000000E+00     3.8916095295E-01
    4.8750000000E+00     4.2729682227E-01
    4.9250000000E+00     4.6686856511E-01
    4.9750000000E+00     5.0760287039E-01
    5.0250000000E+00     5.4918399425E-01
    5.0750000000E+00     5.9125651614E-01
    5.1250000000E+00     6.3342933978E-01
    5.1750000000E+00     6.7528091893E-01
    5.2250000000E+00     7.1636564236E-01
    5.2750000000E+00     7.5622126657E-01
    5.3250000000E+00     7.9437724024E-01
    5.3750000000E+00     8.3036372270E-01
    5.4250000000E+00     8.6372106307E-01
    5.4750000000E+00     8.9400947786E-01
    5.5250000000E+00     9.2081864565E-01
    5.5750000000E+00     9.4377692790E-01
    5.6250000000E+00     9.6255992743E-01
    5.6750000000E+00     9.7689810954E-01
    5.7250000000E+00     9.8658323559E-01
    5.7750000000E+00     9.9147339473E-01
    5.8250000000E+00     9.9149646351E-01
    5.8750000000E+00     9.8665187592E-01
    5.9250000000E+00     9.7701064271E-01
    5.9750000000E+00     9.6271361947E-01
    6.0250000000E+00     9.4396808240E-01
    6.0750000000E+00     9.2104272800E-01
    6.1250000000E+00     8.9426126553E-01
    6.1750000000E+00     8.6399481557E-01
    6.2250000000E+00     8.3065336408E-01
    6.2750000000E+00     7.9467654674E-01
    6.3250000000E+00     7.5652405199E-01
    6.3750000000E+00     7.1666593418E-01
    6.4250000000E+00     6.7557311879E-01
    6.4750000000E+00     6.3370836304E-01
    6.5250000000E+00     5.9151790638E-01
    6.5750000000E+00     5.4942400972E-01
    6.6250000000E+00     5.0781854108E-01
    6.6750000000E+00     4.6705772030E-01
    6.7250000000E+00     4.2745808950E-01
    6.7750000000E+00     3.8929373096E-01
    6.8250000000E+00     3.5279471079E-01
    6.8750000000E+00     3.1814668890E-01
    6.9250000000E+00     2.8549160236E-01
    6.9750000000E+00     2.5492930273E-01
    7.0250000000E+00     2.2652000839E-01
    7.0750000000E+00     2.0028742008E-01
    7.1250000000E+00     1.7622234242E-01
    7.1750000000E+00     1.5428665474E-01
    7.2250000000E+00     1.3441748119E-01
    7.2750000000E+00     1.1653142102E-01
    7.3250000000E+00     1.0052871535E-01
    7.3750000000E+00     8.6297243948E-02
    7.4250000000E+00     7.3716265262E-02
    7.4750000000E+00     6.2659832458E-02
    7.5250000000E+00     5.2999838191E-02
    7.5750000000E+00     4.4608659168E-02
    7.6250000000E+00     3.7361388610E-02
    7.6750000000E+00     3.1137659507E-02
    7.7250000000E+00     2.5823074022E-02
    7.7750000000E+00     2.1310264321E-02
    7.8250000000E+00     1.7499617539E-02
    7.8750000000E+00     1.4299702584E-02
    7.9250000000E+00     1.1627439339E-02
    7.9750000000E+00     9.4080516536E-03
    8.0250000000E+00     7.5748448177E-03
    8.0750000000E+00     6.0688461288E-03
    8.1250000000E+00     4.8383441406E-03
    8.1750000000E+00     3.8383584627E-03
    8.2250000000E+00     3.0300678681E-03
    8.2750000000E+00     2.3802201896E-03
    8.3250000000E+00     1.8605432523E-03
    8.3750000000E+00     1.4471720550E-03
    8.4250000000E+00     1.1201036952E-03
    8.4750000000E+00     8.6268820765E-04
    8.5250000000E+00     6.6116060255E-04
    8.5750000000E+00     5.0421696037E-04
    8.6250000000E+00     3.8263546058E-04
    8.6750000000E+00     2.8894166320E-04
    8.7250000000E+00     2.1711619180E-04
    8.7750000000E+00     1.6234213536E-04
    8.8250000000E+00     1.2078894752E-04
    8.8750000000E+00     8.9429323787E-05
    8.9250000000E+00     6.5885433648E-05
    8.9750000000E+00     4.8300929467E-05
    9.0250000000E+00     3.5235309483E-05
    9.0750000000E+00     2.5577442757E-05
    9.1250000000E+00     1.8475342015E-05
    9.1750000000E+00     1.3279572447E-05
    9.2250000000E+00     9.4979929922E-06
    9.2750000000E+00     6.7598280621E-06
    9.3250000000E+00     4.7873525788E-06
    9.3750000000E+00     3.3737355925E-06
    9.4250000000E+00     2.3658240612E-06
    9.4750000000E+00     1.6508572630E-06
    9.5250000000E+00     1.1462838957E-06
    9.5750000000E+00     7.9200942556E-07
    9.6250000000E+00     5.4453263028E-07
    9.6750000000E+00     3.7253988487E-07
    9.7250000000E+00     2.5361612211E-07
    9.7750000000E+00     1.7180510416E-07
    9.8250000000E+00     1.1581112944E-07
    9.8750000000E+00     7.7681834029E-08
    9.9250000000E+00     5.1849370803E-08
    9.9750000000E+00     3.4436758545E-08
