#t= 4.560000
    2.5000000000E-02     1.0000000000E+00
    7.5000000000E-02     1.0000000000E+00
    1.2500000000E-01     1.0000000000E+00
    1.7500000000E-01     1.0000000000E+00
    2.2500000000E-01     1.0000000000E+00
    2.7500000000E-01     1.0000000000E+00
    3.2500000000E-01     1.0000000000E+00
    3.7500000000E-01     1.0000000000E+00
    4.2500000000E-01     1.0000000000E+00
    4.7500000000E-01     1.0000000000E+00
    5.2500000000E-01     1.0000000000E+00
    5.7500000000E-01     1.0000000000E+00
    6.2500000000E-01     1.0000000000E+00
    6.7500000000E-01     1.0000000000E+00
    7.2500000000E-01     1.0000000000E+00
    7.7500000000E-01     1.0000000000E+00
    8.2500000000E-01     1.0000000000E+00
    8.7500000000E-01     1.0000000000E+00
    9.2500000000E-01     1.0000000000E+00
    9.7500000000E-01     1.0000000000E+00
    1.0250000000E+00     1.0000000000E+00
    1.0750000000E+00     1.0000000000E+00
    1.1250000000E+00     1.0000000000E+00
    1.1750000000E+00     1.0000000000E+00
    1.2250000000E+00     1.0000000000E+00
    1.2750000000E+00     1.0000000000E+00
    1.3250000000E+00     1.0000000000E+00
    1.3750000000E+00     1.0000000000E+00
    1.4250000000E+00     1.0000000000E+00
    1.4750000000E+00     1.0000000000E+00
    1.5250000000E+00     1.0000000000E+00
    1.5750000000E+00     1.0000000000E+00
    1.6250000000E+00     1.0000000000E+00
    1.6750000000E+00     1.0000000000E+00
    1.7250000000E+00     1.0000000000E+00
    1.7750000000E+00     1.0000000000E+00
    1.8250000000E+00     1.0000000000E+00
    1.8750000000E+00     1.0000000000E+00
    1.9250000000E+00     1.0000000000E+00
    1.9750000000E+00     1.0000000000E+00
    2.0250000000E+00     1.0000000000E+00
    2.0750000000E+00     1.0000000000E+00
    2.1250000000E+00     1.0000000000E+00
    2.1750000000E+00     1.0000000000E+00
    2.2250000000E+00     1.0000000000E+00
    2.2750000000E+00     1.0000000000E+00
    2.3250000000E+00     1.0000000000E+00
    2.3750000000E+00     1.0000000000E+00
    2.4250000000E+00     1.0000000000E+00
    2.4750000000E+00     1.0000000000E+00
    2.5250000000E+00     1.0000000000E+00
    2.5750000000E+00     1.0000000000E+00
    2.6250000000E+00     1.0000000000E+00
    2.6750000000E+00     1.0000000000E+00
    2.7250000000E+00     1.0000000000E+00
    2.7750000000E+00     1.0000000000E+00
    2.8250000000E+00     1.0000000000E+00
    2.8750000000E+00     1.0000000000E+00
    2.9250000000E+00     1.0000000000E+00
    2.9750000000E+00     1.0000000000E+00
    3.0250000000E+00     1.0000000000E+00
    3.0750000000E+00     1.0000000000E+00
    3.1250000000E+00     1.0000000000E+00
    3.1750000000E+00     1.0000000000E+00
    3.2250000000E+00     1.0000000000E+00
    3.2750000000E+00     1.0000000000E+00
    3.3250000000E+00     1.0000000000E+00
    3.3750000000E+00     1.0000000000E+00
    3.4250000000E+00     1.0000000000E+00
    3.4750000000E+00     1.0000000000E+00
    3.5250000000E+00     1.0000000000E+00
    3.5750000000E+00     1.0000000000E+00
    3.6250000000E+00     1.0000000000E+00
    3.6750000000E+00     1.0000000000E+00
    3.7250000000E+00     1.0000000000E+00
    3.7750000000E+00     1.0000000000E+00
    3.8250000000E+00     1.0000000000E+00
    3.8750000000E+00     1.0000000000E+00
    3.9250000000E+00     1.0000000000E+00
    3.9750000000E+00     1.0000000000E+00
    4.0250000000E+00     1.0000000000E+00
    4.0750000000E+00     1.0000000000E+00
    4.1250000000E+00     1.0000000000E+00
    4.1750000000E+00     1.0000000000E+00
    4.2250000000E+00     1.0000000000E+00
    4.2750000000E+00     1.0000000000E+00
    4.3250000000E+00     1.0000000000E+00
    4.3750000000E+00     1.0000000000E+00
    4.4250000000E+00     1.0000000000E+00
    4.4750000000E+00     1.0000000000E+00
    4.5250000000E+00     1.0000000000E+00
    4.5750000000E+00     1.0000000000E+00
    4.6250000000E+00     1.0000000000E+00
    4.6750000000E+00     1.0000000000E+00
    4.7250000000E+00     1.0000000000E+00
    4.7750000000E+00     1.0000000000E+00
    4.8250000000E+00     1.0000000000E+00
    4.8750000000E+00     1.0000000000E+00
    4.9250000000E+00     1.0000000000E+00
    4.9750000000E+00     1.0000000000E+00
    5.0250000000E+00     1.0000000000E+00
    5.0750000000E+00     1.0000000000E+00
    5.1250000000E+00     1.0000000000E+00
    5.1750000000E+00     1.0000000000E+00
    5.2250000000E+00     1.0000000000E+00
    5.2750000000E+00     1.0000000000E+00
    5.3250000000E+00     1.0000000000E+00
    5.3750000000E+00     1.0000000000E+00
    5.4250000000E+00     1.0000000000E+00
    5.4750000000E+00     1.0000000000E+00
    5.5250000000E+00     1.0000000000E+00
    5.5750000000E+00     1.0000000000E+00
    5.6250000000E+00     1.0000000000E+00
    5.6750000000E+00     1.0000000000E+00
    5.7250000000E+00     1.0000000000E+00
    5.7750000000E+00     1.0000000000E+00
    5.8250000000E+00     1.0000000000E+00
    5.8750000000E+00     1.0000000000E+00
    5.9250000000E+00     1.0000000000E+00
    5.9750000000E+00     1.0000000000E+00
    6.0250000000E+00     1.0000000000E+00
    6.0750000000E+00     1.0000000000E+00
    6.1250000000E+00     1.0000000000E+00
    6.1750000000E+00     1.0000000000E+00
    6.2250000000E+00     1.0000000000E+00
    6.2750000000E+00     1.0000000000E+00
    6.3250000000E+00     1.0000000000E+00
    6.3750000000E+00     1.0000000000E+00
    6.4250000000E+00     1.0000000000E+00
    6.4750000000E+00     1.0000000000E+00
    6.5250000000E+00     1.0000000000E+00
    6.5750000000E+00     1.0000000000E+00
    6.6250000000E+00     1.0000000000E+00
    6.6750000000E+00     1.0000000000E+00
    6.7250000000E+00     1.0000000000E+00
    6.7750000000E+00     1.0000000000E+00
    6.8250000000E+00     1.0000000000E+00
    6.8750000000E+00     1.0000000000E+00
    6.9250000000E+00     9.9999999999E-01
    6.9750000000E+00     9.9999999997E-01
    7.0250000000E+00     9.9999999992E-01
    7.0750000000E+00     9.9999999980E-01
    7.1250000000E+00     9.9999999951E-01
    7.1750000000E+00     9.9999999881E-01
    7.2250000000E+00     9.9999999716E-01
    7.2750000000E+00     9.9999999333E-01
    7.3250000000E+00     9.9999998464E-01
    7.3750000000E+00     9.9999996526E-01
    7.4250000000E+00     9.9999992287E-01
    7.4750000000E+00     9.9999983192E-01
    7.5250000000E+00     9.9999964050E-01
    7.5750000000E+00     9.9999924540E-01
    7.6250000000E+00     9.9999844567E-01
    7.6750000000E+00     9.9999685851E-01
    7.7250000000E+00     9.9999377048E-01
    7.7750000000E+00     9.9998788109E-01
    7.8250000000E+00     9.9997687285E-01
    7.8750000000E+00     9.9995670975E-01
    7.9250000000E+00     9.9992052556E-01
    7.9750000000E+00     9.9985691517E-01
    8.0250000000E+00     9.9974739149E-01
    8.0750000000E+00     9.9956272934E-01
    8.1250000000E+00     9.9925790278E-01
    8.1750000000E+00     9.9876536016E-01
    8.2250000000E+00     9.9798650392E-01
    8.2750000000E+00     9.9678148289E-01
    8.3250000000E+00     9.9495779032E-01
    8.3750000000E+00     9.9225869657E-01
    8.4250000000E+00     9.8835319870E-01
    8.4750000000E+00     9.8282985778E-01
    8.5250000000E+00     9.7519747367E-01
    8.5750000000E+00     9.6489581980E-01
    8.6250000000E+00     9.5131940330E-01
    8.6750000000E+00     9.3385623194E-01
    8.7250000000E+00     9.1194175473E-01
    8.7750000000E+00     8.8512556586E-01
    8.8250000000E+00     8.5314541124E-01
    8.8750000000E+00     8.1600003854E-01
    8.9250000000E+00     7.7401017898E-01
    8.9750000000E+00     7.2785617668E-01
    9.0250000000E+00     6.7858206361E-01
    9.0750000000E+00     6.2755943086E-01
    9.1250000000E+00     5.7640997288E-01
    9.1750000000E+00     5.2689223329E-01
    9.2250000000E+00     4.8076458608E-01
    9.2750000000E+00     4.3964141354E-01
    9.3250000000E+00     4.0486157074E-01
    9.3750000000E+00     3.7738688989E-01
    9.4250000000E+00     3.5774379847E-01
    9.4750000000E+00     3.4601402433E-01
    9.5250000000E+00     3.4187234904E-01
    9.5750000000E+00     3.4466215348E-01
    9.6250000000E+00     3.5349453317E-01
    9.6750000000E+00     3.6735488326E-01
    9.7250000000E+00     3.8520211216E-01
    9.7750000000E+00     4.0604935922E-01
    9.8250000000E+00     4.2902011696E-01
    9.8750000000E+00     4.5337873473E-01
    9.9250000000E+00     4.7853837674E-01
    9.9750000000E+00     5.0405203214E-01
