#t= 1.840000
    2.5000000000E-02     1.7891598071E-01
    7.5000000000E-02     1.5744375798E-01
    1.2500000000E-01     1.3790128437E-01
    1.7500000000E-01     1.2022016970E-01
    2.2500000000E-01     1.0431629075E-01
    2.7500000000E-01     9.0093264061E-02
    3.2500000000E-01     7.7445734921E-02
    3.7500000000E-01     6.6262421055E-02
    4.2500000000E-01     5.6428865327E-02
    4.7500000000E-01     4.7829866784E-02
    5.2500000000E-01     4.0351573431E-02
    5.7500000000E-01     3.3883232693E-02
    6.2500000000E-01     2.8318606437E-02
    6.7500000000E-01     2.3557066387E-02
    7.2500000000E-01     1.9504392853E-02
    7.7500000000E-01     1.6073304845E-02
    8.2500000000E-01     1.3183752975E-02
    8.7500000000E-01     1.0763008327E-02
    9.2500000000E-01     8.7455807420E-03
    9.7500000000E-01     7.0729991167E-03
    1.0250000000E+00     5.6934844851E-03
    1.0750000000E+00     4.5615441404E-03
    1.1250000000E+00     3.6375120417E-03
    1.1750000000E+00     2.8870574823E-03
    1.2250000000E+00     2.2806806145E-03
    1.2750000000E+00     1.7932101000E-03
    1.3250000000E+00     1.4033149847E-03
    1.3750000000E+00     1.0930399784E-03
    1.4250000000E+00     8.4737070431E-04
    1.4750000000E+00     6.5383320935E-04
    1.5250000000E+00     5.0213009837E-04
    1.5750000000E+00     3.8381407761E-04
    1.6250000000E+00     2.9199843898E-04
    1.6750000000E+00     2.2110306465E-04
    1.7250000000E+00     1.6663384514E-04
    1.7750000000E+00     1.2499294757E-04
    1.8250000000E+00     9.3317106172E-05
    1.8750000000E+00     6.9340998973E-05
    1.9250000000E+00     5.1282787582E-05
    1.9750000000E+00     3.7749001864E-05
    2.0250000000E+00     2.7656120611E-05
    2.0750000000E+00     2.0166410732E-05
    2.1250000000E+00     1.4635822613E-05
    2.1750000000E+00     1.0571983308E-05
    2.2250000000E+00     7.6005710823E-06
    2.2750000000E+00     5.4385863474E-06
    2.3250000000E+00     3.8732497441E-06
    2.3750000000E+00     2.7454545986E-06
    2.4250000000E+00     1.9368765789E-06
    2.4750000000E+00     1.3599976843E-06
    2.5250000000E+00     9.5043529179E-07
    2.5750000000E+00     6.6108108065E-07
    2.6250000000E+00     4.5765089518E-07
    2.6750000000E+00     3.1532684335E-07
    2.7250000000E+00     2.1623910509E-07
    2.7750000000E+00     1.4758894185E-07
    2.8250000000E+00     1.0025806575E-07
    2.8750000000E+00     6.7784496249E-08
    2.9250000000E+00     4.5612787119E-08
    2.9750000000E+00     3.0548345729E-08
    3.0250000000E+00     2.0362607370E-08
    3.0750000000E+00     1.3509016589E-08
    3.1250000000E+00     8.9198954670E-09
    3.1750000000E+00     5.8619962754E-09
    3.2250000000E+00     3.8343726247E-09
    3.2750000000E+00     2.4965851927E-09
    3.3250000000E+00     1.6185243205E-09
    3.3750000000E+00     1.0455494147E-09
    3.4250000000E+00     6.7442273770E-10
    3.4750000000E+00     4.3681435613E-10
    3.5250000000E+00     2.8809995990E-10
    3.5750000000E+00     1.9985881688E-10
    3.6250000000E+00     1.5497728626E-10
    3.6750000000E+00     1.4462839722E-10
    3.7250000000E+00     1.6667105697E-10
    3.7750000000E+00     2.2522510957E-10
    3.8250000000E+00     3.3135648600E-10
    3.8750000000E+00     5.0497311254E-10
    3.9250000000E+00     7.7820996370E-10
    3.9750000000E+00     1.2007952497E-09
    4.0250000000E+00     1.8481670184E-09
    4.0750000000E+00     2.8334832482E-09
    4.1250000000E+00     4.3251794643E-09
    4.1750000000E+00     6.5724286779E-09
    4.2250000000E+00     9.9418188554E-09
    4.2750000000E+00     1.4969876117E-08
    4.3250000000E+00     2.2437849741E-08
    4.3750000000E+00     3.3477596684E-08
    4.4250000000E+00     4.9720662714E-08
    4.4750000000E+00     7.3507014197E-08
    4.5250000000E+00     1.0817565726E-07
    4.5750000000E+00     1.5846700069E-07
    4.6250000000E+00     2.3107678533E-07
    4.6750000000E+00     3.3541434078E-07
    4.7250000000E+00     4.8463459747E-07
    4.7750000000E+00     6.9703458256E-07
    4.8250000000E+00     9.9793212889E-07
    4.8750000000E+00     1.4221784630E-06
    4.9250000000E+00     2.0174986202E-06
    4.9750000000E+00     2.8489058336E-06
    5.0250000000E+00     4.0044998712E-06
    5.0750000000E+00     5.6030365609E-06
    5.1250000000E+00     7.8037482775E-06
    5.1750000000E+00     1.0819004744E-05
    5.2250000000E+00     1.4930531671E-05
    5.2750000000E+00     2.0510052693E-05
    5.3250000000E+00     2.8045388362E-05
    5.3750000000E+00     3.8173234208E-05
    5.4250000000E+00     5.1720046701E-05
    5.4750000000E+00     6.9752688053E-05
    5.5250000000E+00     9.3640713245E-05
    5.5750000000E+00     1.2513241779E-04
    5.6250000000E+00     1.6644699226E-04
    5.6750000000E+00     2.2038533574E-04
    5.7250000000E+00     2.9046224795E-04
    5.7750000000E+00     3.8106282760E-04
    5.8250000000E+00     4.9762592728E-04
    5.8750000000E+00     6.4685742492E-04
    5.9250000000E+00     8.3697583471E-04
    5.9750000000E+00     1.0779923641E-03
    6.0250000000E+00     1.3820268897E-03
    6.0750000000E+00     1.7636604393E-03
    6.1250000000E+00     2.2403235990E-03
    6.1750000000E+00     2.8327187788E-03
    6.2250000000E+00     3.5652724593E-03
    6.2750000000E+00     4.4666113853E-03
    6.3250000000E+00     5.5700541900E-03
    6.3750000000E+00     6.9141071444E-03
    6.4250000000E+00     8.5429496855E-03
    6.4750000000E+00     1.0506892159E-02
    6.5250000000E+00     1.2862784930E-02
    6.5750000000E+00     1.5674354774E-02
    6.6250000000E+00     1.9012441500E-02
    6.6750000000E+00     2.2955105131E-02
    6.7250000000E+00     2.7587572074E-02
    6.7750000000E+00     3.3001987601E-02
    6.8250000000E+00     3.9296941977E-02
    6.8750000000E+00     4.6576738960E-02
    6.9250000000E+00     5.4950378209E-02
    6.9750000000E+00     6.4530227828E-02
    7.0250000000E+00     7.5430369630E-02
    7.0750000000E+00     8.7764608100E-02
    7.1250000000E+00     1.0164414420E-01
    7.1750000000E+00     1.1717492708E-01
    7.2250000000E+00     1.3445471030E-01
    7.2750000000E+00     1.5356985345E-01
    7.3250000000E+00     1.7459192580E-01
    7.3750000000E+00     1.9757418332E-01
    7.4250000000E+00     2.2254800586E-01
    7.4750000000E+00     2.4951939420E-01
    7.5250000000E+00     2.7846563845E-01
    7.5750000000E+00     3.0933227753E-01
    7.6250000000E+00     3.4203047462E-01
    7.6750000000E+00     3.7643493382E-01
    7.7250000000E+00     4.1238247916E-01
    7.7750000000E+00     4.4967140788E-01
    7.8250000000E+00     4.8806171475E-01
    7.8750000000E+00     5.2727626464E-01
    7.9250000000E+00     5.6700296531E-01
    7.9750000000E+00     6.0689796350E-01
    8.0250000000E+00     6.4658985465E-01
    8.0750000000E+00     6.8568486181E-01
    8.1250000000E+00     7.2377290357E-01
    8.1750000000E+00     7.6043443556E-01
    8.2250000000E+00     7.9524791696E-01
    8.2750000000E+00     8.2779772391E-01
    8.3250000000E+00     8.5768230726E-01
    8.3750000000E+00     8.8452237423E-01
    8.4250000000E+00     9.0796886298E-01
    8.4750000000E+00     9.2771047690E-01
    8.5250000000E+00     9.4348055197E-01
    8.5750000000E+00     9.5506304576E-01
    8.6250000000E+00     9.6229746030E-01
    8.6750000000E+00     9.6508254189E-01
    8.7250000000E+00     9.6337863890E-01
    8.7750000000E+00     9.5720864069E-01
    8.8250000000E+00     9.4665746660E-01
    8.8750000000E+00     9.3187012098E-01
    8.9250000000E+00     9.1304837653E-01
    8.9750000000E+00     8.9044619190E-01
    9.0250000000E+00     8.6436400928E-01
    9.0750000000E+00     8.3514211064E-01
    9.1250000000E+00     8.0315323826E-01
    9.1750000000E+00     7.6879470272E-01
    9.2250000000E+00     7.3248021144E-01
    9.2750000000E+00     6.9463165119E-01
    9.3250000000E+00     6.5567105056E-01
    9.3750000000E+00     6.1601293217E-01
    9.4250000000E+00     5.7605724241E-01
    9.4750000000E+00     5.3618301777E-01
    9.5250000000E+00     4.9674291485E-01
    9.5750000000E+00     4.5805869591E-01
    9.6250000000E+00     4.2041772578E-01
    9.6750000000E+00     3.8407050055E-01
    9.7250000000E+00     3.4922919428E-01
    9.7750000000E+00     3.1606717996E-01
    9.8250000000E+00     2.8471945354E-01
    9.8750000000E+00     2.5528386890E-01
    9.9250000000E+00     2.2782307423E-01
    9.9750000000E+00     2.0236702979E-01
