#t= 2.160000
    2.5000000000E-02     1.0000000000E+00
    7.5000000000E-02     1.0000000000E+00
    1.2500000000E-01     1.0000000000E+00
    1.7500000000E-01     1.0000000000E+00
    2.2500000000E-01     1.0000000000E+00
    2.7500000000E-01     1.0000000000E+00
    3.2500000000E-01     1.0000000000E+00
    3.7500000000E-01     1.0000000000E+00
    4.2500000000E-01     1.0000000000E+00
    4.7500000000E-01     1.0000000000E+00
    5.2500000000E-01     1.0000000000E+00
    5.7500000000E-01     1.0000000000E+00
    6.2500000000E-01     1.0000000000E+00
    6.7500000000E-01     1.0000000000E+00
    7.2500000000E-01     1.0000000000E+00
    7.7500000000E-01     1.0000000000E+00
    8.2500000000E-01     1.0000000000E+00
    8.7500000000E-01     1.0000000000E+00
    9.2500000000E-01     1.0000000000E+00
    9.7500000000E-01     1.0000000000E+00
    1.0250000000E+00     1.0000000000E+00
    1.0750000000E+00     1.0000000000E+00
    1.1250000000E+00     1.0000000000E+00
    1.1750000000E+00     1.0000000000E+00
    1.2250000000E+00     1.0000000000E+00
    1.2750000000E+00     1.0000000000E+00
    1.3250000000E+00     1.0000000000E+00
    1.3750000000E+00     1.0000000000E+00
    1.4250000000E+00     1.0000000000E+00
    1.4750000000E+00     1.0000000000E+00
    1.5250000000E+00     1.0000000000E+00
    1.5750000000E+00     1.0000000000E+00
    1.6250000000E+00     1.0000000000E+00
    1.6750000000E+00     1.0000000000E+00
    1.7250000000E+00     1.0000000000E+00
    1.7750000000E+00     1.0000000000E+00
    1.8250000000E+00     1.0000000000E+00
    1.8750000000E+00     1.0000000000E+00
    1.9250000000E+00     1.0000000000E+00
    1.9750000000E+00     1.0000000000E+00
    2.0250000000E+00     1.0000000000E+00
    2.0750000000E+00     1.0000000000E+00
    2.1250000000E+00     1.0000000000E+00
    2.1750000000E+00     1.0000000000E+00
    2.2250000000E+00     1.0000000000E+00
    2.2750000000E+00     1.0000000000E+00
    2.3250000000E+00     1.0000000000E+00
    2.3750000000E+00     1.0000000000E+00
    2.4250000000E+00     1.0000000000E+00
    2.4750000000E+00     1.0000000000E+00
    2.5250000000E+00     1.0000000000E+00
    2.5750000000E+00     1.0000000000E+00
    2.6250000000E+00     1.0000000000E+00
    2.6750000000E+00     1.0000000000E+00
    2.7250000000E+00     1.0000000000E+00
    2.7750000000E+00     9.9999999999E-01
    2.8250000000E+00     9.9999999995E-01
    2.8750000000E+00     9.9999999981E-01
    2.9250000000E+00     9.9999999933E-01
    2.9750000000E+00     9.9999999768E-01
    3.0250000000E+00     9.9999999231E-01
    3.0750000000E+00     9.9999997542E-01
    3.1250000000E+00     9.9999992425E-01
    3.1750000000E+00     9.9999977493E-01
    3.2250000000E+00     9.9999935536E-01
    3.2750000000E+00     9.9999822044E-01
    3.3250000000E+00     9.9999526606E-01
    3.3750000000E+00     9.9998786702E-01
    3.4250000000E+00     9.9997004593E-01
    3.4750000000E+00     9.9992878188E-01
    3.5250000000E+00     9.9983697003E-01
    3.5750000000E+00     9.9964076624E-01
    3.6250000000E+00     9.9923826213E-01
    3.6750000000E+00     9.9844605617E-01
    3.7250000000E+00     9.9695106908E-01
    3.7750000000E+00     9.9424792942E-01
    3.8250000000E+00     9.8956840672E-01
    3.8750000000E+00     9.8181891690E-01
    3.9250000000E+00     9.6955355345E-01
    3.9750000000E+00     9.5101932056E-01
    4.0250000000E+00     9.2431071589E-01
    4.0750000000E+00     8.8765541726E-01
    4.1250000000E+00     8.3981778457E-01
    4.1750000000E+00     7.8055650245E-01
    4.2250000000E+00     7.1102222554E-01
    4.2750000000E+00     6.3395438712E-01
    4.3250000000E+00     5.5355653503E-01
    4.3750000000E+00     4.7500542566E-01
    4.4250000000E+00     4.0366406725E-01
    4.4750000000E+00     3.4418145165E-01
    4.5250000000E+00     2.9972119640E-01
    4.5750000000E+00     2.7153368170E-01
    4.6250000000E+00     2.5897553857E-01
    4.6750000000E+00     2.5993112985E-01
    4.7250000000E+00     2.7146713116E-01
    4.7750000000E+00     2.9050368371E-01
    4.8250000000E+00     3.1432449283E-01
    4.8750000000E+00     3.4084281305E-01
    4.9250000000E+00     3.6863965902E-01
    4.9750000000E+00     3.9685344424E-01
    5.0250000000E+00     4.2501309004E-01
    5.0750000000E+00     4.5288258639E-01
    5.1250000000E+00     4.8034852309E-01
    5.1750000000E+00     5.0735297337E-01
    5.2250000000E+00     5.3385980285E-01
    5.2750000000E+00     5.5984039664E-01
    5.3250000000E+00     5.8526859415E-01
    5.3750000000E+00     6.1011921384E-01
    5.4250000000E+00     6.3436772043E-01
    5.4750000000E+00     6.5799018271E-01
    5.5250000000E+00     6.8096328811E-01
    5.5750000000E+00     7.0326436496E-01
    5.6250000000E+00     7.2487140480E-01
    5.6750000000E+00     7.4576308406E-01
    5.7250000000E+00     7.6591878521E-01
    5.7750000000E+00     7.8531861698E-01
    5.8250000000E+00     8.0394343409E-01
    5.8750000000E+00     8.2177485609E-01
    5.9250000000E+00     8.3879528552E-01
    5.9750000000E+00     8.5498792528E-01
    6.0250000000E+00     8.7033679517E-01
    6.0750000000E+00     8.8482674773E-01
    6.1250000000E+00     8.9844348311E-01
    6.1750000000E+00     9.1117356325E-01
    6.2250000000E+00     9.2300442509E-01
    6.2750000000E+00     9.3392439299E-01
    6.3250000000E+00     9.4392269027E-01
    6.3750000000E+00     9.5298944982E-01
    6.4250000000E+00     9.6111572384E-01
    6.4750000000E+00     9.6829349267E-01
    6.5250000000E+00     9.7451567273E-01
    6.5750000000E+00     9.7977612348E-01
    6.6250000000E+00     9.8406965348E-01
    6.6750000000E+00     9.8739202554E-01
    6.7250000000E+00     9.8973996089E-01
    6.7750000000E+00     9.9111114238E-01
    6.8250000000E+00     9.9150421683E-01
    6.8750000000E+00     9.9091879633E-01
    6.9250000000E+00     9.8935545861E-01
    6.9750000000E+00     9.8681574650E-01
    7.0250000000E+00     9.8330216639E-01
    7.0750000000E+00     9.7881818576E-01
    7.1250000000E+00     9.7336822975E-01
    7.1750000000E+00     9.6695767681E-01
    7.2250000000E+00     9.5959285339E-01
    7.2750000000E+00     9.5128102768E-01
    7.3250000000E+00     9.4203040244E-01
    7.3750000000E+00     9.3185010692E-01
    7.4250000000E+00     9.2075018786E-01
    7.4750000000E+00     9.0874159952E-01
    7.5250000000E+00     8.9583619294E-01
    7.5750000000E+00     8.8204670419E-01
    7.6250000000E+00     8.6738674183E-01
    7.6750000000E+00     8.5187077348E-01
    7.7250000000E+00     8.3551411153E-01
    7.7750000000E+00     8.1833289802E-01
    7.8250000000E+00     8.0034408874E-01
    7.8750000000E+00     7.8156543647E-01
    7.9250000000E+00     7.6201547347E-01
    7.9750000000E+00     7.4171349320E-01
    8.0250000000E+00     7.2067953126E-01
    8.0750000000E+00     6.9893434563E-01
    8.1250000000E+00     6.7649939619E-01
    8.1750000000E+00     6.5339682352E-01
    8.2250000000E+00     6.2964942706E-01
    8.2750000000E+00     6.0528064264E-01
    8.3250000000E+00     5.8031451931E-01
    8.3750000000E+00     5.5477569560E-01
    8.4250000000E+00     5.2868937527E-01
    8.4750000000E+00     5.0208130234E-01
    8.5250000000E+00     4.7497773579E-01
    8.5750000000E+00     4.4740542356E-01
    8.6250000000E+00     4.1939157620E-01
    8.6750000000E+00     3.9096383998E-01
    8.7250000000E+00     3.6215026965E-01
    8.7750000000E+00     3.3297930073E-01
    8.8250000000E+00     3.0347972144E-01
    8.8750000000E+00     2.7368064430E-01
    8.9250000000E+00     2.4361147741E-01
    8.9750000000E+00     2.1330189541E-01
    9.0250000000E+00     1.8278181018E-01
    9.0750000000E+00     1.5208134138E-01
    9.1250000000E+00     1.2123078665E-01
    9.1750000000E+00     9.0260591777E-02
    9.2250000000E+00     5.9201320594E-02
    9.2750000000E+00     2.8083624854E-02
    9.3250000000E+00    -3.0617860321E-03
    9.3750000000E+00    -3.4204175305E-02
    9.4250000000E+00    -6.5312809187E-02
    9.4750000000E+00    -9.6356987212E-02
    9.5250000000E+00    -1.2730607252E-01
    9.5750000000E+00    -1.5812952211E-01
    9.6250000000E+00    -1.8879691695E-01
    9.6750000000E+00    -2.1927799203E-01
    9.7250000000E+00    -2.4954266620E-01
    9.7750000000E+00    -2.7956107189E-01
    9.8250000000E+00    -3.0930358455E-01
    9.8750000000E+00    -3.3874085192E-01
    9.9250000000E+00    -3.6784382296E-01
    9.9750000000E+00    -3.9658377657E-01
