#t= 4.240000
    2.5000000000E-02     1.0000000000E+00
    7.5000000000E-02     1.0000000000E+00
    1.2500000000E-01     1.0000000000E+00
    1.7500000000E-01     1.0000000000E+00
    2.2500000000E-01     1.0000000000E+00
    2.7500000000E-01     1.0000000000E+00
    3.2500000000E-01     1.0000000000E+00
    3.7500000000E-01     1.0000000000E+00
    4.2500000000E-01     1.0000000000E+00
    4.7500000000E-01     1.0000000000E+00
    5.2500000000E-01     1.0000000000E+00
    5.7500000000E-01     1.0000000000E+00
    6.2500000000E-01     1.0000000000E+00
    6.7500000000E-01     1.0000000000E+00
    7.2500000000E-01     1.0000000000E+00
    7.7500000000E-01     1.0000000000E+00
    8.2500000000E-01     1.0000000000E+00
    8.7500000000E-01     1.0000000000E+00
    9.2500000000E-01     1.0000000000E+00
    9.7500000000E-01     1.0000000000E+00
    1.0250000000E+00     1.0000000000E+00
    1.0750000000E+00     1.0000000000E+00
    1.1250000000E+00     1.0000000000E+00
    1.1750000000E+00     1.0000000000E+00
    1.2250000000E+00     1.0000000000E+00
    1.2750000000E+00     1.0000000000E+00
    1.3250000000E+00     1.0000000000E+00
    1.3750000000E+00     1.0000000000E+00
    1.4250000000E+00     1.0000000000E+00
    1.4750000000E+00     1.0000000000E+00
    1.5250000000E+00     1.0000000000E+00
    1.5750000000E+00     1.0000000000E+00
    1.6250000000E+00     1.0000000000E+00
    1.6750000000E+00     1.0000000000E+00
    1.7250000000E+00     1.0000000000E+00
    1.7750000000E+00     1.0000000000E+00
    1.8250000000E+00     1.0000000000E+00
    1.8750000000E+00     1.0000000000E+00
    1.9250000000E+00     1.0000000000E+00
    1.9750000000E+00     1.0000000000E+00
    2.0250000000E+00     1.0000000000E+00
    2.0750000000E+00     1.0000000000E+00
    2.1250000000E+00     1.0000000000E+00
    2.1750000000E+00     1.0000000000E+00
    2.2250000000E+00     1.0000000000E+00
    2.2750000000E+00     1.0000000000E+00
    2.3250000000E+00     1.0000000000E+00
    2.3750000000E+00     1.0000000000E+00
    2.4250000000E+00     1.0000000000E+00
    2.4750000000E+00     1.0000000000E+00
    2.5250000000E+00     1.0000000000E+00
    2.5750000000E+00     1.0000000000E+00
    2.6250000000E+00     1.0000000000E+00
    2.6750000000E+00     1.0000000000E+00
    2.7250000000E+00     1.0000000000E+00
    2.7750000000E+00     1.0000000000E+00
    2.8250000000E+00     1.0000000000E+00
    2.8750000000E+00     1.0000000000E+00
    2.9250000000E+00     1.0000000000E+00
    2.9750000000E+00     1.0000000000E+00
    3.0250000000E+00     1.0000000000E+00
    3.0750000000E+00     1.0000000000E+00
    3.1250000000E+00     1.0000000000E+00
    3.1750000000E+00     1.0000000000E+00
    3.2250000000E+00     1.0000000000E+00
    3.2750000000E+00     1.0000000000E+00
    3.3250000000E+00     1.0000000000E+00
    3.3750000000E+00     1.0000000000E+00
    3.4250000000E+00     1.0000000000E+00
    3.4750000000E+00     1.0000000000E+00
    3.5250000000E+00     1.0000000000E+00
    3.5750000000E+00     1.0000000000E+00
    3.6250000000E+00     1.0000000000E+00
    3.6750000000E+00     1.0000000000E+00
    3.7250000000E+00     1.0000000000E+00
    3.7750000000E+00     1.0000000000E+00
    3.8250000000E+00     1.0000000000E+00
    3.8750000000E+00     1.0000000000E+00
    3.9250000000E+00     1.0000000000E+00
    3.9750000000E+00     1.0000000000E+00
    4.0250000000E+00     1.0000000000E+00
    4.0750000000E+00     1.0000000000E+00
    4.1250000000E+00     1.0000000000E+00
    4.1750000000E+00     1.0000000000E+00
    4.2250000000E+00     1.0000000000E+00
    4.2750000000E+00     1.0000000000E+00
    4.3250000000E+00     1.0000000000E+00
    4.3750000000E+00     1.0000000000E+00
    4.4250000000E+00     1.0000000000E+00
    4.4750000000E+00     1.0000000000E+00
    4.5250000000E+00     1.0000000000E+00
    4.5750000000E+00     1.0000000000E+00
    4.6250000000E+00     1.0000000000E+00
    4.6750000000E+00     1.0000000000E+00
    4.7250000000E+00     1.0000000000E+00
    4.7750000000E+00     1.0000000000E+00
    4.8250000000E+00     1.0000000000E+00
    4.8750000000E+00     1.0000000000E+00
    4.9250000000E+00     1.0000000000E+00
    4.9750000000E+00     1.0000000000E+00
    5.0250000000E+00     1.0000000000E+00
    5.0750000000E+00     1.0000000000E+00
    5.1250000000E+00     1.0000000000E+00
    5.1750000000E+00     1.0000000000E+00
    5.2250000000E+00     1.0000000000E+00
    5.2750000000E+00     1.0000000000E+00
    5.3250000000E+00     1.0000000000E+00
    5.3750000000E+00     1.0000000000E+00
    5.4250000000E+00     1.0000000000E+00
    5.4750000000E+00     1.0000000000E+00
    5.5250000000E+00     1.0000000000E+00
    5.5750000000E+00     1.0000000000E+00
    5.6250000000E+00     1.0000000000E+00
    5.6750000000E+00     1.0000000000E+00
    5.7250000000E+00     1.0000000000E+00
    5.7750000000E+00     1.0000000000E+00
    5.8250000000E+00     1.0000000000E+00
    5.8750000000E+00     1.0000000000E+00
    5.9250000000E+00     1.0000000000E+00
    5.9750000000E+00     1.0000000000E+00
    6.0250000000E+00     1.0000000000E+00
    6.0750000000E+00     1.0000000000E+00
    6.1250000000E+00     1.0000000000E+00
    6.1750000000E+00     1.0000000000E+00
    6.2250000000E+00     1.0000000000E+00
    6.2750000000E+00     1.0000000000E+00
    6.3250000000E+00     9.9999999999E-01
    6.3750000000E+00     9.9999999998E-01
    6.4250000000E+00     9.9999999996E-01
    6.4750000000E+00     9.9999999989E-01
    6.5250000000E+00     9.9999999970E-01
    6.5750000000E+00     9.9999999925E-01
    6.6250000000E+00     9.9999999814E-01
    6.6750000000E+00     9.9999999547E-01
    6.7250000000E+00     9.9999998917E-01
    6.7750000000E+00     9.9999997463E-01
    6.8250000000E+00     9.9999994172E-01
    6.8750000000E+00     9.9999986877E-01
    6.9250000000E+00     9.9999971034E-01
    6.9750000000E+00     9.9999937329E-01
    7.0250000000E+00     9.9999867105E-01
    7.0750000000E+00     9.9999723834E-01
    7.1250000000E+00     9.9999437640E-01
    7.1750000000E+00     9.9998877987E-01
    7.2250000000E+00     9.9997806807E-01
    7.2750000000E+00     9.9995800408E-01
    7.3250000000E+00     9.9992123305E-01
    7.3750000000E+00     9.9985530875E-01
    7.4250000000E+00     9.9973971050E-01
    7.4750000000E+00     9.9954149717E-01
    7.5250000000E+00     9.9920922369E-01
    7.5750000000E+00     9.9866479611E-01
    7.6250000000E+00     9.9779310799E-01
    7.6750000000E+00     9.9642963141E-01
    7.7250000000E+00     9.9434666527E-01
    7.7750000000E+00     9.9123967570E-01
    7.8250000000E+00     9.8671604352E-01
    7.8750000000E+00     9.8028943094E-01
    7.9250000000E+00     9.7138367250E-01
    7.9750000000E+00     9.5935029396E-01
    8.0250000000E+00     9.4350315106E-01
    8.0750000000E+00     9.2317201145E-01
    8.1250000000E+00     8.9777409986E-01
    8.1750000000E+00     8.6689889732E-01
    8.2250000000E+00     8.3039737806E-01
    8.2750000000E+00     7.8846324827E-01
    8.3250000000E+00     7.4169165945E-01
    8.3750000000E+00     6.9110126678E-01
    8.4250000000E+00     6.3810896182E-01
    8.4750000000E+00     5.8445302927E-01
    8.5250000000E+00     5.3206895259E-01
    8.5750000000E+00     4.8293099087E-01
    8.6250000000E+00     4.3887995654E-01
    8.6750000000E+00     4.0146146310E-01
    8.7250000000E+00     3.7179810303E-01
    8.7750000000E+00     3.5051348334E-01
    8.8250000000E+00     3.3771691780E-01
    8.8750000000E+00     3.3304691912E-01
    8.9250000000E+00     3.3576188884E-01
    8.9750000000E+00     3.4485969174E-01
    9.0250000000E+00     3.5920535599E-01
    9.0750000000E+00     3.7764802184E-01
    9.1250000000E+00     3.9911345547E-01
    9.1750000000E+00     4.2266527032E-01
    9.2250000000E+00     4.4753466388E-01
    9.2750000000E+00     4.7312358313E-01
    9.3250000000E+00     4.9898906511E-01
    9.3750000000E+00     5.2481707008E-01
    9.4250000000E+00     5.5039297985E-01
    9.4750000000E+00     5.7557386265E-01
    9.5250000000E+00     6.0026536112E-01
    9.5750000000E+00     6.2440417179E-01
    9.6250000000E+00     6.4794580361E-01
    9.6750000000E+00     6.7085663876E-01
    9.7250000000E+00     6.9310913553E-01
    9.7750000000E+00     7.1467912413E-01
    9.8250000000E+00     7.3554438574E-01
    9.8750000000E+00     7.5568395977E-01
    9.9250000000E+00     7.7507783391E-01
    9.9750000000E+00     7.9370682132E-01
