#t= 0.120000
    2.5000000000E-02     9.9993700527E-01
    7.5000000000E-02     9.9842714125E-01
    1.2500000000E-01     9.8335864128E-01
    1.7500000000E-01     9.0325783468E-01
    2.2500000000E-01     6.6446189204E-01
    2.7500000000E-01     2.8823756571E-01
    3.2500000000E-01     5.3353435650E-02
    3.7500000000E-01     8.4678231184E-02
    4.2500000000E-01     1.1591945953E-01
    4.7500000000E-01     1.4704628936E-01
    5.2500000000E-01     1.7802800226E-01
    5.7500000000E-01     2.0883402301E-01
    6.2500000000E-01     2.3943394979E-01
    6.7500000000E-01     2.6979758418E-01
    7.2500000000E-01     2.9989496092E-01
    7.7500000000E-01     3.2969637754E-01
    8.2500000000E-01     3.5917242364E-01
    8.7500000000E-01     3.8829400992E-01
    9.2500000000E-01     4.1703239690E-01
    9.7500000000E-01     4.4535922325E-01
    1.0250000000E+00     4.7324653381E-01
    1.0750000000E+00     5.0066680718E-01
    1.1250000000E+00     5.2759298286E-01
    1.1750000000E+00     5.5399848796E-01
    1.2250000000E+00     5.7985726343E-01
    1.2750000000E+00     6.0514378980E-01
    1.3250000000E+00     6.2983311230E-01
    1.3750000000E+00     6.5390086557E-01
    1.4250000000E+00     6.7732329763E-01
    1.4750000000E+00     7.0007729336E-01
    1.5250000000E+00     7.2214039733E-01
    1.5750000000E+00     7.4349083591E-01
    1.6250000000E+00     7.6410753880E-01
    1.6750000000E+00     7.8397015980E-01
    1.7250000000E+00     8.0305909690E-01
    1.7750000000E+00     8.2135551163E-01
    1.8250000000E+00     8.3884134763E-01
    1.8750000000E+00     8.5549934850E-01
    1.9250000000E+00     8.7131307479E-01
    1.9750000000E+00     8.8626692028E-01
    2.0250000000E+00     9.0034612731E-01
    2.0750000000E+00     9.1353680142E-01
    2.1250000000E+00     9.2582592500E-01
    2.1750000000E+00     9.3720137016E-01
    2.2250000000E+00     9.4765191072E-01
    2.2750000000E+00     9.5716723326E-01
    2.3250000000E+00     9.6573794730E-01
    2.3750000000E+00     9.7335559458E-01
    2.4250000000E+00     9.8001265740E-01
    2.4750000000E+00     9.8570256605E-01
    2.5250000000E+00     9.9041970527E-01
    2.5750000000E+00     9.9415941982E-01
    2.6250000000E+00     9.9691801904E-01
    2.6750000000E+00     9.9869278054E-01
    2.7250000000E+00     9.9948195284E-01
    2.7750000000E+00     9.9928475712E-01
    2.8250000000E+00     9.9810138799E-01
    2.8750000000E+00     9.9593301330E-01
    2.9250000000E+00     9.9278177296E-01
    2.9750000000E+00     9.8865077687E-01
    3.0250000000E+00     9.8354410182E-01
    3.0750000000E+00     9.7746678749E-01
    3.1250000000E+00     9.7042483145E-01
    3.1750000000E+00     9.6242518327E-01
    3.2250000000E+00     9.5347573762E-01
    3.2750000000E+00     9.4358532653E-01
    3.3250000000E+00     9.3276371065E-01
    3.3750000000E+00     9.2102156960E-01
    3.4250000000E+00     9.0837049146E-01
    3.4750000000E+00     8.9482296131E-01
    3.5250000000E+00     8.8039234893E-01
    3.5750000000E+00     8.6509289559E-01
    3.6250000000E+00     8.4893970001E-01
    3.6750000000E+00     8.3194870344E-01
    3.7250000000E+00     8.1413667394E-01
    3.7750000000E+00     7.9552118984E-01
    3.8250000000E+00     7.7612062236E-01
    3.8750000000E+00     7.5595411754E-01
    3.9250000000E+00     7.3504157726E-01
    3.9750000000E+00     7.1340363970E-01
    4.0250000000E+00     6.9106165887E-01
    4.0750000000E+00     6.6803768362E-01
    4.1250000000E+00     6.4435443582E-01
    4.1750000000E+00     6.2003528799E-01
    4.2250000000E+00     5.9510424019E-01
    4.2750000000E+00     5.6958589636E-01
    4.3250000000E+00     5.4350544001E-01
    4.3750000000E+00     5.1688860941E-01
    4.4250000000E+00     4.8976167215E-01
    4.4750000000E+00     4.6215139926E-01
    4.5250000000E+00     4.3408503873E-01
    4.5750000000E+00     4.0559028867E-01
    4.6250000000E+00     3.7669526997E-01
    4.6750000000E+00     3.4742849852E-01
    4.7250000000E+00     3.1781885708E-01
    4.7750000000E+00     2.8789556680E-01
    4.8250000000E+00     2.5768815836E-01
    4.8750000000E+00     2.2722644281E-01
    4.9250000000E+00     1.9654048220E-01
    4.9750000000E+00     1.6566055986E-01
    5.0250000000E+00     1.3461715055E-01
    5.0750000000E+00     1.0344089036E-01
    5.1250000000E+00     7.2162546509E-02
    5.1750000000E+00     4.0812986931E-02
    5.2250000000E+00     9.4231498632E-03
    5.2750000000E+00    -2.1975986716E-02
    5.3250000000E+00    -5.3353435650E-02
    5.3750000000E+00    -8.4678231184E-02
    5.4250000000E+00    -1.1591945953E-01
    5.4750000000E+00    -1.4704628936E-01
    5.5250000000E+00    -1.7802800226E-01
    5.5750000000E+00    -2.0883402301E-01
    5.6250000000E+00    -2.3943394979E-01
    5.6750000000E+00    -2.6979758418E-01
    5.7250000000E+00    -2.9989496092E-01
    5.7750000000E+00    -3.2969637754E-01
    5.8250000000E+00    -3.5917242364E-01
    5.8750000000E+00    -3.8829400992E-01
    5.9250000000E+00    -4.1703239690E-01
    5.9750000000E+00    -4.4535922325E-01
    6.0250000000E+00    -4.7324653381E-01
    6.0750000000E+00    -5.0066680718E-01
    6.1250000000E+00    -5.2759298286E-01
    6.1750000000E+00    -5.5399848796E-01
    6.2250000000E+00    -5.7985726343E-01
    6.2750000000E+00    -6.0514378980E-01
    6.3250000000E+00    -6.2983311230E-01
    6.3750000000E+00    -6.5390086557E-01
    6.4250000000E+00    -6.7732329763E-01
    6.4750000000E+00    -7.0007729336E-01
    6.5250000000E+00    -7.2214039733E-01
    6.5750000000E+00    -7.4349083591E-01
    6.6250000000E+00    -7.6410753880E-01
    6.6750000000E+00    -7.8397015980E-01
    6.7250000000E+00    -8.0305909690E-01
    6.7750000000E+00    -8.2135551163E-01
    6.8250000000E+00    -8.3884134763E-01
    6.8750000000E+00    -8.5549934850E-01
    6.9250000000E+00    -8.7131307479E-01
    6.9750000000E+00    -8.8626692028E-01
    7.0250000000E+00    -9.0034612731E-01
    7.0750000000E+00    -9.1353680142E-01
    7.1250000000E+00    -9.2582592500E-01
    7.1750000000E+00    -9.3720137016E-01
    7.2250000000E+00    -9.4765191072E-01
    7.2750000000E+00    -9.5716723326E-01
    7.3250000000E+00    -9.6573794730E-01
    7.3750000000E+00    -9.7335559458E-01
    7.4250000000E+00    -9.8001265740E-01
    7.4750000000E+00    -9.8570256605E-01
    7.5250000000E+00    -9.9041970527E-01
    7.5750000000E+00    -9.9415941982E-01
    7.6250000000E+00    -9.9691801904E-01
    7.6750000000E+00    -9.9869278054E-01
    7.7250000000E+00    -9.9948195284E-01
    7.7750000000E+00    -9.9928475712E-01
    7.8250000000E+00    -9.9810138799E-01
    7.8750000000E+00    -9.9593301330E-01
    7.9250000000E+00    -9.9278177296E-01
    7.9750000000E+00    -9.8865077687E-01
    8.0250000000E+00    -9.8354410182E-01
    8.0750000000E+00    -9.7746678749E-01
    8.1250000000E+00    -9.7042483145E-01
    8.1750000000E+00    -9.6242518327E-01
    8.2250000000E+00    -9.5347573762E-01
    8.2750000000E+00    -9.4358532653E-01
    8.3250000000E+00    -9.3276371065E-01
    8.3750000000E+00    -9.2102156960E-01
    8.4250000000E+00    -9.0837049146E-01
    8.4750000000E+00    -8.9482296131E-01
    8.5250000000E+00    -8.8039234893E-01
    8.5750000000E+00    -8.6509289559E-01
    8.6250000000E+00    -8.4893970001E-01
    8.6750000000E+00    -8.3194870344E-01
    8.7250000000E+00    -8.1413667394E-01
    8.7750000000E+00    -7.9552118984E-01
    8.8250000000E+00    -7.7612062236E-01
    8.8750000000E+00    -7.5595411754E-01
    8.9250000000E+00    -7.3504157726E-01
    8.9750000000E+00    -7.1340363970E-01
    9.0250000000E+00    -6.9106165887E-01
    9.0750000000E+00    -6.6803768362E-01
    9.1250000000E+00    -6.4435443582E-01
    9.1750000000E+00    -6.2003528799E-01
    9.2250000000E+00    -5.9510424019E-01
    9.2750000000E+00    -5.6958589636E-01
    9.3250000000E+00    -5.4350544001E-01
    9.3750000000E+00    -5.1688860941E-01
    9.4250000000E+00    -4.8976167215E-01
    9.4750000000E+00    -4.6215139926E-01
    9.5250000000E+00    -4.3408503873E-01
    9.5750000000E+00    -4.0559028867E-01
    9.6250000000E+00    -3.7669526997E-01
    9.6750000000E+00    -3.4742849852E-01
    9.7250000000E+00    -3.1781885708E-01
    9.7750000000E+00    -2.8789556680E-01
    9.8250000000E+00    -2.5768815836E-01
    9.8750000000E+00    -2.2722644281E-01
    9.9250000000E+00    -1.9654048220E-01
    9.9750000000E+00    -1.6566055986E-01
