#t= 2.520000
    2.5000000000E-02     9.5288484799E-01
    7.5000000000E-02     9.5213847203E-01
    1.2500000000E-01     9.4708038015E-01
    1.7500000000E-01     9.3777814295E-01
    2.2500000000E-01     9.2435632936E-01
    2.7500000000E-01     9.0699373018E-01
    3.2500000000E-01     8.8591939364E-01
    3.7500000000E-01     8.6140759589E-01
    4.2500000000E-01     8.3377190098E-01
    4.7500000000E-01     8.0335848986E-01
    5.2500000000E-01     7.7053895699E-01
    5.7500000000E-01     7.3570278340E-01
    6.2500000000E-01     6.9924969859E-01
    6.7500000000E-01     6.6158213876E-01
    7.2500000000E-01     6.2309799746E-01
    7.7500000000E-01     5.8418384631E-01
    8.2500000000E-01     5.4520878018E-01
    8.7500000000E-01     5.0651901325E-01
    9.2500000000E-01     4.6843332200E-01
    9.7500000000E-01     4.3123939908E-01
    1.0250000000E+00     3.9519114959E-01
    1.0750000000E+00     3.6050693066E-01
    1.1250000000E+00     3.2736870601E-01
    1.1750000000E+00     2.9592206186E-01
    1.2250000000E+00     2.6627700904E-01
    1.2750000000E+00     2.3850947874E-01
    1.3250000000E+00     2.1266340733E-01
    1.3750000000E+00     1.8875329785E-01
    1.4250000000E+00     1.6676714290E-01
    1.4750000000E+00     1.4666959489E-01
    1.5250000000E+00     1.2840527481E-01
    1.5750000000E+00     1.1190211869E-01
    1.6250000000E+00     9.7074671727E-02
    1.6750000000E+00     8.3827252667E-02
    1.7250000000E+00     7.2056924319E-02
    1.7750000000E+00     6.1656220406E-02
    1.8250000000E+00     5.2515592623E-02
    1.8750000000E+00     4.4525555064E-02
    1.9250000000E+00     3.7578515308E-02
    1.9750000000E+00     3.1570292213E-02
    2.0250000000E+00     2.6401329644E-02
    2.0750000000E+00     2.1977622861E-02
    2.1250000000E+00     1.8211380047E-02
    2.1750000000E+00     1.5021445559E-02
    2.2250000000E+00     1.2333514076E-02
    2.2750000000E+00     1.0080165909E-02
    2.3250000000E+00     8.2007537873E-03
    2.3750000000E+00     6.6411703277E-03
    2.4250000000E+00     5.3535236225E-03
    2.4750000000E+00     4.2957459875E-03
    2.5250000000E+00     3.4311581387E-03
    2.5750000000E+00     2.7280080968E-03
    2.6250000000E+00     2.1590010867E-03
    2.6750000000E+00     1.7008337293E-03
    2.7250000000E+00     1.3337430181E-03
    2.7750000000E+00     1.0410779933E-03
    2.8250000000E+00     8.0889972840E-04
    2.8750000000E+00     6.2561324851E-04
    2.9250000000E+00     4.8163331225E-04
    2.9750000000E+00     3.6908461212E-04
    3.0250000000E+00     2.8153585415E-04
    3.0750000000E+00     2.1376635041E-04
    3.1250000000E+00     1.6156316176E-04
    3.1750000000E+00     1.2154643455E-04
    3.2250000000E+00     9.1020348320E-05
    3.2750000000E+00     6.7847002059E-05
    3.3250000000E+00     5.0340583149E-05
    3.3750000000E+00     3.7179260185E-05
    3.4250000000E+00     2.7332394372E-05
    3.4750000000E+00     2.0000854854E-05
    3.5250000000E+00     1.4568434816E-05
    3.5750000000E+00     1.0562584633E-05
    3.6250000000E+00     7.6228959348E-06
    3.6750000000E+00     5.4759790256E-06
    3.7250000000E+00     3.9155707041E-06
    3.7750000000E+00     2.7868871844E-06
    3.8250000000E+00     1.9743959172E-06
    3.8750000000E+00     1.3923202923E-06
    3.9250000000E+00     9.7731289532E-07
    3.9750000000E+00     6.8283722560E-07
    4.0250000000E+00     4.7488598063E-07
    4.0750000000E+00     3.2873778516E-07
    4.1250000000E+00     2.2651529665E-07
    4.1750000000E+00     1.5535763500E-07
    4.2250000000E+00     1.0606066655E-07
    4.2750000000E+00     7.2071297700E-08
    4.3250000000E+00     4.8747932233E-08
    4.3750000000E+00     3.2819787625E-08
    4.4250000000E+00     2.1993862627E-08
    4.4750000000E+00     1.4670861830E-08
    4.5250000000E+00     9.7410353628E-09
    4.5750000000E+00     6.4382813479E-09
    4.6250000000E+00     4.2364741075E-09
    4.6750000000E+00     2.7762179731E-09
    4.7250000000E+00     1.8134011229E-09
    4.7750000000E+00     1.1832869939E-09
    4.8250000000E+00     7.7562934660E-10
    4.8750000000E+00     5.1758441120E-10
    4.9250000000E+00     3.6213841758E-10
    4.9750000000E+00     2.8046257156E-10
    5.0250000000E+00     2.5712047934E-10
    5.0750000000E+00     2.8743949025E-10
    5.1250000000E+00     3.7666026505E-10
    5.1750000000E+00     5.4073314334E-10
    5.2250000000E+00     8.0886612339E-10
    5.2750000000E+00     1.2281763914E-09
    5.3250000000E+00     1.8710852715E-09
    5.3750000000E+00     2.8464587776E-09
    5.4250000000E+00     4.3159726484E-09
    5.4750000000E+00     6.5178215788E-09
    5.5250000000E+00     9.8007607187E-09
    5.5750000000E+00     1.4672645246E-08
    5.6250000000E+00     2.1869226882E-08
    5.6750000000E+00     3.2451111439E-08
    5.7250000000E+00     4.7939654310E-08
    5.7750000000E+00     7.0506394413E-08
    5.8250000000E+00     1.0323568279E-07
    5.8750000000E+00     1.5048680104E-07
    5.9250000000E+00     2.1839052103E-07
    5.9750000000E+00     3.1552626232E-07
    6.0250000000E+00     4.5384039871E-07
    6.0750000000E+00     6.4988461781E-07
    6.1250000000E+00     9.2647644992E-07
    6.1750000000E+00     1.3149132028E-06
    6.2250000000E+00     1.8579067616E-06
    6.2750000000E+00     2.6134513733E-06
    6.3250000000E+00     3.6598910960E-06
    6.3750000000E+00     5.1025195993E-06
    6.4250000000E+00     7.0821240481E-06
    6.4750000000E+00     9.7859784338E-06
    6.5250000000E+00     1.3461901338E-05
    6.5750000000E+00     1.8436119841E-05
    6.6250000000E+00     2.5135825762E-05
    6.6750000000E+00     3.4117472632E-05
    6.7250000000E+00     4.6102040703E-05
    6.7750000000E+00     6.2018690751E-05
    6.8250000000E+00     8.3058431506E-05
    6.8750000000E+00     1.1073963454E-04
    6.9250000000E+00     1.4698743626E-04
    6.9750000000E+00     1.9422925848E-04
    7.0250000000E+00     2.5550884312E-04
    7.0750000000E+00     3.3462131611E-04
    7.1250000000E+00     4.3627184973E-04
    7.1750000000E+00     5.6626045840E-04
    7.2250000000E+00     7.3169531309E-04
    7.2750000000E+00     9.4123666541E-04
    7.3250000000E+00     1.2053730026E-03
    7.3750000000E+00     1.5367303789E-03
    7.4250000000E+00     1.9504149565E-03
    7.4750000000E+00     2.4643876132E-03
    7.5250000000E+00     3.0998680170E-03
    7.5750000000E+00     3.8817638109E-03
    7.6250000000E+00     4.8391185000E-03
    7.6750000000E+00     6.0055693033E-03
    7.7250000000E+00     7.4198036415E-03
    7.7750000000E+00     9.1260001603E-03
    7.8250000000E+00     1.1174237280E-02
    7.8750000000E+00     1.3620849349E-02
    7.9250000000E+00     1.6528707658E-02
    7.9750000000E+00     1.9967401030E-02
    8.0250000000E+00     2.4013288570E-02
    8.0750000000E+00     2.8749395666E-02
    8.1250000000E+00     3.4265123665E-02
    8.1750000000E+00     4.0655743992E-02
    8.2250000000E+00     4.8021649085E-02
    8.2750000000E+00     5.6467335488E-02
    8.3250000000E+00     6.6100098967E-02
    8.3750000000E+00     7.7028427711E-02
    8.4250000000E+00     8.9360087457E-02
    8.4750000000E+00     1.0319990189E-01
    8.5250000000E+00     1.1864724256E-01
    8.5750000000E+00     1.3579325477E-01
    8.6250000000E+00     1.5471785909E-01
    8.6750000000E+00     1.7548658164E-01
    8.7250000000E+00     1.9814728017E-01
    8.7750000000E+00     2.2272684570E-01
    8.8250000000E+00     2.4922797167E-01
    8.8750000000E+00     2.7762609201E-01
    8.9250000000E+00     3.0786659712E-01
    8.9750000000E+00     3.3986244070E-01
    9.0250000000E+00     3.7349225035E-01
    9.0750000000E+00     4.0859905120E-01
    9.1250000000E+00     4.4498970266E-01
    9.1750000000E+00     4.8243513545E-01
    9.2250000000E+00     5.2067145779E-01
    9.2750000000E+00     5.5940197749E-01
    9.3250000000E+00     5.9830016054E-01
    9.3750000000E+00     6.3701351770E-01
    9.4250000000E+00     6.7516837981E-01
    9.4750000000E+00     7.1237549024E-01
    9.5250000000E+00     7.4823631159E-01
    9.5750000000E+00     7.8234991422E-01
    9.6250000000E+00     8.1432028707E-01
    9.6750000000E+00     8.4376388951E-01
    9.7250000000E+00     8.7031724605E-01
    9.7750000000E+00     8.9364437574E-01
    9.8250000000E+00     9.1344384513E-01
    9.8750000000E+00     9.2945523862E-01
    9.9250000000E+00     9.4146485235E-01
    9.9750000000E+00     9.4931043778E-01
