#t= 4.640000
    2.5000000000E-02     1.0000000000E+00
    7.5000000000E-02     1.0000000000E+00
    1.2500000000E-01     1.0000000000E+00
    1.7500000000E-01     1.0000000000E+00
    2.2500000000E-01     1.0000000000E+00
    2.7500000000E-01     1.0000000000E+00
    3.2500000000E-01     1.0000000000E+00
    3.7500000000E-01     1.0000000000E+00
    4.2500000000E-01     1.0000000000E+00
    4.7500000000E-01     1.0000000000E+00
    5.2500000000E-01     1.0000000000E+00
    5.7500000000E-01     1.0000000000E+00
    6.2500000000E-01     1.0000000000E+00
    6.7500000000E-01     1.0000000000E+00
    7.2500000000E-01     1.0000000000E+00
    7.7500000000E-01     1.0000000000E+00
    8.2500000000E-01     1.0000000000E+00
    8.7500000000E-01     1.0000000000E+00
    9.2500000000E-01     1.0000000000E+00
    9.7500000000E-01     1.0000000000E+00
    1.0250000000E+00     1.0000000000E+00
    1.0750000000E+00     1.0000000000E+00
    1.1250000000E+00     1.0000000000E+00
    1.1750000000E+00     1.0000000000E+00
    1.2250000000E+00     1.0000000000E+00
    1.2750000000E+00     1.0000000000E+00
    1.3250000000E+00     1.0000000000E+00
    1.3750000000E+00     1.0000000000E+00
    1.4250000000E+00     1.0000000000E+00
    1.4750000000E+00     1.0000000000E+00
    1.5250000000E+00     1.0000000000E+00
    1.5750000000E+00     1.0000000000E+00
    1.6250000000E+00     1.0000000000E+00
    1.6750000000E+00     1.0000000000E+00
    1.7250000000E+00     1.0000000000E+00
    1.7750000000E+00     1.0000000000E+00
    1.8250000000E+00     1.0000000000E+00
    1.8750000000E+00     1.0000000000E+00
    1.9250000000E+00     1.0000000000E+00
    1.9750000000E+00     1.0000000000E+00
    2.0250000000E+00     1.0000000000E+00
    2.0750000000E+00     1.0000000000E+00
    2.1250000000E+00     1.0000000000E+00
    2.1750000000E+00     1.0000000000E+00
    2.2250000000E+00     1.0000000000E+00
    2.2750000000E+00     1.0000000000E+00
    2.3250000000E+00     1.0000000000E+00
    2.3750000000E+00     1.0000000000E+00
    2.4250000000E+00     1.0000000000E+00
    2.4750000000E+00     1.0000000000E+00
    2.5250000000E+00     1.0000000000E+00
    2.5750000000E+00     1.0000000000E+00
    2.6250000000E+00     1.0000000000E+00
    2.6750000000E+00     1.0000000000E+00
    2.7250000000E+00     1.0000000000E+00
    2.7750000000E+00     1.0000000000E+00
    2.8250000000E+00     1.0000000000E+00
    2.8750000000E+00     1.0000000000E+00
    2.9250000000E+00     1.0000000000E+00
    2.9750000000E+00     1.0000000000E+00
    3.0250000000E+00     1.0000000000E+00
    3.0750000000E+00     1.0000000000E+00
    3.1250000000E+00     1.0000000000E+00
    3.1750000000E+00     1.0000000000E+00
    3.2250000000E+00     1.0000000000E+00
    3.2750000000E+00     1.0000000000E+00
    3.3250000000E+00     1.0000000000E+00
    3.3750000000E+00     1.0000000000E+00
    3.4250000000E+00     1.0000000000E+00
    3.4750000000E+00     1.0000000000E+00
    3.5250000000E+00     1.0000000000E+00
    3.5750000000E+00     1.0000000000E+00
    3.6250000000E+00     1.0000000000E+00
    3.6750000000E+00     1.0000000000E+00
    3.7250000000E+00     1.0000000000E+00
    3.7750000000E+00     1.0000000000E+00
    3.8250000000E+00     1.0000000000E+00
    3.8750000000E+00     1.0000000000E+00
    3.9250000000E+00     1.0000000000E+00
    3.9750000000E+00     1.0000000000E+00
    4.0250000000E+00     1.0000000000E+00
    4.0750000000E+00     1.0000000000E+00
    4.1250000000E+00     1.0000000000E+00
    4.1750000000E+00     1.0000000000E+00
    4.2250000000E+00     1.0000000000E+00
    4.2750000000E+00     1.0000000000E+00
    4.3250000000E+00     1.0000000000E+00
    4.3750000000E+00     1.0000000000E+00
    4.4250000000E+00     1.0000000000E+00
    4.4750000000E+00     1.0000000000E+00
    4.5250000000E+00     1.0000000000E+00
    4.5750000000E+00     1.0000000000E+00
    4.6250000000E+00     1.0000000000E+00
    4.6750000000E+00     1.0000000000E+00
    4.7250000000E+00     1.0000000000E+00
    4.7750000000E+00     1.0000000000E+00
    4.8250000000E+00     1.0000000000E+00
    4.8750000000E+00     1.0000000000E+00
    4.9250000000E+00     1.0000000000E+00
    4.9750000000E+00     1.0000000000E+00
    5.0250000000E+00     1.0000000000E+00
    5.0750000000E+00     1.0000000000E+00
    5.1250000000E+00     1.0000000000E+00
    5.1750000000E+00     1.0000000000E+00
    5.2250000000E+00     1.0000000000E+00
    5.2750000000E+00     1.0000000000E+00
    5.3250000000E+00     1.0000000000E+00
    5.3750000000E+00     1.0000000000E+00
    5.4250000000E+00     1.0000000000E+00
    5.4750000000E+00     1.0000000000E+00
    5.5250000000E+00     1.0000000000E+00
    5.5750000000E+00     1.0000000000E+00
    5.6250000000E+00     1.0000000000E+00
    5.6750000000E+00     1.0000000000E+00
    5.7250000000E+00     1.0000000000E+00
    5.7750000000E+00     1.0000000000E+00
    5.8250000000E+00     1.0000000000E+00
    5.8750000000E+00     1.0000000000E+00
    5.9250000000E+00     1.0000000000E+00
    5.9750000000E+00     1.0000000000E+00
    6.0250000000E+00     1.0000000000E+00
    6.0750000000E+00     1.0000000000E+00
    6.1250000000E+00     1.0000000000E+00
    6.1750000000E+00     1.0000000000E+00
    6.2250000000E+00     1.0000000000E+00
    6.2750000000E+00     1.0000000000E+00
    6.3250000000E+00     1.0000000000E+00
    6.3750000000E+00     1.0000000000E+00
    6.4250000000E+00     1.0000000000E+00
    6.4750000000E+00     1.0000000000E+00
    6.5250000000E+00     1.0000000000E+00
    6.5750000000E+00     1.0000000000E+00
    6.6250000000E+00     1.0000000000E+00
    6.6750000000E+00     1.0000000000E+00
    6.7250000000E+00     1.0000000000E+00
    6.7750000000E+00     1.0000000000E+00
    6.8250000000E+00     1.0000000000E+00
    6.8750000000E+00     1.0000000000E+00
    6.9250000000E+00     1.0000000000E+00
    6.9750000000E+00     1.0000000000E+00
    7.0250000000E+00     9.9999999999E-01
    7.0750000000E+00     9.9999999999E-01
    7.1250000000E+00     9.9999999997E-01
    7.1750000000E+00     9.9999999991E-01
    7.2250000000E+00     9.9999999978E-01
    7.2750000000E+00     9.9999999945E-01
    7.3250000000E+00     9.9999999868E-01
    7.3750000000E+00     9.9999999688E-01
    7.4250000000E+00     9.9999999273E-01
    7.4750000000E+00     9.9999998340E-01
    7.5250000000E+00     9.9999996276E-01
    7.5750000000E+00     9.9999991795E-01
    7.6250000000E+00     9.9999982254E-01
    7.6750000000E+00     9.9999962318E-01
    7.7250000000E+00     9.9999921453E-01
    7.7750000000E+00     9.9999839286E-01
    7.8250000000E+00     9.9999677249E-01
    7.8750000000E+00     9.9999363885E-01
    7.9250000000E+00     9.9998769676E-01
    7.9750000000E+00     9.9997665035E-01
    8.0250000000E+00     9.9995652101E-01
    8.0750000000E+00     9.9992057134E-01
    8.1250000000E+00     9.9985765757E-01
    8.1750000000E+00     9.9974978612E-01
    8.2250000000E+00     9.9956861099E-01
    8.2750000000E+00     9.9927059511E-01
    8.3250000000E+00     9.9879059393E-01
    8.3750000000E+00     9.9803373265E-01
    8.4250000000E+00     9.9686567174E-01
    8.4750000000E+00     9.9510171176E-01
    8.5250000000E+00     9.9249568467E-01
    8.5750000000E+00     9.8873018710E-01
    8.6250000000E+00     9.8341035592E-01
    8.6750000000E+00     9.7606393958E-01
    8.7250000000E+00     9.6615069970E-01
    8.7750000000E+00     9.5308398243E-01
    8.8250000000E+00     9.3626644086E-01
    8.8750000000E+00     9.1514026485E-01
    8.9250000000E+00     8.8924992695E-01
    8.9750000000E+00     8.5831262860E-01
    9.0250000000E+00     8.2228878915E-01
    9.0750000000E+00     7.8144268975E-01
    9.1250000000E+00     7.3638244163E-01
    9.1750000000E+00     6.8806935468E-01
    9.2250000000E+00     6.3778979248E-01
    9.2750000000E+00     5.8708751447E-01
    9.3250000000E+00     5.3766062277E-01
    9.3750000000E+00     4.9123342957E-01
    9.4250000000E+00     4.4941852917E-01
    9.4750000000E+00     4.1358691233E-01
    9.5250000000E+00     3.8476337170E-01
    9.5750000000E+00     3.6356067567E-01
    9.6250000000E+00     3.5015973941E-01
    9.6750000000E+00     3.4433559317E-01
    9.7250000000E+00     3.4552190092E-01
    9.7750000000E+00     3.5290154197E-01
    9.8250000000E+00     3.6550826118E-01
    9.8750000000E+00     3.8232484787E-01
    9.9250000000E+00     4.0236624966E-01
    9.9750000000E+00     4.2474049680E-01
