#t= 2.200000
    2.5000000000E-02     6.7022661127E-01
    7.5000000000E-02     6.3137382341E-01
    1.2500000000E-01     5.9203803999E-01
    1.7500000000E-01     5.5259931208E-01
    2.2500000000E-01     5.1341471048E-01
    2.7500000000E-01     4.7481351150E-01
    3.2500000000E-01     4.3709332587E-01
    3.7500000000E-01     4.0051720716E-01
    4.2500000000E-01     3.6531174341E-01
    4.7500000000E-01     3.3166610484E-01
    5.2500000000E-01     2.9973199375E-01
    5.7500000000E-01     2.6962441910E-01
    6.2500000000E-01     2.4142320030E-01
    6.7500000000E-01     2.1517509117E-01
    7.2500000000E-01     1.9089640694E-01
    7.7500000000E-01     1.6857603346E-01
    8.2500000000E-01     1.4817869934E-01
    8.7500000000E-01     1.2964839647E-01
    9.2500000000E-01     1.1291184334E-01
    9.7500000000E-01     9.7881896406E-02
    1.0250000000E+00     8.4460828079E-02
    1.0750000000E+00     7.2543404096E-02
    1.1250000000E+00     6.2019707829E-02
    1.1750000000E+00     5.2777673665E-02
    1.2250000000E+00     4.4705305493E-02
    1.2750000000E+00     3.7692569140E-02
    1.3250000000E+00     3.1632958877E-02
    1.3750000000E+00     2.6424747783E-02
    1.4250000000E+00     2.1971939589E-02
    1.4750000000E+00     1.8184945655E-02
    1.5250000000E+00     1.4981015002E-02
    1.5750000000E+00     1.2284447967E-02
    1.6250000000E+00     1.0026625194E-02
    1.6750000000E+00     8.1458836219E-03
    1.7250000000E+00     6.5872699456E-03
    1.7750000000E+00     5.3022001329E-03
    1.8250000000E+00     4.2480510005E-03
    1.8750000000E+00     3.3877069447E-03
    1.9250000000E+00     2.6890817751E-03
    1.9750000000E+00     2.1246324150E-03
    2.0250000000E+00     1.6708781211E-03
    2.0750000000E+00     1.3079359399E-03
    2.1250000000E+00     1.0190804359E-03
    2.1750000000E+00     7.9033333691E-04
    2.2250000000E+00     6.1008667885E-04
    2.2750000000E+00     4.6876129501E-04
    2.3250000000E+00     3.5850108011E-04
    2.3750000000E+00     2.7290234660E-04
    2.4250000000E+00     2.0677675179E-04
    2.4750000000E+00     1.5594567833E-04
    2.5250000000E+00     1.1706356192E-04
    2.5750000000E+00     8.7467444914E-05
    2.6250000000E+00     6.5049958103E-05
    2.6750000000E+00     4.8152965435E-05
    2.7250000000E+00     3.5479218940E-05
    2.7750000000E+00     2.6019540358E-05
    2.8250000000E+00     1.8993251055E-05
    2.8750000000E+00     1.3799796356E-05
    2.9250000000E+00     9.9797414195E-06
    2.9750000000E+00     7.1835431443E-06
    3.0250000000E+00     5.1467193626E-06
    3.0750000000E+00     3.6702377872E-06
    3.1250000000E+00     2.6051300647E-06
    3.1750000000E+00     1.8404993909E-06
    3.2250000000E+00     1.2942332946E-06
    3.2750000000E+00     9.0585700192E-07
    3.3250000000E+00     6.3106846122E-07
    3.3750000000E+00     4.3758520022E-07
    3.4250000000E+00     3.0200745170E-07
    3.4750000000E+00     2.0746323430E-07
    3.5250000000E+00     1.4185108085E-07
    3.5750000000E+00     9.6536543797E-08
    3.6250000000E+00     6.5391005846E-08
    3.6750000000E+00     4.4087054329E-08
    3.7250000000E+00     2.9584938400E-08
    3.7750000000E+00     1.9760450750E-08
    3.8250000000E+00     1.3136833606E-08
    3.8750000000E+00     8.6927316232E-09
    3.9250000000E+00     5.7254027545E-09
    3.9750000000E+00     3.7538417051E-09
    4.0250000000E+00     2.4505629339E-09
    4.0750000000E+00     1.5938452863E-09
    4.1250000000E+00     1.0345058427E-09
    4.1750000000E+00     6.7294012156E-10
    4.2250000000E+00     4.4338963371E-10
    4.2750000000E+00     3.0329165655E-10
    4.3250000000E+00     2.2621857413E-10
    4.3750000000E+00     1.9739281442E-10
    4.4250000000E+00     2.1112001048E-10
    4.4750000000E+00     2.6975764607E-10
    4.5250000000E+00     3.8406138599E-10
    4.5750000000E+00     5.7495418257E-10
    4.6250000000E+00     8.7696991368E-10
    4.6750000000E+00     1.3438601718E-09
    4.7250000000E+00     2.0571491761E-09
    4.7750000000E+00     3.1388121285E-09
    4.8250000000E+00     4.7697792557E-09
    4.8750000000E+00     7.2166855323E-09
    4.9250000000E+00     1.0870265149E-08
    4.9750000000E+00     1.6300122346E-08
    5.0250000000E+00     2.4332416467E-08
    5.0750000000E+00     3.6159434673E-08
    5.1250000000E+00     5.3493290107E-08
    5.1750000000E+00     7.8780330186E-08
    5.2250000000E+00     1.1549858798E-07
    5.2750000000E+00     1.6856815766E-07
    5.3250000000E+00     2.4491421409E-07
    5.3750000000E+00     3.5423512660E-07
    5.4250000000E+00     5.1004446287E-07
    5.4750000000E+00     7.3107650153E-07
    5.5250000000E+00     1.0431711857E-06
    5.5750000000E+00     1.4817874219E-06
    5.6250000000E+00     2.0953345894E-06
    5.6750000000E+00     2.9495625448E-06
    5.7250000000E+00     4.1333118923E-06
    5.7750000000E+00     5.7660005096E-06
    5.8250000000E+00     8.0073109871E-06
    5.8750000000E+00     1.1069648351E-05
    5.9250000000E+00     1.5234059636E-05
    5.9750000000E+00     2.0870447567E-05
    6.0250000000E+00     2.8463070272E-05
    6.0750000000E+00     3.8642497209E-05
    6.1250000000E+00     5.2225386789E-05
    6.1750000000E+00     7.0263660570E-05
    6.2250000000E+00     9.4104867486E-05
    6.2750000000E+00     1.2546575226E-04
    6.3250000000E+00     1.6652125518E-04
    6.3750000000E+00     2.2001136287E-04
    6.4250000000E+00     2.8936838590E-04
    6.4750000000E+00     3.7886733837E-04
    6.5250000000E+00     4.9380211505E-04
    6.5750000000E+00     6.4069007522E-04
    6.6250000000E+00     8.2750742011E-04
    6.6750000000E+00     1.0639573604E-03
    6.7250000000E+00     1.3617724780E-03
    6.7750000000E+00     1.7350518600E-03
    6.8250000000E+00     2.2006324921E-03
    6.8750000000E+00     2.7784930147E-03
    6.9250000000E+00     3.4921862560E-03
    6.9750000000E+00     4.3692949473E-03
    7.0250000000E+00     5.4419027079E-03
    7.0750000000E+00     6.7470697858E-03
    7.1250000000E+00     8.3273001958E-03
    7.1750000000E+00     1.0230983884E-02
    7.2250000000E+00     1.2512794459E-02
    7.2750000000E+00     1.5234019986E-02
    7.3250000000E+00     1.8462801505E-02
    7.3750000000E+00     2.2274251439E-02
    7.4250000000E+00     2.6750422187E-02
    7.4750000000E+00     3.1980094038E-02
    7.5250000000E+00     3.8058351438E-02
    7.5750000000E+00     4.5085917720E-02
    7.6250000000E+00     5.3168220891E-02
    7.6750000000E+00     6.2414167181E-02
    7.7250000000E+00     7.2934604798E-02
    7.7750000000E+00     8.4840467915E-02
    7.8250000000E+00     9.8240600182E-02
    7.8750000000E+00     1.1323926803E-01
    7.9250000000E+00     1.2993338639E-01
    7.9750000000E+00     1.4840949305E-01
    8.0250000000E+00     1.6874052199E-01
    8.0750000000E+00     1.9098244071E-01
    8.1250000000E+00     2.1517083039E-01
    8.1750000000E+00     2.4131750106E-01
    8.2250000000E+00     2.6940724471E-01
    8.2750000000E+00     2.9939483846E-01
    8.3250000000E+00     3.3120241520E-01
    8.3750000000E+00     3.6471732043E-01
    8.4250000000E+00     3.9979057196E-01
    8.4750000000E+00     4.3623603076E-01
    8.5250000000E+00     4.7383037936E-01
    8.5750000000E+00     5.1231398639E-01
    8.6250000000E+00     5.5139271381E-01
    8.6750000000E+00     5.9074069678E-01
    8.7250000000E+00     6.3000409681E-01
    8.7750000000E+00     6.6880579588E-01
    8.8250000000E+00     7.0675096634E-01
    8.8750000000E+00     7.4343341754E-01
    8.9250000000E+00     7.7844258812E-01
    8.9750000000E+00     8.1137102419E-01
    9.0250000000E+00     8.4182215841E-01
    9.0750000000E+00     8.6941818615E-01
    9.1250000000E+00     8.9380782250E-01
    9.1750000000E+00     9.1467371881E-01
    9.2250000000E+00     9.3173932070E-01
    9.2750000000E+00     9.4477496091E-01
    9.3250000000E+00     9.5360299942E-01
    9.3750000000E+00     9.5810185027E-01
    9.4250000000E+00     9.5820876744E-01
    9.4750000000E+00     9.5392130070E-01
    9.5250000000E+00     9.4529737403E-01
    9.5750000000E+00     9.3245398363E-01
    9.6250000000E+00     9.1556455625E-01
    9.6750000000E+00     8.9485505128E-01
    9.7250000000E+00     8.7059892910E-01
    9.7750000000E+00     8.4311114234E-01
    9.8250000000E+00     8.1274133457E-01
    9.8750000000E+00     7.7986645165E-01
    9.9250000000E+00     7.4488298354E-01
    9.9750000000E+00     7.0819905894E-01
