#t= 4.920000
    2.5000000000E-02     4.5589595847E-09
    7.5000000000E-02     6.6547870344E-09
    1.2500000000E-01     9.7553412900E-09
    1.7500000000E-01     1.4294566952E-08
    2.2500000000E-01     2.0894342598E-08
    2.7500000000E-01     3.0438825112E-08
    3.2500000000E-01     4.4177484577E-08
    3.7500000000E-01     6.3866898147E-08
    4.2500000000E-01     9.1964723531E-08
    4.7500000000E-01     1.3189361158E-07
    5.2500000000E-01     1.8839840481E-07
    5.7500000000E-01     2.6802712145E-07
    6.2500000000E-01     3.7977532291E-07
    6.7500000000E-01     5.3594495802E-07
    7.2500000000E-01     7.5328319953E-07
    7.7500000000E-01     1.0544847506E-06
    8.2500000000E-01     1.4701633010E-06
    8.7500000000E-01     2.0414250402E-06
    9.2500000000E-01     2.8232102514E-06
    9.7500000000E-01     3.8886089451E-06
    1.0250000000E+00     5.3344042164E-06
    1.0750000000E+00     7.2881535008E-06
    1.1250000000E+00     9.9171840976E-06
    1.1750000000E+00     1.3439956047E-05
    1.2250000000E+00     1.8140333332E-05
    1.2750000000E+00     2.4385403732E-05
    1.3250000000E+00     3.2647598430E-05
    1.3750000000E+00     4.3531983927E-05
    1.4250000000E+00     5.7809729570E-05
    1.4750000000E+00     7.6458891641E-05
    1.5250000000E+00     1.0071379597E-04
    1.5750000000E+00     1.3212444050E-04
    1.6250000000E+00     1.7262747074E-04
    1.6750000000E+00     2.2463039645E-04
    1.7250000000E+00     2.9111080673E-04
    1.7750000000E+00     3.7573239165E-04
    1.8250000000E+00     4.8297957669E-04
    1.8750000000E+00     6.1831250611E-04
    1.9250000000E+00     7.8834395580E-04
    1.9750000000E+00     1.0010394953E-03
    2.0250000000E+00     1.2659418343E-03
    2.0750000000E+00     1.5944197622E-03
    2.1250000000E+00     1.9999413997E-03
    2.1750000000E+00     2.4983706182E-03
    2.2250000000E+00     3.1082844307E-03
    2.2750000000E+00     3.8513079134E-03
    2.3250000000E+00     4.7524617800E-03
    2.3750000000E+00     5.8405161176E-03
    2.4250000000E+00     7.1483420160E-03
    2.4750000000E+00     8.7132509287E-03
    2.5250000000E+00     1.0577309631E-02
    2.5750000000E+00     1.2787616661E-02
    2.6250000000E+00     1.5396524216E-02
    2.6750000000E+00     1.8461787727E-02
    2.7250000000E+00     2.2046623856E-02
    2.7750000000E+00     2.6219656563E-02
    2.8250000000E+00     3.1054730315E-02
    2.8750000000E+00     3.6630569553E-02
    2.9250000000E+00     4.3030264379E-02
    2.9750000000E+00     5.0340564108E-02
    3.0250000000E+00     5.8650963006E-02
    3.0750000000E+00     6.8052566266E-02
    3.1250000000E+00     7.8636729086E-02
    3.1750000000E+00     9.0493467565E-02
    3.2250000000E+00     1.0370964709E-01
    3.2750000000E+00     1.1836696165E-01
    3.3250000000E+00     1.3453972616E-01
    3.3750000000E+00     1.5229251292E-01
    3.4250000000E+00     1.7167767267E-01
    3.4750000000E+00     1.9273278997E-01
    3.5250000000E+00     2.1547813142E-01
    3.5750000000E+00     2.3991415305E-01
    3.6250000000E+00     2.6601913975E-01
    3.6750000000E+00     2.9374705466E-01
    3.7250000000E+00     3.2302567863E-01
    3.7750000000E+00     3.5375512065E-01
    3.8250000000E+00     3.8580677704E-01
    3.8750000000E+00     4.1902281180E-01
    3.9250000000E+00     4.5321622185E-01
    3.9750000000E+00     4.8817153910E-01
    4.0250000000E+00     5.2364620670E-01
    4.0750000000E+00     5.5937264963E-01
    4.1250000000E+00     5.9506104063E-01
    4.1750000000E+00     6.3040274134E-01
    4.2250000000E+00     6.6507437711E-01
    4.2750000000E+00     6.9874248197E-01
    4.3250000000E+00     7.3106862931E-01
    4.3750000000E+00     7.6171494413E-01
    4.4250000000E+00     7.9034987618E-01
    4.4750000000E+00     8.1665409902E-01
    4.5250000000E+00     8.4032639040E-01
    4.5750000000E+00     8.6108934412E-01
    4.6250000000E+00     8.7869476258E-01
    4.6750000000E+00     8.9292858423E-01
    4.7250000000E+00     9.0361520926E-01
    4.7750000000E+00     9.1062110165E-01
    4.8250000000E+00     9.1385756430E-01
    4.8750000000E+00     9.1328260676E-01
    4.9250000000E+00     9.0890185047E-01
    4.9750000000E+00     9.0076844441E-01
    5.0250000000E+00     8.8898199261E-01
    5.0750000000E+00     8.7368652373E-01
    5.1250000000E+00     8.5506756059E-01
    5.1750000000E+00     8.3334837309E-01
    5.2250000000E+00     8.0878552032E-01
    5.2750000000E+00     7.8166380640E-01
    5.3250000000E+00     7.5229078864E-01
    5.3750000000E+00     7.2099098603E-01
    5.4250000000E+00     6.8809994006E-01
    5.4750000000E+00     6.5395827903E-01
    5.5250000000E+00     6.1890593115E-01
    5.5750000000E+00     5.8327662129E-01
    5.6250000000E+00     5.4739277195E-01
    5.6750000000E+00     5.1156091165E-01
    5.7250000000E+00     4.7606767366E-01
    5.7750000000E+00     4.4117644674E-01
    5.8250000000E+00     4.0712471714E-01
    5.8750000000E+00     3.7412211908E-01
    5.9250000000E+00     3.4234918972E-01
    5.9750000000E+00     3.1195680523E-01
    6.0250000000E+00     2.8306625710E-01
    6.0750000000E+00     2.5576991340E-01
    6.1250000000E+00     2.3013239797E-01
    6.1750000000E+00     2.0619221204E-01
    6.2250000000E+00     1.8396371748E-01
    6.2750000000E+00     1.6343939878E-01
    6.3250000000E+00     1.4459232120E-01
    6.3750000000E+00     1.2737870595E-01
    6.4250000000E+00     1.1174054847E-01
    6.4750000000E+00     9.7608213055E-02
    6.5250000000E+00     8.4902945248E-02
    6.5750000000E+00     7.3539252916E-02
    6.6250000000E+00     6.3427116411E-02
    6.6750000000E+00     5.4473997959E-02
    6.7250000000E+00     4.6586629818E-02
    6.7750000000E+00     3.9672569523E-02
    6.8250000000E+00     3.3641518459E-02
    6.8750000000E+00     2.8406407020E-02
    6.9250000000E+00     2.3884255431E-02
    6.9750000000E+00     1.9996824058E-02
    7.0250000000E+00     1.6671070611E-02
    7.0750000000E+00     1.3839434156E-02
    7.1250000000E+00     1.1439967318E-02
    7.1750000000E+00     9.4163386820E-03
    7.2250000000E+00     7.7177272062E-03
    7.2750000000E+00     6.2986296397E-03
    7.3250000000E+00     5.1186006320E-03
    7.3750000000E+00     4.1419435243E-03
    7.4250000000E+00     3.3373678834E-03
    7.4750000000E+00     2.6776277635E-03
    7.5250000000E+00     2.1391525760E-03
    7.5750000000E+00     1.7016803698E-03
    7.6250000000E+00     1.3479013609E-03
    7.6750000000E+00     1.0631177234E-03
    7.7250000000E+00     8.3492402252E-04
    7.7750000000E+00     6.5291122446E-04
    7.8250000000E+00     5.0839599446E-04
    7.8750000000E+00     3.9417596606E-04
    7.9250000000E+00     3.0431084075E-04
    7.9750000000E+00     2.3392853310E-04
    8.0250000000E+00     1.7905509732E-04
    8.0750000000E+00     1.3646683706E-04
    8.1250000000E+00     1.0356278852E-04
    8.1750000000E+00     7.8255657731E-05
    8.2250000000E+00     5.8879265577E-05
    8.2750000000E+00     4.4110591145E-05
    8.3250000000E+00     3.2904587804E-05
    8.3750000000E+00     2.4440064187E-05
    8.4250000000E+00     1.8075060842E-05
    8.4750000000E+00     1.3310303535E-05
    8.5250000000E+00     9.7594680087E-06
    8.5750000000E+00     7.1251424553E-06
    8.6250000000E+00     5.1795187355E-06
    8.6750000000E+00     3.7489784401E-06
    8.7250000000E+00     2.7018633735E-06
    8.7750000000E+00     1.9388310303E-06
    8.8250000000E+00     1.3852938576E-06
    8.8750000000E+00     9.8552685390E-07
    8.9250000000E+00     6.9810199060E-07
    8.9750000000E+00     4.9237096697E-07
    9.0250000000E+00     3.4577095566E-07
    9.0750000000E+00     2.4177236383E-07
    9.1250000000E+00     1.6832432717E-07
    9.1750000000E+00     1.1668372279E-07
    9.2250000000E+00     8.0537916546E-08
    9.2750000000E+00     5.5351144268E-08
    9.3250000000E+00     3.7880160201E-08
    9.3750000000E+00     2.5817266188E-08
    9.4250000000E+00     1.7528660886E-08
    9.4750000000E+00     1.1863729859E-08
    9.5250000000E+00     8.0168618932E-09
    9.5750000000E+00     5.4279795626E-09
    9.6250000000E+00     3.7115045226E-09
    9.6750000000E+00     2.6061781010E-09
    9.7250000000E+00     1.9402180458E-09
    9.7750000000E+00     1.6078683203E-09
    9.8250000000E+00     1.5546162552E-09
    9.8750000000E+00     1.7693125822E-09
    9.9250000000E+00     2.2822198385E-09
    9.9750000000E+00     3.1687061193E-09
