#t= 1.320000
    2.5000000000E-02     4.3500972673E-03
    7.5000000000E-02     3.4575762603E-03
    1.2500000000E-01     2.7350652275E-03
    1.7500000000E-01     2.1532102529E-03
    2.2500000000E-01     1.6870491329E-03
    2.7500000000E-01     1.3155012778E-03
    3.2500000000E-01     1.0208848989E-03
    3.7500000000E-01     7.8846779349E-04
    4.2500000000E-01     6.0605567416E-04
    4.7500000000E-01     4.6362001958E-04
    5.2500000000E-01     3.5296581707E-04
    5.7500000000E-01     2.6743832007E-04
    6.2500000000E-01     2.0166700814E-04
    6.7500000000E-01     1.5134428299E-04
    7.2500000000E-01     1.1303601624E-04
    7.7500000000E-01     8.4020843550E-05
    8.2500000000E-01     6.2155035185E-05
    8.7500000000E-01     4.5759829180E-05
    9.2500000000E-01     3.3528257667E-05
    9.7500000000E-01     2.4448701809E-05
    1.0250000000E+00     1.7742653207E-05
    1.0750000000E+00     1.2814420813E-05
    1.1250000000E+00     9.2107876935E-06
    1.1750000000E+00     6.5888808008E-06
    1.2250000000E+00     4.6907613071E-06
    1.2750000000E+00     3.3234682817E-06
    1.3250000000E+00     2.3434515565E-06
    1.3750000000E+00     1.6445094634E-06
    1.4250000000E+00     1.1485038250E-06
    1.4750000000E+00     7.9825914925E-07
    1.5250000000E+00     5.5216703100E-07
    1.5750000000E+00     3.8011224993E-07
    1.6250000000E+00     2.6041608482E-07
    1.6750000000E+00     1.7755708622E-07
    1.7250000000E+00     1.2048200829E-07
    1.7750000000E+00     8.1361714382E-08
    1.8250000000E+00     5.4680365520E-08
    1.8750000000E+00     3.6572603148E-08
    1.9250000000E+00     2.4344071191E-08
    1.9750000000E+00     1.6126612700E-08
    2.0250000000E+00     1.0631768492E-08
    2.0750000000E+00     6.9755797642E-09
    2.1250000000E+00     4.5547913492E-09
    2.1750000000E+00     2.9598811502E-09
    2.2250000000E+00     1.9143145619E-09
    2.2750000000E+00     1.2323637528E-09
    2.3250000000E+00     7.8999323722E-10
    2.3750000000E+00     5.0489060832E-10
    2.4250000000E+00     3.2286466770E-10
    2.4750000000E+00     2.0865719726E-10
    2.5250000000E+00     1.3980680444E-10
    2.5750000000E+00     1.0263020589E-10
    2.6250000000E+00     8.9697769598E-11
    2.6750000000E+00     9.8412017725E-11
    2.7250000000E+00     1.3047511948E-10
    2.7750000000E+00     1.9217256974E-10
    2.8250000000E+00     2.9552239403E-10
    2.8750000000E+00     4.6046263739E-10
    2.9250000000E+00     7.1839907934E-10
    2.9750000000E+00     1.1176364299E-09
    3.0250000000E+00     1.7314956008E-09
    3.0750000000E+00     2.6703044208E-09
    3.1250000000E+00     4.0989755228E-09
    3.1750000000E+00     6.2626068535E-09
    3.2250000000E+00     9.5235348987E-09
    3.2750000000E+00     1.4414642436E-08
    3.3250000000E+00     2.1715605368E-08
    3.3750000000E+00     3.2561327951E-08
    3.4250000000E+00     4.8595282261E-08
    3.4750000000E+00     7.2185118524E-08
    3.5250000000E+00     1.0672410805E-07
    3.5750000000E+00     1.5705017301E-07
    3.6250000000E+00     2.3002501059E-07
    3.6750000000E+00     3.3532982592E-07
    3.7250000000E+00     4.8655228887E-07
    3.7750000000E+00     7.0266253238E-07
    3.8250000000E+00     1.0100055043E-06
    3.8750000000E+00     1.4449741533E-06
    3.9250000000E+00     2.0575743499E-06
    3.9750000000E+00     2.9161498813E-06
    4.0250000000E+00     4.1136062289E-06
    4.0750000000E+00     5.7755571768E-06
    4.1250000000E+00     8.0709206547E-06
    4.1750000000E+00     1.1225611574E-05
    4.2250000000E+00     1.5540121488E-05
    4.2750000000E+00     2.1411938969E-05
    4.3250000000E+00     2.9363951238E-05
    4.3750000000E+00     4.0080176308E-05
    4.4250000000E+00     5.4450403825E-05
    4.4750000000E+00     7.3625568272E-05
    4.5250000000E+00     9.9085934103E-05
    4.5750000000E+00     1.3272442994E-04
    4.6250000000E+00     1.7694771603E-04
    4.6750000000E+00     2.3479778977E-04
    4.7250000000E+00     3.1009710821E-04
    4.7750000000E+00     4.0762030971E-04
    4.8250000000E+00     5.3329562003E-04
    4.8750000000E+00     6.9443889897E-04
    4.9250000000E+00     9.0002298393E-04
    4.9750000000E+00     1.1609844796E-03
    5.0250000000E+00     1.4905693851E-03
    5.0750000000E+00     1.9047179057E-03
    5.1250000000E+00     2.4224874259E-03
    5.1750000000E+00     3.0665108986E-03
    5.2250000000E+00     3.8634858135E-03
    5.2750000000E+00     4.8446864360E-03
    5.3250000000E+00     6.0464891851E-03
    5.3750000000E+00     7.5108978632E-03
    5.4250000000E+00     9.2860520517E-03
    5.4750000000E+00     1.1426698416E-02
    5.5250000000E+00     1.3994601069E-02
    5.5750000000E+00     1.7058863681E-02
    5.6250000000E+00     2.0696132877E-02
    5.6750000000E+00     2.4990649888E-02
    5.7250000000E+00     3.0034115603E-02
    5.7750000000E+00     3.5925333485E-02
    5.8250000000E+00     4.2769595331E-02
    5.8750000000E+00     5.0677777079E-02
    5.9250000000E+00     5.9765115761E-02
    5.9750000000E+00     7.0149644645E-02
    6.0250000000E+00     8.1950271574E-02
    6.0750000000E+00     9.5284495588E-02
    6.1250000000E+00     1.1026576901E-01
    6.1750000000E+00     1.2700052604E-01
    6.2250000000E+00     1.4558491429E-01
    6.2750000000E+00     1.6610128207E-01
    6.3250000000E+00     1.8861449113E-01
    6.3750000000E+00     2.1316814094E-01
    6.4250000000E+00     2.3978080641E-01
    6.4750000000E+00     2.6844240422E-01
    6.5250000000E+00     2.9911081408E-01
    6.5750000000E+00     3.3170888807E-01
    6.6250000000E+00     3.6612198437E-01
    6.6750000000E+00     4.0219615886E-01
    6.7250000000E+00     4.3973714053E-01
    6.7750000000E+00     4.7851020264E-01
    6.8250000000E+00     5.1824102183E-01
    6.8750000000E+00     5.5861759231E-01
    6.9250000000E+00     5.9929323174E-01
    6.9750000000E+00     6.3989068122E-01
    7.0250000000E+00     6.8000726426E-01
    7.0750000000E+00     7.1922103082E-01
    7.1250000000E+00     7.5709777352E-01
    7.1750000000E+00     7.9319876611E-01
    7.2250000000E+00     8.2708904053E-01
    7.2750000000E+00     8.5834599045E-01
    7.3250000000E+00     8.8656806749E-01
    7.3750000000E+00     9.1138332246E-01
    7.4250000000E+00     9.3245753902E-01
    7.4750000000E+00     9.4950171202E-01
    7.5250000000E+00     9.6227863707E-01
    7.5750000000E+00     9.7060840130E-01
    7.6250000000E+00     9.7437259802E-01
    7.6750000000E+00     9.7351712706E-01
    7.7250000000E+00     9.6805348837E-01
    7.7750000000E+00     9.5805852561E-01
    7.8250000000E+00     9.4367262768E-01
    7.8750000000E+00     9.2509644705E-01
    7.9250000000E+00     9.0258624215E-01
    7.9750000000E+00     8.7644799484E-01
    8.0250000000E+00     8.4703049192E-01
    8.0750000000E+00     8.1471758903E-01
    8.1250000000E+00     7.7991989664E-01
    8.1750000000E+00     7.4306613912E-01
    8.2250000000E+00     7.0459443958E-01
    8.2750000000E+00     6.6494377575E-01
    8.3250000000E+00     6.2454583539E-01
    8.3750000000E+00     5.8381747608E-01
    8.4250000000E+00     5.4315396343E-01
    8.4750000000E+00     5.0292312701E-01
    8.5250000000E+00     4.6346053504E-01
    8.5750000000E+00     4.2506574960E-01
    8.6250000000E+00     3.8799968526E-01
    8.6750000000E+00     3.5248305721E-01
    8.7250000000E+00     3.1869587150E-01
    8.7750000000E+00     2.8677788090E-01
    8.8250000000E+00     2.5682990629E-01
    8.8750000000E+00     2.2891590541E-01
    8.9250000000E+00     2.0306565875E-01
    8.9750000000E+00     1.7927793643E-01
    9.0250000000E+00     1.5752400892E-01
    9.0750000000E+00     1.3775136913E-01
    9.1250000000E+00     1.1988754175E-01
    9.1750000000E+00     1.0384386782E-01
    9.2250000000E+00     8.9519166888E-02
    9.2750000000E+00     7.6803195531E-02
    9.3250000000E+00     6.5579837627E-02
    9.3750000000E+00     5.5729979045E-02
    9.4250000000E+00     4.7134035560E-02
    9.4750000000E+00     3.9674117967E-02
    9.5250000000E+00     3.3235831818E-02
    9.5750000000E+00     2.7709720786E-02
    9.6250000000E+00     2.2992372088E-02
    9.6750000000E+00     1.8987209780E-02
    9.7250000000E+00     1.5605006960E-02
    9.7750000000E+00     1.2764151236E-02
    9.8250000000E+00     1.0390699400E-02
    9.8750000000E+00     8.4182572781E-03
    9.9250000000E+00     6.7877195579E-03
    9.9750000000E+00     5.4469022142E-03
