#t= 2.680000
    2.5000000000E-02     1.0000000000E+00
    7.5000000000E-02     1.0000000000E+00
    1.2500000000E-01     1.0000000000E+00
    1.7500000000E-01     1.0000000000E+00
    2.2500000000E-01     1.0000000000E+00
    2.7500000000E-01     1.0000000000E+00
    3.2500000000E-01     1.0000000000E+00
    3.7500000000E-01     1.0000000000E+00
    4.2500000000E-01     1.0000000000E+00
    4.7500000000E-01     1.0000000000E+00
    5.2500000000E-01     1.0000000000E+00
    5.7500000000E-01     1.0000000000E+00
    6.2500000000E-01     1.0000000000E+00
    6.7500000000E-01     1.0000000000E+00
    7.2500000000E-01     1.0000000000E+00
    7.7500000000E-01     1.0000000000E+00
    8.2500000000E-01     1.0000000000E+00
    8.7500000000E-01     1.0000000000E+00
    9.2500000000E-01     1.0000000000E+00
    9.7500000000E-01     1.0000000000E+00
    1.0250000000E+00     1.0000000000E+00
    1.0750000000E+00     1.0000000000E+00
    1.1250000000E+00     1.0000000000E+00
    1.1750000000E+00     1.0000000000E+00
    1.2250000000E+00     1.0000000000E+00
    1.2750000000E+00     1.0000000000E+00
    1.3250000000E+00     1.0000000000E+00
    1.3750000000E+00     1.0000000000E+00
    1.4250000000E+00     1.0000000000E+00
    1.4750000000E+00     1.0000000000E+00
    1.5250000000E+00     1.0000000000E+00
    1.5750000000E+00     1.0000000000E+00
    1.6250000000E+00     1.0000000000E+00
    1.6750000000E+00     1.0000000000E+00
    1.7250000000E+00     1.0000000000E+00
    1.7750000000E+00     1.0000000000E+00
    1.8250000000E+00     1.0000000000E+00
    1.8750000000E+00     1.0000000000E+00
    1.9250000000E+00     1.0000000000E+00
    1.9750000000E+00     1.0000000000E+00
    2.0250000000E+00     1.0000000000E+00
    2.0750000000E+00     1.0000000000E+00
    2.1250000000E+00     1.0000000000E+00
    2.1750000000E+00     1.0000000000E+00
    2.2250000000E+00     1.0000000000E+00
    2.2750000000E+00     1.0000000000E+00
    2.3250000000E+00     1.0000000000E+00
    2.3750000000E+00     1.0000000000E+00
    2.4250000000E+00     1.0000000000E+00
    2.4750000000E+00     1.0000000000E+00
    2.5250000000E+00     1.0000000000E+00
    2.5750000000E+00     1.0000000000E+00
    2.6250000000E+00     1.0000000000E+00
    2.6750000000E+00     1.0000000000E+00
    2.7250000000E+00     1.0000000000E+00
    2.7750000000E+00     1.0000000000E+00
    2.8250000000E+00     1.0000000000E+00
    2.8750000000E+00     1.0000000000E+00
    2.9250000000E+00     1.0000000000E+00
    2.9750000000E+00     1.0000000000E+00
    3.0250000000E+00     1.0000000000E+00
    3.0750000000E+00     1.0000000000E+00
    3.1250000000E+00     1.0000000000E+00
    3.1750000000E+00     1.0000000000E+00
    3.2250000000E+00     1.0000000000E+00
    3.2750000000E+00     1.0000000000E+00
    3.3250000000E+00     1.0000000000E+00
    3.3750000000E+00     1.0000000000E+00
    3.4250000000E+00     1.0000000000E+00
    3.4750000000E+00     1.0000000000E+00
    3.5250000000E+00     1.0000000000E+00
    3.5750000000E+00     1.0000000000E+00
    3.6250000000E+00     9.9999999999E-01
    3.6750000000E+00     9.9999999998E-01
    3.7250000000E+00     9.9999999992E-01
    3.7750000000E+00     9.9999999975E-01
    3.8250000000E+00     9.9999999921E-01
    3.8750000000E+00     9.9999999757E-01
    3.9250000000E+00     9.9999999280E-01
    3.9750000000E+00     9.9999997930E-01
    4.0250000000E+00     9.9999994218E-01
    4.0750000000E+00     9.9999984327E-01
    4.1250000000E+00     9.9999958781E-01
    4.1750000000E+00     9.9999894827E-01
    4.2250000000E+00     9.9999739677E-01
    4.2750000000E+00     9.9999375042E-01
    4.3250000000E+00     9.9998545066E-01
    4.3750000000E+00     9.9996715911E-01
    4.4250000000E+00     9.9992814026E-01
    4.4750000000E+00     9.9984760436E-01
    4.5250000000E+00     9.9968682279E-01
    4.5750000000E+00     9.9937647879E-01
    4.6250000000E+00     9.9879754868E-01
    4.6750000000E+00     9.9775430531E-01
    4.7250000000E+00     9.9593917826E-01
    4.7750000000E+00     9.9289157843E-01
    4.8250000000E+00     9.8795658911E-01
    4.8750000000E+00     9.8025434624E-01
    4.9250000000E+00     9.6867590078E-01
    4.9750000000E+00     9.5192438695E-01
    5.0250000000E+00     9.2861877532E-01
    5.0750000000E+00     8.9746891611E-01
    5.1250000000E+00     8.5751403764E-01
    5.1750000000E+00     8.0839436250E-01
    5.2250000000E+00     7.5060272825E-01
    5.2750000000E+00     6.8564865681E-01
    5.3250000000E+00     6.1607004206E-01
    5.3750000000E+00     5.4525253923E-01
    5.4250000000E+00     4.7706128248E-01
    5.4750000000E+00     4.1534229786E-01
    5.5250000000E+00     3.6339436420E-01
    5.5750000000E+00     3.2352895029E-01
    5.6250000000E+00     2.9681720936E-01
    5.6750000000E+00     2.8307308046E-01
    5.7250000000E+00     2.8105717186E-01
    5.7750000000E+00     2.8882999126E-01
    5.8250000000E+00     3.0415404784E-01
    5.8750000000E+00     3.2484939836E-01
    5.9250000000E+00     3.4903956341E-01
    5.9750000000E+00     3.7526836615E-01
    6.0250000000E+00     4.0250604816E-01
    6.0750000000E+00     4.3008410729E-01
    6.1250000000E+00     4.5760094773E-01
    6.1750000000E+00     4.8483017267E-01
    6.2250000000E+00     5.1164844129E-01
    6.2750000000E+00     5.3798695995E-01
    6.3250000000E+00     5.6380299689E-01
    6.3750000000E+00     5.8906515050E-01
    6.4250000000E+00     6.1374663045E-01
    6.4750000000E+00     6.3782256732E-01
    6.5250000000E+00     6.6126907944E-01
    6.5750000000E+00     6.8406300344E-01
    6.6250000000E+00     7.0618184044E-01
    6.6750000000E+00     7.2760376127E-01
    6.7250000000E+00     7.4830762504E-01
    6.7750000000E+00     7.6827299953E-01
    6.8250000000E+00     7.8748018132E-01
    6.8750000000E+00     8.0591021525E-01
    6.9250000000E+00     8.2354491309E-01
    6.9750000000E+00     8.4036687153E-01
    7.0250000000E+00     8.5635948933E-01
    7.0750000000E+00     8.7150698370E-01
    7.1250000000E+00     8.8579440590E-01
    7.1750000000E+00     8.9920765596E-01
    7.2250000000E+00     9.1173349663E-01
    7.2750000000E+00     9.2335956641E-01
    7.3250000000E+00     9.3407439178E-01
    7.3750000000E+00     9.4386739849E-01
    7.4250000000E+00     9.5272892204E-01
    7.4750000000E+00     9.6065021716E-01
    7.5250000000E+00     9.6762346651E-01
    7.5750000000E+00     9.7364178831E-01
    7.6250000000E+00     9.7869924322E-01
    7.6750000000E+00     9.8279084013E-01
    7.7250000000E+00     9.8591254114E-01
    7.7750000000E+00     9.8806126550E-01
    7.8250000000E+00     9.8923489268E-01
    7.8750000000E+00     9.8943226446E-01
    7.9250000000E+00     9.8865318604E-01
    7.9750000000E+00     9.8689842630E-01
    8.0250000000E+00     9.8416971695E-01
    8.0750000000E+00     9.8046975092E-01
    8.1250000000E+00     9.7580217961E-01
    8.1750000000E+00     9.7017160936E-01
    8.2250000000E+00     9.6358359687E-01
    8.2750000000E+00     9.5604464370E-01
    8.3250000000E+00     9.4756218989E-01
    8.3750000000E+00     9.3814460660E-01
    8.4250000000E+00     9.2780118785E-01
    8.4750000000E+00     9.1654214134E-01
    8.5250000000E+00     9.0437857839E-01
    8.5750000000E+00     8.9132250297E-01
    8.6250000000E+00     8.7738679985E-01
    8.6750000000E+00     8.6258522189E-01
    8.7250000000E+00     8.4693237646E-01
    8.7750000000E+00     8.3044371102E-01
    8.8250000000E+00     8.1313549790E-01
    8.8750000000E+00     7.9502481821E-01
    8.9250000000E+00     7.7612954501E-01
    8.9750000000E+00     7.5646832566E-01
    9.0250000000E+00     7.3606056340E-01
    9.0750000000E+00     7.1492639822E-01
    9.1250000000E+00     6.9308668701E-01
    9.1750000000E+00     6.7056298291E-01
    9.2250000000E+00     6.4737751411E-01
    9.2750000000E+00     6.2355316186E-01
    9.3250000000E+00     5.9911343792E-01
    9.3750000000E+00     5.7408246135E-01
    9.4250000000E+00     5.4848493470E-01
    9.4750000000E+00     5.2234611964E-01
    9.5250000000E+00     4.9569181202E-01
    9.5750000000E+00     4.6854831643E-01
    9.6250000000E+00     4.4094242023E-01
    9.6750000000E+00     4.1290136708E-01
    9.7250000000E+00     3.8445283014E-01
    9.7750000000E+00     3.5562488467E-01
    9.8250000000E+00     3.2644598037E-01
    9.8750000000E+00     2.9694491331E-01
    9.9250000000E+00     2.6715079746E-01
    9.9750000000E+00     2.3709303603E-01
