#t= 3.680000
    2.5000000000E-02     8.1931767028E-03
    7.5000000000E-02     1.0006995911E-02
    1.2500000000E-01     1.2170004680E-02
    1.7500000000E-01     1.4737125609E-02
    2.2500000000E-01     1.7769255671E-02
    2.7500000000E-01     2.1333371268E-02
    3.2500000000E-01     2.5502510992E-02
    3.7500000000E-01     3.0355611309E-02
    4.2500000000E-01     3.5977170257E-02
    4.7500000000E-01     4.2456714912E-02
    5.2500000000E-01     4.9888050196E-02
    5.7500000000E-01     5.8368269552E-02
    6.2500000000E-01     6.7996512253E-02
    6.7500000000E-01     7.8872457697E-02
    7.2500000000E-01     9.1094553983E-02
    7.7500000000E-01     1.0475798625E-01
    8.2500000000E-01     1.1995239966E-01
    8.7500000000E-01     1.3675940225E-01
    9.2500000000E-01     1.5524988382E-01
    9.7500000000E-01     1.7548119842E-01
    1.0250000000E+00     1.9749426924E-01
    1.0750000000E+00     2.2131068524E-01
    1.1250000000E+00     2.4692986858E-01
    1.1750000000E+00     2.7432639959E-01
    1.2250000000E+00     3.0344759208E-01
    1.2750000000E+00     3.3421141434E-01
    1.3250000000E+00     3.6650485154E-01
    1.3750000000E+00     4.0018280138E-01
    1.4250000000E+00     4.3506758762E-01
    1.4750000000E+00     4.7094916486E-01
    1.5250000000E+00     5.0758607335E-01
    1.5750000000E+00     5.4470718376E-01
    1.6250000000E+00     5.8201425086E-01
    1.6750000000E+00     6.1918527081E-01
    1.7250000000E+00     6.5587861124E-01
    1.7750000000E+00     6.9173785687E-01
    1.8250000000E+00     7.2639728721E-01
    1.8750000000E+00     7.5948787773E-01
    1.9250000000E+00     7.9064369373E-01
    1.9750000000E+00     8.1950852637E-01
    2.0250000000E+00     8.4574260581E-01
    2.0750000000E+00     8.6902921674E-01
    2.1250000000E+00     8.8908103728E-01
    2.1750000000E+00     9.0564602475E-01
    2.2250000000E+00     9.1851268026E-01
    2.2750000000E+00     9.2751453848E-01
    2.3250000000E+00     9.3253374961E-01
    2.3750000000E+00     9.3350364580E-01
    2.4250000000E+00     9.3041021396E-01
    2.4750000000E+00     9.2329242951E-01
    2.5250000000E+00     9.1224143998E-01
    2.5750000000E+00     8.9739862245E-01
    2.6250000000E+00     8.7895257260E-01
    2.6750000000E+00     8.5713511512E-01
    2.7250000000E+00     8.3221645341E-01
    2.7750000000E+00     8.0449960065E-01
    2.8250000000E+00     7.7431425246E-01
    2.8750000000E+00     7.4201027445E-01
    2.9250000000E+00     7.0795098383E-01
    2.9750000000E+00     6.7250640466E-01
    3.0250000000E+00     6.3604666998E-01
    3.0750000000E+00     5.9893573239E-01
    3.1250000000E+00     5.6152552790E-01
    3.1750000000E+00     5.2415071719E-01
    3.2250000000E+00     4.8712410433E-01
    3.2750000000E+00     4.5073280727E-01
    3.3250000000E+00     4.1523522747E-01
    3.3750000000E+00     3.8085883945E-01
    3.4250000000E+00     3.4779879530E-01
    3.4750000000E+00     3.1621731616E-01
    3.5250000000E+00     2.8624382122E-01
    3.5750000000E+00     2.5797572822E-01
    3.6250000000E+00     2.3147984490E-01
    3.6750000000E+00     2.0679426172E-01
    3.7250000000E+00     1.8393064966E-01
    3.7750000000E+00     1.6287686517E-01
    3.8250000000E+00     1.4359976536E-01
    3.8750000000E+00     1.2604814087E-01
    3.9250000000E+00     1.1015568095E-01
    3.9750000000E+00     9.5843893972E-02
    4.0250000000E+00     8.3024917100E-02
    4.0750000000E+00     7.1604160234E-02
    4.1250000000E+00     6.1482740848E-02
    4.1750000000E+00     5.2559678116E-02
    4.2250000000E+00     4.4733825708E-02
    4.2750000000E+00     3.7905532951E-02
    4.3250000000E+00     3.1978033159E-02
    4.3750000000E+00     2.6858565855E-02
    4.4250000000E+00     2.2459246072E-02
    4.4750000000E+00     1.8697699035E-02
    4.5250000000E+00     1.5497482250E-02
    4.5750000000E+00     1.2788319422E-02
    4.6250000000E+00     1.0506171893E-02
    4.6750000000E+00     8.5931735230E-03
    4.7250000000E+00     6.9974542540E-03
    4.7750000000E+00     5.6728763163E-03
    4.8250000000E+00     4.5787051381E-03
    4.8750000000E+00     3.6792348202E-03
    4.9250000000E+00     2.9433855924E-03
    4.9750000000E+00     2.3442881352E-03
    5.0250000000E+00     1.8588671406E-03
    5.0750000000E+00     1.4674340654E-03
    5.1250000000E+00     1.1532967886E-03
    5.1750000000E+00     9.0239184729E-04
    5.2250000000E+00     7.0294313215E-04
    5.2750000000E+00     5.4514938310E-04
    5.3250000000E+00     4.2090154147E-04
    5.3750000000E+00     3.2352997270E-04
    5.4250000000E+00     2.4758076163E-04
    5.4750000000E+00     1.8861967499E-04
    5.5250000000E+00     1.4306195952E-04
    5.5750000000E+00     1.0802587224E-04
    5.6250000000E+00     8.1207695274E-05
    5.6750000000E+00     6.0775947159E-05
    5.7250000000E+00     4.5282541103E-05
    5.7750000000E+00     3.3588739349E-05
    5.8250000000E+00     2.4803892202E-05
    5.8750000000E+00     1.8235116405E-05
    5.9250000000E+00     1.3346247542E-05
    5.9750000000E+00     9.7245855209E-06
    6.0250000000E+00     7.0541334351E-06
    6.0750000000E+00     5.0942029760E-06
    6.1250000000E+00     3.6624203004E-06
    6.1750000000E+00     2.6213127577E-06
    6.2250000000E+00     1.8677879963E-06
    6.2750000000E+00     1.3249325161E-06
    6.3250000000E+00     9.3565714206E-07
    6.3750000000E+00     6.5780304138E-07
    6.4250000000E+00     4.6039494263E-07
    6.4750000000E+00     3.2078947670E-07
    6.5250000000E+00     2.2251740243E-07
    6.5750000000E+00     1.5366027595E-07
    6.6250000000E+00     1.0563616122E-07
    6.6750000000E+00     7.2296455006E-08
    6.7250000000E+00     4.9257890176E-08
    6.7750000000E+00     3.3411237297E-08
    6.8250000000E+00     2.2561970745E-08
    6.8750000000E+00     1.5168908265E-08
    6.9250000000E+00     1.0155164907E-08
    6.9750000000E+00     6.7721784871E-09
    7.0250000000E+00     4.5024702137E-09
    7.0750000000E+00     2.9905314229E-09
    7.1250000000E+00     1.9940419015E-09
    7.1750000000E+00     1.3497396039E-09
    7.2250000000E+00     9.4984441761E-10
    7.2750000000E+00     7.2612304026E-10
    7.3250000000E+00     6.3957283720E-10
    7.3750000000E+00     6.7438269345E-10
    7.4250000000E+00     8.3536488069E-10
    7.4750000000E+00     1.1484986638E-09
    7.5250000000E+00     1.6646311062E-09
    7.5750000000E+00     2.4667869012E-09
    7.6250000000E+00     3.6819904970E-09
    7.6750000000E+00     5.4990470658E-09
    7.7250000000E+00     8.1944177572E-09
    7.7750000000E+00     1.2169223851E-08
    7.8250000000E+00     1.8001603914E-08
    7.8750000000E+00     2.6520228333E-08
    7.9250000000E+00     3.8906873252E-08
    7.9750000000E+00     5.6838730620E-08
    8.0250000000E+00     8.2684782902E-08
    8.0750000000E+00     1.1977534921E-07
    8.1250000000E+00     1.7277012236E-07
    8.1750000000E+00     2.4815804006E-07
    8.2250000000E+00     3.5493262504E-07
    8.2750000000E+00     5.0549953396E-07
    8.3250000000E+00     7.1688962056E-07
    8.3750000000E+00     1.0123715979E-06
    8.4250000000E+00     1.4235842447E-06
    8.4750000000E+00     1.9933400213E-06
    8.5250000000E+00     2.7792910236E-06
    8.5750000000E+00     3.8586955876E-06
    8.6250000000E+00     5.3345807888E-06
    8.6750000000E+00     7.3436638176E-06
    8.7250000000E+00     1.0066474948E-05
    8.7750000000E+00     1.3740217629E-05
    8.8250000000E+00     1.8675007925E-05
    8.8750000000E+00     2.5274256573E-05
    8.9250000000E+00     3.4060092162E-05
    8.9750000000E+00     4.5704872514E-05
    9.0250000000E+00     6.1069991384E-05
    9.0750000000E+00     8.1253355974E-05
    9.1250000000E+00     1.0764708286E-04
    9.1750000000E+00     1.4200712928E-04
    9.2250000000E+00     1.8653673488E-04
    9.2750000000E+00     2.4398568511E-04
    9.3250000000E+00     3.1776750819E-04
    9.3750000000E+00     4.1209676716E-04
    9.4250000000E+00     5.3214858824E-04
    9.4750000000E+00     6.8424245611E-04
    9.5250000000E+00     8.7605208284E-04
    9.5750000000E+00     1.1168427957E-03
    9.6250000000E+00     1.4177373657E-03
    9.6750000000E+00     1.7920104888E-03
    9.7250000000E+00     2.2554112157E-03
    9.7750000000E+00     2.8265114817E-03
    9.8250000000E+00     3.5270775107E-03
    9.8750000000E+00     4.3824592455E-03
    9.9250000000E+00     5.4219911042E-03
    9.9750000000E+00     6.6793952981E-03
