#t= 4.400000
    2.5000000000E-02     5.5658720616E-06
    7.5000000000E-02     7.6237817071E-06
    1.2500000000E-01     1.0399475211E-05
    1.7500000000E-01     1.4127180753E-05
    2.2500000000E-01     1.9111820278E-05
    2.7500000000E-01     2.5748411560E-05
    3.2500000000E-01     3.4546180210E-05
    3.7500000000E-01     4.6158341012E-05
    4.2500000000E-01     6.1418651231E-05
    4.7500000000E-01     8.1385988949E-05
    5.2500000000E-01     1.0739836265E-04
    5.7500000000E-01     1.4113790868E-04
    6.2500000000E-01     1.8470857340E-04
    6.7500000000E-01     2.4072829687E-04
    7.2500000000E-01     3.1243760427E-04
    7.7500000000E-01     4.0382655449E-04
    8.2500000000E-01     5.1978197815E-04
    8.7500000000E-01     6.6625684032E-04
    9.2500000000E-01     8.5046336748E-04
    9.7500000000E-01     1.0810912624E-03
    1.0250000000E+00     1.3685518733E-03
    1.0750000000E+00     1.7252485654E-03
    1.1250000000E+00     2.1658727401E-03
    1.1750000000E+00     2.7077239517E-03
    1.2250000000E+00     3.3710513668E-03
    1.2750000000E+00     4.1794123902E-03
    1.3250000000E+00     5.1600426642E-03
    1.3750000000E+00     6.3442298293E-03
    1.4250000000E+00     7.7676814618E-03
    1.4750000000E+00     9.4708755100E-03
    1.5250000000E+00     1.1499379403E-02
    1.5750000000E+00     1.3904121867E-02
    1.6250000000E+00     1.6741599484E-02
    1.6750000000E+00     2.0073998195E-02
    1.7250000000E+00     2.3969208548E-02
    1.7750000000E+00     2.8500712455E-02
    1.8250000000E+00     3.3747318940E-02
    1.8750000000E+00     3.9792726682E-02
    1.9250000000E+00     4.6724892530E-02
    1.9750000000E+00     5.4635187415E-02
    2.0250000000E+00     6.3617324532E-02
    2.0750000000E+00     7.3766049227E-02
    2.1250000000E+00     8.5175585798E-02
    2.1750000000E+00     9.7937843358E-02
    2.2250000000E+00     1.1214039087E-01
    2.2750000000E+00     1.2786422044E-01
    2.3250000000E+00     1.4518132749E-01
    2.3750000000E+00     1.6415214653E-01
    2.4250000000E+00     1.8482289137E-01
    2.4750000000E+00     2.0722285834E-01
    2.5250000000E+00     2.3136176013E-01
    2.5750000000E+00     2.5722716569E-01
    2.6250000000E+00     2.8478212773E-01
    2.6750000000E+00     3.1396308319E-01
    2.7250000000E+00     3.4467811354E-01
    2.7750000000E+00     3.7680565008E-01
    2.8250000000E+00     4.1019370474E-01
    2.8750000000E+00     4.4465969866E-01
    2.9250000000E+00     4.7999094956E-01
    2.9750000000E+00     5.1594586384E-01
    3.0250000000E+00     5.5225586225E-01
    3.0750000000E+00     5.8862804721E-01
    3.1250000000E+00     6.2474859833E-01
    3.1750000000E+00     6.6028685898E-01
    3.2250000000E+00     6.9490005337E-01
    3.2750000000E+00     7.2823855028E-01
    3.3250000000E+00     7.5995156807E-01
    3.3750000000E+00     7.8969319608E-01
    3.4250000000E+00     8.1712859178E-01
    3.4750000000E+00     8.4194020089E-01
    3.5250000000E+00     8.6383384062E-01
    3.5750000000E+00     8.8254448414E-01
    3.6250000000E+00     8.9784158782E-01
    3.6750000000E+00     9.0953381201E-01
    3.7250000000E+00     9.1747300038E-01
    3.7750000000E+00     9.2155730222E-01
    3.8250000000E+00     9.2173334578E-01
    3.8750000000E+00     9.1799739787E-01
    3.9250000000E+00     9.1039547456E-01
    3.9750000000E+00     8.9902239870E-01
    4.0250000000E+00     8.8401983123E-01
    4.0750000000E+00     8.6557333351E-01
    4.1250000000E+00     8.4390854573E-01
    4.1750000000E+00     8.1928659167E-01
    4.2250000000E+00     7.9199884040E-01
    4.2750000000E+00     7.6236117221E-01
    4.3250000000E+00     7.3070790605E-01
    4.3750000000E+00     6.9738555148E-01
    4.4250000000E+00     6.6274654751E-01
    4.4750000000E+00     6.2714314485E-01
    4.5250000000E+00     5.9092157742E-01
    4.5750000000E+00     5.5441665381E-01
    4.6250000000E+00     5.1794688065E-01
    4.6750000000E+00     4.8181020848E-01
    4.7250000000E+00     4.4628046733E-01
    4.7750000000E+00     4.1160453540E-01
    4.8250000000E+00     3.7800026011E-01
    4.8750000000E+00     3.4565512811E-01
    4.9250000000E+00     3.1472565940E-01
    4.9750000000E+00     2.8533748227E-01
    5.0250000000E+00     2.5758602973E-01
    5.0750000000E+00     2.3153778567E-01
    5.1250000000E+00     2.0723199975E-01
    5.1750000000E+00     1.8468278447E-01
    5.2250000000E+00     1.6388150539E-01
    5.2750000000E+00     1.4479937640E-01
    5.3250000000E+00     1.2739017525E-01
    5.3750000000E+00     1.1159300070E-01
    5.4250000000E+00     9.7335000149E-02
    5.4750000000E+00     8.4534005787E-02
    5.5250000000E+00     7.3101027526E-02
    5.5750000000E+00     6.2942561112E-02
    5.6250000000E+00     5.3962680520E-02
    5.6750000000E+00     4.6064893702E-02
    5.7250000000E+00     3.9153750182E-02
    5.7750000000E+00     3.3136197465E-02
    5.8250000000E+00     2.7922690593E-02
    5.8750000000E+00     2.3428065359E-02
    5.9250000000E+00     1.9572190603E-02
    5.9750000000E+00     1.6280418722E-02
    6.0250000000E+00     1.3483856027E-02
    6.0750000000E+00     1.1119476027E-02
    6.1250000000E+00     9.1300992019E-03
    6.1750000000E+00     7.4642625083E-03
    6.2250000000E+00     6.0760008349E-03
    6.2750000000E+00     4.9245611478E-03
    6.3250000000E+00     3.9740681492E-03
    6.3750000000E+00     3.1931581569E-03
    6.4250000000E+00     2.5545956563E-03
    6.4750000000E+00     2.0348847004E-03
    6.5250000000E+00     1.6138851216E-03
    6.5750000000E+00     1.2744414274E-03
    6.6250000000E+00     1.0020303384E-03
    6.6750000000E+00     7.8443121307E-04
    6.7250000000E+00     6.1142211544E-04
    6.7750000000E+00     4.7450301798E-04
    6.8250000000E+00     3.6664659002E-04
    6.8750000000E+00     2.8207619316E-04
    6.9250000000E+00     2.1607006715E-04
    6.9750000000E+00     1.6479022489E-04
    7.0250000000E+00     1.2513425995E-04
    7.0750000000E+00     9.4608080969E-05
    7.1250000000E+00     7.1217501792E-05
    7.1750000000E+00     5.3376613015E-05
    7.2250000000E+00     3.9830920437E-05
    7.2750000000E+00     2.9593341307E-05
    7.3250000000E+00     2.1891285837E-05
    7.3750000000E+00     1.6123206872E-05
    7.4250000000E+00     1.1823164852E-05
    7.4750000000E+00     8.6321207322E-06
    7.5250000000E+00     6.2748303338E-06
    7.5750000000E+00     4.5413656201E-06
    7.6250000000E+00     3.2724289514E-06
    7.6750000000E+00     2.3477537435E-06
    7.7250000000E+00     1.6769985772E-06
    7.7750000000E+00     1.1926416306E-06
    7.8250000000E+00     8.4446885837E-07
    7.8750000000E+00     5.9532347540E-07
    7.9250000000E+00     4.1784709517E-07
    7.9750000000E+00     2.9199548624E-07
    8.0250000000E+00     2.0315557478E-07
    8.0750000000E+00     1.4072620768E-07
    8.1250000000E+00     9.7054426681E-08
    8.1750000000E+00     6.6642616077E-08
    8.2250000000E+00     4.5560799771E-08
    8.2750000000E+00     3.1013392084E-08
    8.3250000000E+00     2.1021557498E-08
    8.3750000000E+00     1.4191609425E-08
    8.4250000000E+00     9.5470854306E-09
    8.4750000000E+00     6.4076986927E-09
    8.5250000000E+00     4.3026307150E-09
    8.5750000000E+00     2.9088823498E-09
    8.6250000000E+00     2.0078681580E-09
    8.6750000000E+00     1.4553073120E-09
    8.7250000000E+00     1.1608797990E-09
    8.7750000000E+00     1.0751973319E-09
    8.8250000000E+00     1.1824788127E-09
    8.8750000000E+00     1.4979978194E-09
    8.9250000000E+00     2.0699495844E-09
    8.9750000000E+00     2.9859248317E-09
    9.0250000000E+00     4.3847317358E-09
    9.0750000000E+00     6.4749298485E-09
    9.1250000000E+00     9.5621903935E-09
    9.1750000000E+00     1.4088543948E-08
    9.2250000000E+00     2.0687800516E-08
    9.2750000000E+00     3.0263027889E-08
    9.3250000000E+00     4.4094075148E-08
    9.3750000000E+00     6.3985882375E-08
    9.4250000000E+00     9.2471914992E-08
    9.4750000000E+00     1.3309173617E-07
    9.5250000000E+00     1.9076777089E-07
    9.5750000000E+00     2.7231406952E-07
    9.6250000000E+00     3.8711976757E-07
    9.6750000000E+00     5.4806246065E-07
    9.7250000000E+00     7.7272245783E-07
    9.7750000000E+00     1.0849885224E-06
    9.8250000000E+00     1.5171700347E-06
    9.8750000000E+00     2.1127603904E-06
    9.9250000000E+00     2.9300328385E-06
    9.9750000000E+00     4.0466938997E-06
