#t= 0.240000
    2.5000000000E-02     1.2736031445E-09
    7.5000000000E-02     8.0947954828E-10
    1.2500000000E-01     5.1194282655E-10
    1.7500000000E-01     3.2216726837E-10
    2.2500000000E-01     2.0174129288E-10
    2.7500000000E-01     1.2573652231E-10
    3.2500000000E-01     7.8144639619E-11
    3.7500000000E-01     4.8996262172E-11
    4.2500000000E-01     3.2659270622E-11
    4.7500000000E-01     2.6732600349E-11
    5.2500000000E-01     3.0913336384E-11
    5.7500000000E-01     4.5928028995E-11
    6.2500000000E-01     7.3643969227E-11
    6.7500000000E-01     1.1874959212E-10
    7.2500000000E-01     1.9053814566E-10
    7.7500000000E-01     3.0421915519E-10
    8.2500000000E-01     4.8333243064E-10
    8.7500000000E-01     7.6411727858E-10
    9.2500000000E-01     1.2020672140E-09
    9.7500000000E-01     1.8817073280E-09
    1.0250000000E+00     2.9310952852E-09
    1.0750000000E+00     4.5432044207E-09
    1.1250000000E+00     7.0072731056E-09
    1.1750000000E+00     1.0754498882E-08
    1.2250000000E+00     1.6424252968E-08
    1.2750000000E+00     2.4959468207E-08
    1.3250000000E+00     3.7743244426E-08
    1.3750000000E+00     5.6793322166E-08
    1.4250000000E+00     8.5037288485E-08
    1.4750000000E+00     1.2669969299E-07
    1.5250000000E+00     1.8784329300E-07
    1.5750000000E+00     2.7712119191E-07
    1.6250000000E+00     4.0681563981E-07
    1.6750000000E+00     5.9426389248E-07
    1.7250000000E+00     8.6380315957E-07
    1.7750000000E+00     1.2494069518E-06
    1.8250000000E+00     1.7982359470E-06
    1.8750000000E+00     2.5753899777E-06
    1.9250000000E+00     3.6702262660E-06
    1.9750000000E+00     5.2047051313E-06
    2.0250000000E+00     7.3443407130E-06
    2.0750000000E+00     1.0312473352E-05
    2.1250000000E+00     1.4408744525E-05
    2.1750000000E+00     2.0032846496E-05
    2.2250000000E+00     2.7714838165E-05
    2.2750000000E+00     3.8153565875E-05
    2.3250000000E+00     5.2265001248E-05
    2.3750000000E+00     7.1242603495E-05
    2.4250000000E+00     9.6632124004E-05
    2.4750000000E+00     1.3042358599E-04
    2.5250000000E+00     1.7516347687E-04
    2.5750000000E+00     2.3409046631E-04
    2.6250000000E+00     3.1129818379E-04
    2.6750000000E+00     4.1192872545E-04
    2.7250000000E+00     5.4240057484E-04
    2.7750000000E+00     7.1067447358E-04
    2.8250000000E+00     9.2656042048E-04
    2.8750000000E+00     1.2020683601E-03
    2.9250000000E+00     1.5518041938E-03
    2.9750000000E+00     1.9934114581E-03
    3.0250000000E+00     2.5480573198E-03
    3.0750000000E+00     3.2409594025E-03
    3.1250000000E+00     4.1019473606E-03
    3.1750000000E+00     5.1660500481E-03
    3.2250000000E+00     6.4740956294E-03
    3.2750000000E+00     8.0733080752E-03
    3.3250000000E+00     1.0017879301E-02
    3.3750000000E+00     1.2369491841E-02
    3.4250000000E+00     1.5197762590E-02
    3.4750000000E+00     1.8580574030E-02
    3.5250000000E+00     2.2604255696E-02
    3.5750000000E+00     2.7363575758E-02
    3.6250000000E+00     3.2961500840E-02
    3.6750000000E+00     3.9508681820E-02
    3.7250000000E+00     4.7122624793E-02
    3.7750000000E+00     5.5926509836E-02
    3.8250000000E+00     6.6047626013E-02
    3.8750000000E+00     7.7615399392E-02
    3.9250000000E+00     9.0759001702E-02
    3.9750000000E+00     1.0560454078E-01
    4.0250000000E+00     1.2227184972E-01
    4.0750000000E+00     1.4087090971E-01
    4.1250000000E+00     1.6149796059E-01
    4.1750000000E+00     1.8423137400E-01
    4.2250000000E+00     2.0912738380E-01
    4.2750000000E+00     2.3621578819E-01
    4.3250000000E+00     2.6549575513E-01
    4.3750000000E+00     2.9693187727E-01
    4.4250000000E+00     3.3045063247E-01
    4.4750000000E+00     3.6593741100E-01
    4.5250000000E+00     4.0323426946E-01
    4.5750000000E+00     4.4213856320E-01
    4.6250000000E+00     4.8240259403E-01
    4.6750000000E+00     5.2373438746E-01
    4.7250000000E+00     5.6579968416E-01
    4.7750000000E+00     6.0822519465E-01
    4.8250000000E+00     6.5060312499E-01
    4.8750000000E+00     6.9249693635E-01
    4.9250000000E+00     7.3344825451E-01
    4.9750000000E+00     7.7298479796E-01
    5.0250000000E+00     8.1062914837E-01
    5.0750000000E+00     8.4590814664E-01
    5.1250000000E+00     8.7836266286E-01
    5.1750000000E+00     9.0755746290E-01
    5.2250000000E+00     9.3309087780E-01
    5.2750000000E+00     9.5460397736E-01
    5.3250000000E+00     9.7178895570E-01
    5.3750000000E+00     9.8439645538E-01
    5.4250000000E+00     9.9224158662E-01
    5.4750000000E+00     9.9520843861E-01
    5.5250000000E+00     9.9325292903E-01
    5.5750000000E+00     9.8640389387E-01
    5.6250000000E+00     9.7476237991E-01
    5.6750000000E+00     9.5849916413E-01
    5.7250000000E+00     9.3785058513E-01
    5.7750000000E+00     9.1311282883E-01
    5.8250000000E+00     8.8463486153E-01
    5.8750000000E+00     8.5281024585E-01
    5.9250000000E+00     8.1806810771E-01
    5.9750000000E+00     7.8086354346E-01
    6.0250000000E+00     7.4166776557E-01
    6.0750000000E+00     7.0095828304E-01
    6.1250000000E+00     6.5920939837E-01
    6.1750000000E+00     6.1688327923E-01
    6.2250000000E+00     5.7442183007E-01
    6.2750000000E+00     5.3223954911E-01
    6.3250000000E+00     4.9071751229E-01
    6.3750000000E+00     4.5019857827E-01
    6.4250000000E+00     4.1098386179E-01
    6.4750000000E+00     3.7333047687E-01
    6.5250000000E+00     3.3745050934E-01
    6.5750000000E+00     3.0351114086E-01
    6.6250000000E+00     2.7163581594E-01
    6.6750000000E+00     2.4190631912E-01
    6.7250000000E+00     2.1436561274E-01
    6.7750000000E+00     1.8902127642E-01
    6.8250000000E+00     1.6584938627E-01
    6.8750000000E+00     1.4479867615E-01
    6.9250000000E+00     1.2579483188E-01
    6.9750000000E+00     1.0874478331E-01
    7.0250000000E+00     9.3540875606E-02
    7.0750000000E+00     8.0064820658E-02
    7.1250000000E+00     6.8191349527E-02
    7.1750000000E+00     5.7791507288E-02
    7.2250000000E+00     4.8735551439E-02
    7.2750000000E+00     4.0895433304E-02
    7.3250000000E+00     3.4146858197E-02
    7.3750000000E+00     2.8370934155E-02
    7.4250000000E+00     2.3455430533E-02
    7.4750000000E+00     1.9295676580E-02
    7.5250000000E+00     1.5795136489E-02
    7.5750000000E+00     1.2865701336E-02
    7.6250000000E+00     1.0427740120E-02
    7.6750000000E+00     8.4099521536E-03
    7.7250000000E+00     6.7490614746E-03
    7.7750000000E+00     5.3893913022E-03
    7.8250000000E+00     4.2823530160E-03
    7.8750000000E+00     3.3858800644E-03
    7.9250000000E+00     2.6638328655E-03
    7.9750000000E+00     2.0853963746E-03
    8.0250000000E+00     1.6244877320E-03
    8.0750000000E+00     1.2591874294E-03
    8.1250000000E+00     9.7120382966E-04
    8.1750000000E+00     7.4537770421E-04
    8.2250000000E+00     5.6923075460E-04
    8.2750000000E+00     4.3255984693E-04
    8.3250000000E+00     3.2707690511E-04
    8.3750000000E+00     2.4609303853E-04
    8.4250000000E+00     1.8424448269E-04
    8.4750000000E+00     1.3725725544E-04
    8.5250000000E+00     1.0174702696E-04
    8.5750000000E+00     7.5050516592E-05
    8.6250000000E+00     5.5084717530E-05
    8.6750000000E+00     4.0230366850E-05
    8.7250000000E+00     2.9236287681E-05
    8.7750000000E+00     2.1141498700E-05
    8.8250000000E+00     1.5212289016E-05
    8.8750000000E+00     1.0891772483E-05
    8.9250000000E+00     7.7597493338E-06
    8.9750000000E+00     5.5010032977E-06
    9.0250000000E+00     3.8804415201E-06
    9.0750000000E+00     2.7237381136E-06
    9.1250000000E+00     1.9023677022E-06
    9.1750000000E+00     1.3221125696E-06
    9.2250000000E+00     9.1429680440E-07
    9.2750000000E+00     6.2914494356E-07
    9.3250000000E+00     4.3078334459E-07
    9.3750000000E+00     2.9350244624E-07
    9.4250000000E+00     1.9897985901E-07
    9.4750000000E+00     1.3423044446E-07
    9.5250000000E+00     9.0102615411E-08
    9.5750000000E+00     6.0182215374E-08
    9.6250000000E+00     3.9998461940E-08
    9.6750000000E+00     2.6452255277E-08
    9.7250000000E+00     1.7407097238E-08
    9.7750000000E+00     1.1398145239E-08
    9.8250000000E+00     7.4265334841E-09
    9.8750000000E+00     4.8148434470E-09
    9.9250000000E+00     3.1061484877E-09
    9.9750000000E+00     1.9939130482E-09
