#t= 1.520000
    2.5000000000E-02     2.3549156956E-02
    7.5000000000E-02     1.9473861654E-02
    1.2500000000E-01     1.6027591979E-02
    1.7500000000E-01     1.3128757530E-02
    2.2500000000E-01     1.0703302516E-02
    2.7500000000E-01     8.6846129432E-03
    3.2500000000E-01     7.0132819726E-03
    3.7500000000E-01     5.6367655330E-03
    4.2500000000E-01     4.5089575781E-03
    4.7500000000E-01     3.5897111954E-03
    5.2500000000E-01     2.8443283046E-03
    5.7500000000E-01     2.2430371296E-03
    6.2500000000E-01     1.7604731303E-03
    6.7500000000E-01     1.3751757679E-03
    7.2500000000E-01     1.0691104294E-03
    7.7500000000E-01     8.2722212204E-04
    8.2500000000E-01     6.3702519055E-04
    8.7500000000E-01     4.8823132396E-04
    9.2500000000E-01     3.7241649936E-04
    9.7500000000E-01     2.8272623076E-04
    1.0250000000E+00     2.1361752739E-04
    1.0750000000E+00     1.6063527841E-04
    1.1250000000E+00     1.2022033074E-04
    1.1750000000E+00     8.9546274886E-05
    1.2250000000E+00     6.6381860937E-05
    1.2750000000E+00     4.8975997781E-05
    1.3250000000E+00     3.5962411736E-05
    1.3750000000E+00     2.6281227738E-05
    1.4250000000E+00     1.9114964328E-05
    1.4750000000E+00     1.3836683713E-05
    1.5250000000E+00     9.9682952577E-06
    1.5750000000E+00     7.1472637505E-06
    1.6250000000E+00     5.1002144766E-06
    1.6750000000E+00     3.6221502787E-06
    1.7250000000E+00     2.5601980572E-06
    1.7750000000E+00     1.8009821833E-06
    1.8250000000E+00     1.2608798472E-06
    1.8750000000E+00     8.7854923556E-07
    1.9250000000E+00     6.0923704486E-07
    1.9750000000E+00     4.2046899606E-07
    2.0250000000E+00     2.8880772943E-07
    2.0750000000E+00     1.9742879183E-07
    2.1250000000E+00     1.3431938281E-07
    2.1750000000E+00     9.0947987729E-08
    2.2250000000E+00     6.1287709752E-08
    2.2750000000E+00     4.1103543906E-08
    2.3250000000E+00     2.7435344275E-08
    2.3750000000E+00     1.8224958811E-08
    2.4250000000E+00     1.2048903527E-08
    2.4750000000E+00     7.9278162214E-09
    2.5250000000E+00     5.1914224488E-09
    2.5750000000E+00     3.3833925285E-09
    2.6250000000E+00     2.1946916830E-09
    2.6750000000E+00     1.4171616861E-09
    2.7250000000E+00     9.1138496852E-10
    2.7750000000E+00     5.8457555666E-10
    2.8250000000E+00     3.7547329509E-10
    2.8750000000E+00     2.4410942026E-10
    2.9250000000E+00     1.6495496212E-10
    2.9750000000E+00     1.2242851668E-10
    3.0250000000E+00     1.0807899342E-10
    3.0750000000E+00     1.1901058965E-10
    3.1250000000E+00     1.5730992475E-10
    3.1750000000E+00     2.3039115917E-10
    3.2250000000E+00     3.5231393322E-10
    3.2750000000E+00     5.4627191431E-10
    3.3250000000E+00     8.4861988386E-10
    3.3750000000E+00     1.3150302903E-09
    3.4250000000E+00     2.0296742125E-09
    3.4750000000E+00     3.1187395336E-09
    3.5250000000E+00     4.7701731772E-09
    3.5750000000E+00     7.2623228488E-09
    3.6250000000E+00     1.1005237356E-08
    3.6750000000E+00     1.6599870986E-08
    3.7250000000E+00     2.4922466994E-08
    3.7750000000E+00     3.7244148375E-08
    3.8250000000E+00     5.5399451691E-08
    3.8750000000E+00     8.2022496342E-08
    3.9250000000E+00     1.2087605999E-07
    3.9750000000E+00     1.7730749812E-07
    4.0250000000E+00     2.5887678011E-07
    4.0750000000E+00     3.7621662308E-07
    4.1250000000E+00     5.4420364338E-07
    4.1750000000E+00     7.8354363184E-07
    4.2250000000E+00     1.1229046900E-06
    4.2750000000E+00     1.6017704216E-06
    4.3250000000E+00     2.2742332246E-06
    4.3750000000E+00     3.2140067055E-06
    4.4250000000E+00     4.5210082235E-06
    4.4750000000E+00     6.3299495145E-06
    4.5250000000E+00     8.8214772116E-06
    4.5750000000E+00     1.2236527699E-05
    4.6250000000E+00     1.6894703663E-05
    4.6750000000E+00     2.3217644005E-05
    4.7250000000E+00     3.1758544735E-05
    4.7750000000E+00     4.3239195321E-05
    4.8250000000E+00     5.8596120489E-05
    4.8750000000E+00     7.9037657551E-05
    4.9250000000E+00     1.0611404759E-04
    4.9750000000E+00     1.4180286596E-04
    5.0250000000E+00     1.8861235128E-04
    5.0750000000E+00     2.4970539568E-04
    5.1250000000E+00     3.2904711329E-04
    5.1750000000E+00     4.3157898308E-04
    5.2250000000E+00     5.6342253884E-04
    5.2750000000E+00     7.3211541982E-04
    5.3250000000E+00     9.4688226541E-04
    5.3750000000E+00     1.2189423974E-03
    5.4250000000E+00     1.5618554462E-03
    5.4750000000E+00     1.9919050051E-03
    5.5250000000E+00     2.5285190074E-03
    5.5750000000E+00     3.1947237858E-03
    5.6250000000E+00     4.0176266824E-03
    5.6750000000E+00     5.0289196266E-03
    5.7250000000E+00     6.2653933031E-03
    5.7750000000E+00     7.7694484432E-03
    5.8250000000E+00     9.5895874496E-03
    5.8750000000E+00     1.1780866105E-02
    5.9250000000E+00     1.4405281659E-02
    5.9750000000E+00     1.7532070274E-02
    6.0250000000E+00     2.1237883870E-02
    6.0750000000E+00     2.5606813985E-02
    6.1250000000E+00     3.0730228737E-02
    6.1750000000E+00     3.6706388373E-02
    6.2250000000E+00     4.3639805738E-02
    6.2750000000E+00     5.1640320275E-02
    6.3250000000E+00     6.0821858240E-02
    6.3750000000E+00     7.1300857832E-02
    6.4250000000E+00     8.3194345868E-02
    6.4750000000E+00     9.6617662654E-02
    6.5250000000E+00     1.1168184360E-01
    6.5750000000E+00     1.2849067970E-01
    6.6250000000E+00     1.4713749404E-01
    6.6750000000E+00     1.6770168738E-01
    6.7250000000E+00     1.9024512201E-01
    6.7750000000E+00     2.1480842925E-01
    6.8250000000E+00     2.4140734062E-01
    6.8750000000E+00     2.7002915548E-01
    6.9250000000E+00     3.0062946864E-01
    6.9750000000E+00     3.3312928721E-01
    7.0250000000E+00     3.6741266902E-01
    7.0750000000E+00     4.0332501163E-01
    7.1250000000E+00     4.4067211317E-01
    7.1750000000E+00     4.7922011231E-01
    7.2250000000E+00     5.1869639535E-01
    7.2750000000E+00     5.5879153365E-01
    7.3250000000E+00     5.9916228499E-01
    7.3750000000E+00     6.3943565913E-01
    7.4250000000E+00     6.7921401154E-01
    7.4750000000E+00     7.1808109170E-01
    7.5250000000E+00     7.5560893464E-01
    7.5750000000E+00     7.9136544902E-01
    7.6250000000E+00     8.2492252230E-01
    7.6750000000E+00     8.5586443647E-01
    7.7250000000E+00     8.8379636699E-01
    7.7750000000E+00     9.0835272443E-01
    7.8250000000E+00     9.2920509382E-01
    7.8750000000E+00     9.4606953163E-01
    7.9250000000E+00     9.5871299394E-01
    7.9750000000E+00     9.6695869271E-01
    8.0250000000E+00     9.7069020818E-01
    8.0750000000E+00     9.6985422356E-01
    8.1250000000E+00     9.6446179241E-01
    8.1750000000E+00     9.5458809650E-01
    8.2250000000E+00     9.4037070157E-01
    8.2750000000E+00     9.2200636753E-01
    8.3250000000E+00     8.9974651656E-01
    8.3750000000E+00     8.7389150492E-01
    8.4250000000E+00     8.4478388104E-01
    8.4750000000E+00     8.1280084123E-01
    8.5250000000E+00     7.7834611510E-01
    8.5750000000E+00     7.4184152396E-01
    8.6250000000E+00     7.0371845778E-01
    8.6750000000E+00     6.6440950884E-01
    8.7250000000E+00     6.2434048506E-01
    8.7750000000E+00     5.8392300284E-01
    8.8250000000E+00     5.4354783016E-01
    8.8750000000E+00     5.0357911699E-01
    8.9250000000E+00     4.6434961338E-01
    8.9750000000E+00     4.2615693753E-01
    9.0250000000E+00     3.8926091866E-01
    9.0750000000E+00     3.5388200334E-01
    9.1250000000E+00     3.2020068182E-01
    9.1750000000E+00     2.8835786186E-01
    9.2250000000E+00     2.5845609475E-01
    9.2750000000E+00     2.3056153993E-01
    9.3250000000E+00     2.0470654271E-01
    9.3750000000E+00     1.8089269300E-01
    9.4250000000E+00     1.5909423206E-01
    9.4750000000E+00     1.3926167779E-01
    9.5250000000E+00     1.2132554708E-01
    9.5750000000E+00     1.0520006516E-01
    9.6250000000E+00     9.0786765504E-02
    9.6750000000E+00     7.7977899355E-02
    9.7250000000E+00     6.6659590571E-02
    9.7750000000E+00     5.6714687544E-02
    9.8250000000E+00     4.8025280130E-02
    9.8750000000E+00     4.0474864213E-02
    9.9250000000E+00     3.3950149776E-02
    9.9750000000E+00     2.8342519829E-02
