#t= 1.160000
    2.5000000000E-02     1.0000000000E+00
    7.5000000000E-02     1.0000000000E+00
    1.2500000000E-01     1.0000000000E+00
    1.7500000000E-01     1.0000000000E+00
    2.2500000000E-01     1.0000000000E+00
    2.7500000000E-01     1.0000000000E+00
    3.2500000000E-01     1.0000000000E+00
    3.7500000000E-01     1.0000000000E+00
    4.2500000000E-01     1.0000000000E+00
    4.7500000000E-01     1.0000000000E+00
    5.2500000000E-01     1.0000000000E+00
    5.7500000000E-01     1.0000000000E+00
    6.2500000000E-01     1.0000000000E+00
    6.7500000000E-01     1.0000000000E+00
    7.2500000000E-01     1.0000000000E+00
    7.7500000000E-01     1.0000000000E+00
    8.2500000000E-01     1.0000000000E+00
    8.7500000000E-01     1.0000000000E+00
    9.2500000000E-01     1.0000000000E+00
    9.7500000000E-01     1.0000000000E+00
    1.0250000000E+00     1.0000000000E+00
    1.0750000000E+00     1.0000000000E+00
    1.1250000000E+00     1.0000000000E+00
    1.1750000000E+00     9.9999999998E-01
    1.2250000000E+00     9.9999999988E-01
    1.2750000000E+00     9.9999999932E-01
    1.3250000000E+00     9.9999999652E-01
    1.3750000000E+00     9.9999998321E-01
    1.4250000000E+00     9.9999992433E-01
    1.4750000000E+00     9.9999968090E-01
    1.5250000000E+00     9.9999874049E-01
    1.5750000000E+00     9.9999534636E-01
    1.6250000000E+00     9.9998390427E-01
    1.6750000000E+00     9.9994789098E-01
    1.7250000000E+00     9.9984212536E-01
    1.7750000000E+00     9.9955251479E-01
    1.8250000000E+00     9.9881384402E-01
    1.8750000000E+00     9.9706101616E-01
    1.9250000000E+00     9.9319680664E-01
    1.9750000000E+00     9.8529587618E-01
    2.0250000000E+00     9.7034322795E-01
    2.0750000000E+00     9.4421298837E-01
    2.1250000000E+00     9.0216772314E-01
    2.1750000000E+00     8.4008837281E-01
    2.2250000000E+00     7.5633546930E-01
    2.2750000000E+00     6.5363937365E-01
    2.3250000000E+00     5.3999896056E-01
    2.3750000000E+00     4.2765216983E-01
    2.4250000000E+00     3.2999453275E-01
    2.4750000000E+00     2.5754442715E-01
    2.5250000000E+00     2.1485568644E-01
    2.5750000000E+00     1.9991932976E-01
    2.6250000000E+00     2.0616848626E-01
    2.6750000000E+00     2.2571714537E-01
    2.7250000000E+00     2.5202539618E-01
    2.7750000000E+00     2.8098081200E-01
    2.8250000000E+00     3.1058830940E-01
    2.8750000000E+00     3.4010642505E-01
    2.9250000000E+00     3.6932180815E-01
    2.9750000000E+00     3.9817514735E-01
    3.0250000000E+00     4.2663553575E-01
    3.0750000000E+00     4.5467488639E-01
    3.1250000000E+00     4.8226552780E-01
    3.1750000000E+00     5.0938023136E-01
    3.2250000000E+00     5.3599223814E-01
    3.2750000000E+00     5.6207528528E-01
    3.3250000000E+00     5.8760363198E-01
    3.3750000000E+00     6.1255208484E-01
    3.4250000000E+00     6.3689602274E-01
    3.4750000000E+00     6.6061142117E-01
    3.5250000000E+00     6.8367487587E-01
    3.5750000000E+00     7.0606362602E-01
    3.6250000000E+00     7.2775557661E-01
    3.6750000000E+00     7.4872932031E-01
    3.7250000000E+00     7.6896415856E-01
    3.7750000000E+00     7.8844012203E-01
    3.8250000000E+00     8.0713799029E-01
    3.8750000000E+00     8.2503931080E-01
    3.9250000000E+00     8.4212641711E-01
    3.9750000000E+00     8.5838244633E-01
    4.0250000000E+00     8.7379135570E-01
    4.0750000000E+00     8.8833793850E-01
    4.1250000000E+00     9.0200783901E-01
    4.1750000000E+00     9.1478756667E-01
    4.2250000000E+00     9.2666450946E-01
    4.2750000000E+00     9.3762694625E-01
    4.3250000000E+00     9.4766405844E-01
    4.3750000000E+00     9.5676594063E-01
    4.4250000000E+00     9.6492361034E-01
    4.4750000000E+00     9.7212901694E-01
    4.5250000000E+00     9.7837504957E-01
    4.5750000000E+00     9.8365554415E-01
    4.6250000000E+00     9.8796528946E-01
    4.6750000000E+00     9.9130003231E-01
    4.7250000000E+00     9.9365648172E-01
    4.7750000000E+00     9.9503231213E-01
    4.8250000000E+00     9.9542616579E-01
    4.8750000000E+00     9.9483765401E-01
    4.9250000000E+00     9.9326735756E-01
    4.9750000000E+00     9.9071682615E-01
    5.0250000000E+00     9.8718857685E-01
    5.0750000000E+00     9.8268609160E-01
    5.1250000000E+00     9.7721381383E-01
    5.1750000000E+00     9.7077714400E-01
    5.2250000000E+00     9.6338243433E-01
    5.2750000000E+00     9.5503698251E-01
    5.3250000000E+00     9.4574902449E-01
    5.3750000000E+00     9.3552772637E-01
    5.4250000000E+00     9.2438317533E-01
    5.4750000000E+00     9.1232636969E-01
    5.5250000000E+00     8.9936920808E-01
    5.5750000000E+00     8.8552447764E-01
    5.6250000000E+00     8.7080584145E-01
    5.6750000000E+00     8.5522782503E-01
    5.7250000000E+00     8.3880580200E-01
    5.7750000000E+00     8.2155597891E-01
    5.8250000000E+00     8.0349537926E-01
    5.8750000000E+00     7.8464182667E-01
    5.9250000000E+00     7.6501392734E-01
    5.9750000000E+00     7.4463105162E-01
    6.0250000000E+00     7.2351331495E-01
    6.0750000000E+00     7.0168155799E-01
    6.1250000000E+00     6.7915732605E-01
    6.1750000000E+00     6.5596284782E-01
    6.2250000000E+00     6.3212101346E-01
    6.2750000000E+00     6.0765535197E-01
    6.3250000000E+00     5.8259000801E-01
    6.3750000000E+00     5.5694971806E-01
    6.4250000000E+00     5.3075978597E-01
    6.4750000000E+00     5.0404605806E-01
    6.5250000000E+00     4.7683489754E-01
    6.5750000000E+00     4.4915315854E-01
    6.6250000000E+00     4.2102815960E-01
    6.6750000000E+00     3.9248765670E-01
    6.7250000000E+00     3.6355981587E-01
    6.7750000000E+00     3.3427318540E-01
    6.8250000000E+00     3.0465666765E-01
    6.8750000000E+00     2.7473949054E-01
    6.9250000000E+00     2.4455117874E-01
    6.9750000000E+00     2.1412152444E-01
    7.0250000000E+00     1.8348055805E-01
    7.0750000000E+00     1.5265851850E-01
    7.1250000000E+00     1.2168582342E-01
    7.1750000000E+00     9.0593039129E-02
    7.2250000000E+00     5.9410850444E-02
    7.2750000000E+00     2.8170030422E-02
    7.3250000000E+00    -3.0985900193E-03
    7.3750000000E+00    -3.4364152526E-02
    7.4250000000E+00    -6.5595801763E-02
    7.4750000000E+00    -9.6762715863E-02
    7.5250000000E+00    -1.2783413684E-01
    7.5750000000E+00    -1.5877940097E-01
    7.6250000000E+00    -1.8956796899E-01
    7.6750000000E+00    -2.2016945632E-01
    7.7250000000E+00    -2.5055366297E-01
    7.7750000000E+00    -2.8069060340E-01
    7.8250000000E+00    -3.1055053610E-01
    7.8750000000E+00    -3.4010399292E-01
    7.9250000000E+00    -3.6932180815E-01
    7.9750000000E+00    -3.9817514735E-01
    8.0250000000E+00    -4.2663553575E-01
    8.0750000000E+00    -4.5467488639E-01
    8.1250000000E+00    -4.8226552780E-01
    8.1750000000E+00    -5.0938023136E-01
    8.2250000000E+00    -5.3599223814E-01
    8.2750000000E+00    -5.6207528528E-01
    8.3250000000E+00    -5.8760363198E-01
    8.3750000000E+00    -6.1255208484E-01
    8.4250000000E+00    -6.3689602274E-01
    8.4750000000E+00    -6.6061142117E-01
    8.5250000000E+00    -6.8367487587E-01
    8.5750000000E+00    -7.0606362602E-01
    8.6250000000E+00    -7.2775557661E-01
    8.6750000000E+00    -7.4872932031E-01
    8.7250000000E+00    -7.6896415856E-01
    8.7750000000E+00    -7.8844012203E-01
    8.8250000000E+00    -8.0713799029E-01
    8.8750000000E+00    -8.2503931080E-01
    8.9250000000E+00    -8.4212641711E-01
    8.9750000000E+00    -8.5838244633E-01
    9.0250000000E+00    -8.7379135570E-01
    9.0750000000E+00    -8.8833793850E-01
    9.1250000000E+00    -9.0200783901E-01
    9.1750000000E+00    -9.1478756667E-01
    9.2250000000E+00    -9.2666450946E-01
    9.2750000000E+00    -9.3762694625E-01
    9.3250000000E+00    -9.4766405844E-01
    9.3750000000E+00    -9.5676594063E-01
    9.4250000000E+00    -9.6492361034E-01
    9.4750000000E+00    -9.7212901694E-01
    9.5250000000E+00    -9.7837504957E-01
    9.5750000000E+00    -9.8365554415E-01
    9.6250000000E+00    -9.8796528946E-01
    9.6750000000E+00    -9.9130003231E-01
    9.7250000000E+00    -9.9365648172E-01
    9.7750000000E+00    -9.9503231213E-01
    9.8250000000E+00    -9.9542616579E-01
    9.8750000000E+00    -9.9483765401E-01
    9.9250000000E+00    -9.9326735756E-01
    9.9750000000E+00    -9.9071682615E-01
