#t= 4.280000
    2.5000000000E-02     2.3253043643E-05
    7.5000000000E-02     3.1263965609E-05
    1.2500000000E-01     4.1860147690E-05
    1.7500000000E-01     5.5814784623E-05
    2.2500000000E-01     7.4112066739E-05
    2.7500000000E-01     9.7998434485E-05
    3.2500000000E-01     1.2904442901E-04
    3.7500000000E-01     1.6921881794E-04
    4.2500000000E-01     2.2097680607E-04
    4.7500000000E-01     2.8736424365E-04
    5.2500000000E-01     3.7213980667E-04
    5.7500000000E-01     4.7991712811E-04
    6.2500000000E-01     6.1632878962E-04
    6.7500000000E-01     7.8821391869E-04
    7.2500000000E-01     1.0038308567E-03
    7.7500000000E-01     1.2730959463E-03
    8.2500000000E-01     1.6078489112E-03
    8.7500000000E-01     2.0221445448E-03
    9.2500000000E-01     2.5325694748E-03
    9.7500000000E-01     3.1585816078E-03
    1.0250000000E+00     3.9228684827E-03
    1.0750000000E+00     4.8517191701E-03
    1.1250000000E+00     5.9754025643E-03
    1.1750000000E+00     7.3285429488E-03
    1.2250000000E+00     8.9504816117E-03
    1.2750000000E+00     1.0885611110E-02
    1.3250000000E+00     1.3183666591E-02
    1.3750000000E+00     1.5899956478E-02
    1.4250000000E+00     1.9095512919E-02
    1.4750000000E+00     2.2837140797E-02
    1.5250000000E+00     2.7197342945E-02
    1.5750000000E+00     3.2254098677E-02
    1.6250000000E+00     3.8090472878E-02
    1.6750000000E+00     4.4794033984E-02
    1.7250000000E+00     5.2456061217E-02
    1.7750000000E+00     6.1170524581E-02
    1.8250000000E+00     7.1032825485E-02
    1.8750000000E+00     8.2138291378E-02
    1.9250000000E+00     9.4580424540E-02
    1.9750000000E+00     1.0844891303E-01
    2.0250000000E+00     1.2382742064E-01
    2.0750000000E+00     1.4079118236E-01
    2.1250000000E+00     1.5940444195E-01
    2.1750000000E+00     1.7971777863E-01
    2.2250000000E+00     2.0176537986E-01
    2.2750000000E+00     2.2556232679E-01
    2.3250000000E+00     2.5110196708E-01
    2.3750000000E+00     2.7835345672E-01
    2.4250000000E+00     3.0725955676E-01
    2.4750000000E+00     3.3773477336E-01
    2.5250000000E+00     3.6966392822E-01
    2.5750000000E+00     4.0290124294E-01
    2.6250000000E+00     4.3727001303E-01
    2.6750000000E+00     4.7256293660E-01
    2.7250000000E+00     5.0854314860E-01
    2.7750000000E+00     5.4494599407E-01
    2.8250000000E+00     5.8148155388E-01
    2.8750000000E+00     6.1783791456E-01
    2.9250000000E+00     6.5368514992E-01
    2.9750000000E+00     6.8867995853E-01
    3.0250000000E+00     7.2247087690E-01
    3.0750000000E+00     7.5470396614E-01
    3.1250000000E+00     7.8502884906E-01
    3.1750000000E+00     8.1310495824E-01
    3.2250000000E+00     8.3860784176E-01
    3.2750000000E+00     8.6123536544E-01
    3.3250000000E+00     8.8071364680E-01
    3.3750000000E+00     8.9680255871E-01
    3.4250000000E+00     9.0930064830E-01
    3.4750000000E+00     9.1804933069E-01
    3.5250000000E+00     9.2293623558E-01
    3.5750000000E+00     9.2389760792E-01
    3.6250000000E+00     9.2091969117E-01
    3.6750000000E+00     9.1403905109E-01
    3.7250000000E+00     9.0334182964E-01
    3.7750000000E+00     8.8896195008E-01
    3.8250000000E+00     8.7107832568E-01
    3.8750000000E+00     8.4991115333E-01
    3.9250000000E+00     8.2571739951E-01
    3.9750000000E+00     7.9878560793E-01
    4.0250000000E+00     7.6943017562E-01
    4.0750000000E+00     7.3798525609E-01
    4.1250000000E+00     7.0479845450E-01
    4.1750000000E+00     6.7022448032E-01
    4.2250000000E+00     6.3461891814E-01
    4.2750000000E+00     5.9833226705E-01
    4.3250000000E+00     5.6170438433E-01
    4.3750000000E+00     5.2505945075E-01
    4.4250000000E+00     4.8870155338E-01
    4.4750000000E+00     4.5291095827E-01
    4.5250000000E+00     4.1794112108E-01
    4.5750000000E+00     3.8401645927E-01
    4.6250000000E+00     3.5133088588E-01
    4.6750000000E+00     3.2004708312E-01
    4.7250000000E+00     2.9029647437E-01
    4.7750000000E+00     2.6217983675E-01
    4.8250000000E+00     2.3576848302E-01
    4.8750000000E+00     2.1110593161E-01
    4.9250000000E+00     1.8820997756E-01
    4.9750000000E+00     1.6707507402E-01
    5.0250000000E+00     1.4767493439E-01
    5.0750000000E+00     1.2996526850E-01
    5.1250000000E+00     1.1388657166E-01
    5.1750000000E+00     9.9366893314E-02
    5.2250000000E+00     8.6324520963E-02
    5.2750000000E+00     7.4670525232E-02
    5.3250000000E+00     6.4311122578E-02
    5.3750000000E+00     5.5149822719E-02
    5.4250000000E+00     4.7089338293E-02
    5.4750000000E+00     4.0033243845E-02
    5.5250000000E+00     3.3887380069E-02
    5.5750000000E+00     2.8561006822E-02
    5.6250000000E+00     2.3967714899E-02
    5.6750000000E+00     2.0026111719E-02
    5.7250000000E+00     1.6660299964E-02
    5.7750000000E+00     1.3800170918E-02
    5.8250000000E+00     1.1381535843E-02
    5.8750000000E+00     9.3461193210E-03
    5.9250000000E+00     7.6414382385E-03
    5.9750000000E+00     6.2205891365E-03
    6.0250000000E+00     5.0419651710E-03
    6.0750000000E+00     4.0689220278E-03
    6.1250000000E+00     3.2694099912E-03
    6.1750000000E+00     2.6155870830E-03
    6.2250000000E+00     2.0834258676E-03
    6.2750000000E+00     1.6523242571E-03
    6.3250000000E+00     1.3047285109E-03
    6.3750000000E+00     1.0257746526E-03
    6.4250000000E+00     8.0295276734E-04
    6.4750000000E+00     6.2579710484E-04
    6.5250000000E+00     4.8560360645E-04
    6.5750000000E+00     3.7517539621E-04
    6.6250000000E+00     2.8859591396E-04
    6.6750000000E+00     2.2102870379E-04
    6.7250000000E+00     1.6854238524E-04
    6.7750000000E+00     1.2795900204E-04
    6.8250000000E+00     9.6723742408E-05
    6.8750000000E+00     7.2793930167E-05
    6.9250000000E+00     5.4545177805E-05
    6.9750000000E+00     4.0692649138E-05
    7.0250000000E+00     3.0225483989E-05
    7.0750000000E+00     2.2352574534E-05
    7.1250000000E+00     1.6458040163E-05
    7.1750000000E+00     1.2064914611E-05
    7.2250000000E+00     8.8057275960E-06
    7.2750000000E+00     6.3988273203E-06
    7.3250000000E+00     4.6294454947E-06
    7.3750000000E+00     3.3346502655E-06
    7.4250000000E+00     2.3914628193E-06
    7.4750000000E+00     1.7075297929E-06
    7.5250000000E+00     1.2138459009E-06
    7.5750000000E+00     8.5910990715E-07
    7.6250000000E+00     6.0537308169E-07
    7.6750000000E+00     4.2470366549E-07
    7.7250000000E+00     2.9664483644E-07
    7.7750000000E+00     2.0628844739E-07
    7.8250000000E+00     1.4282361842E-07
    7.8750000000E+00     9.8449249361E-08
    7.9250000000E+00     6.7563734043E-08
    7.9750000000E+00     4.6164551173E-08
    8.0250000000E+00     3.1405814705E-08
    8.0750000000E+00     2.1274013592E-08
    8.1250000000E+00     1.4351675234E-08
    8.1750000000E+00     9.6460703059E-09
    8.2250000000E+00     6.4657725301E-09
    8.2750000000E+00     4.3322524967E-09
    8.3250000000E+00     2.9170107178E-09
    8.3750000000E+00     1.9972768085E-09
    8.4250000000E+00     1.4252074706E-09
    8.4750000000E+00     1.1069563085E-09
    8.5250000000E+00     9.8908336831E-10
    8.5750000000E+00     1.0506177597E-09
    8.6250000000E+00     1.2997608043E-09
    8.6750000000E+00     1.7747849536E-09
    8.7250000000E+00     2.5492019404E-09
    8.7750000000E+00     3.7417948283E-09
    8.8250000000E+00     5.5326851433E-09
    8.8750000000E+00     8.1872941927E-09
    8.9250000000E+00     1.2090920841E-08
    8.9750000000E+00     1.7797772377E-08
    9.0250000000E+00     2.6099743470E-08
    9.0750000000E+00     3.8122155661E-08
    9.1250000000E+00     5.5456189534E-08
    9.1750000000E+00     8.0341042084E-08
    9.2250000000E+00     1.1591314363E-07
    9.2750000000E+00     1.6654534377E-07
    9.3250000000E+00     2.3830615609E-07
    9.3750000000E+00     3.3957833709E-07
    9.4250000000E+00     4.8188774592E-07
    9.4750000000E+00     6.8100815304E-07
    9.5250000000E+00     9.5842609916E-07
    9.5750000000E+00     1.3432728083E-06
    9.6250000000E+00     1.8748583884E-06
    9.6750000000E+00     2.6059780624E-06
    9.7250000000E+00     3.6072019883E-06
    9.7750000000E+00     4.9724104495E-06
    9.8250000000E+00     6.8258959178E-06
    9.8750000000E+00     9.3314238103E-06
    9.9250000000E+00     1.2703725638E-05
    9.9750000000E+00     1.7222992467E-05
