#t= 8.360000
    2.5000000000E-02     1.0094671466E-01
    7.5000000000E-02     1.1430346795E-01
    1.2500000000E-01     1.2895223462E-01
    1.7500000000E-01     1.4494382389E-01
    2.2500000000E-01     1.6231963633E-01
    2.7500000000E-01     1.8110983608E-01
    3.2500000000E-01     2.0133151818E-01
    3.7500000000E-01     2.2298691365E-01
    4.2500000000E-01     2.4606167896E-01
    4.7500000000E-01     2.7052331930E-01
    5.2500000000E-01     2.9631979753E-01
    5.7500000000E-01     3.2337838049E-01
    6.2500000000E-01     3.5160477385E-01
    6.7500000000E-01     3.8088259348E-01
    7.2500000000E-01     4.1107321697E-01
    7.7500000000E-01     4.4201605252E-01
    8.2500000000E-01     4.7352925450E-01
    8.7500000000E-01     5.0541090515E-01
    9.2500000000E-01     5.3744067092E-01
    9.7500000000E-01     5.6938193008E-01
    1.0250000000E+00     6.0098435480E-01
    1.0750000000E+00     6.3198691805E-01
    1.1250000000E+00     6.6212128216E-01
    1.1750000000E+00     6.9111551312E-01
    1.2250000000E+00     7.1869805300E-01
    1.2750000000E+00     7.4460187236E-01
    1.3250000000E+00     7.6856871614E-01
    1.3750000000E+00     7.9035335013E-01
    1.4250000000E+00     8.0972771143E-01
    1.4750000000E+00     8.2648486547E-01
    1.5250000000E+00     8.4044267394E-01
    1.5750000000E+00     8.5144708311E-01
    1.6250000000E+00     8.5937494970E-01
    1.6750000000E+00     8.6413633184E-01
    1.7250000000E+00     8.6567618582E-01
    1.7750000000E+00     8.6397542365E-01
    1.8250000000E+00     8.5905130327E-01
    1.8750000000E+00     8.5095714028E-01
    1.9250000000E+00     8.3978134776E-01
    1.9750000000E+00     8.2564582847E-01
    2.0250000000E+00     8.0870376016E-01
    2.0750000000E+00     7.8913683046E-01
    2.1250000000E+00     7.6715199100E-01
    2.1750000000E+00     7.4297781212E-01
    2.2250000000E+00     7.1686052781E-01
    2.2750000000E+00     6.8905986664E-01
    2.3250000000E+00     6.5984476723E-01
    2.3750000000E+00     6.2948907666E-01
    2.4250000000E+00     5.9826732728E-01
    2.4750000000E+00     5.6645068160E-01
    2.5250000000E+00     5.3430312691E-01
    2.5750000000E+00     5.0207799115E-01
    2.6250000000E+00     4.7001483977E-01
    2.6750000000E+00     4.3833680051E-01
    2.7250000000E+00     4.0724834925E-01
    2.7750000000E+00     3.7693357677E-01
    2.8250000000E+00     3.4755494236E-01
    2.8750000000E+00     3.1925250774E-01
    2.9250000000E+00     2.9214363300E-01
    2.9750000000E+00     2.6632310583E-01
    3.0250000000E+00     2.4186366686E-01
    3.0750000000E+00     2.1881688668E-01
    3.1250000000E+00     1.9721434518E-01
    3.1750000000E+00     1.7706906073E-01
    3.2250000000E+00     1.5837711488E-01
    3.2750000000E+00     1.4111941894E-01
    3.3250000000E+00     1.2526357038E-01
    3.3750000000E+00     1.1076574980E-01
    3.4250000000E+00     9.7572613893E-02
    3.4750000000E+00     8.5623144326E-02
    3.5250000000E+00     7.4850418265E-02
    3.5750000000E+00     6.5183272117E-02
    3.6250000000E+00     5.6547836078E-02
    3.6750000000E+00     4.8868923027E-02
    3.7250000000E+00     4.2071260933E-02
    3.7750000000E+00     3.6080563230E-02
    3.8250000000E+00     3.0824436302E-02
    3.8750000000E+00     2.6233127369E-02
    3.9250000000E+00     2.2240119486E-02
    3.9750000000E+00     1.8782583190E-02
    4.0250000000E+00     1.5801696442E-02
    4.0750000000E+00     1.3242845971E-02
    4.1250000000E+00     1.1055724069E-02
    4.1750000000E+00     9.1943352132E-03
    4.2250000000E+00     7.6169268338E-03
    4.2750000000E+00     6.2858580562E-03
    4.3250000000E+00     5.1674194791E-03
    4.3750000000E+00     4.2316160381E-03
    4.4250000000E+00     3.4519238327E-03
    4.4750000000E+00     2.8050305270E-03
    4.5250000000E+00     2.2705676240E-03
    4.5750000000E+00     1.8308416089E-03
    4.6250000000E+00     1.4705696981E-03
    4.6750000000E+00     1.1766247487E-03
    4.7250000000E+00     9.3779279687E-04
    4.7750000000E+00     7.4454572360E-04
    4.8250000000E+00     5.8883069429E-04
    4.8750000000E+00     4.6387729080E-04
    4.9250000000E+00     3.6402264870E-04
    4.9750000000E+00     2.8455442087E-04
    5.0250000000E+00     2.2157100308E-04
    5.0750000000E+00     1.7185816898E-04
    5.1250000000E+00     1.3278105708E-04
    5.1750000000E+00     1.0219032066E-04
    5.2250000000E+00     7.8341180991E-05
    5.2750000000E+00     5.9824102446E-05
    5.3250000000E+00     4.5505826425E-05
    5.3750000000E+00     3.4479548416E-05
    5.4250000000E+00     2.6023091724E-05
    5.4750000000E+00     1.9564014999E-05
    5.5250000000E+00     1.4650682769E-05
    5.5750000000E+00     1.0928424055E-05
    5.6250000000E+00     8.1199999465E-06
    5.6750000000E+00     6.0096939457E-06
    5.7250000000E+00     4.4304268849E-06
    5.7750000000E+00     3.2533798708E-06
    5.8250000000E+00     2.3796832268E-06
    5.8750000000E+00     1.7337963724E-06
    5.9250000000E+00     1.2582629866E-06
    5.9750000000E+00     9.0957785907E-07
    6.0250000000E+00     6.5494695589E-07
    6.0750000000E+00     4.6976092933E-07
    6.1250000000E+00     3.3563519279E-07
    6.1750000000E+00     2.3889737272E-07
    6.2250000000E+00     1.6942607330E-07
    6.2750000000E+00     1.1976404075E-07
    6.3250000000E+00     8.4444558470E-08
    6.3750000000E+00     5.9482756798E-08
    6.4250000000E+00     4.1993947144E-08
    6.4750000000E+00     2.9909503027E-08
    6.5250000000E+00     2.1767571365E-08
    6.5750000000E+00     1.6561321379E-08
    6.6250000000E+00     1.3631797175E-08
    6.6750000000E+00     1.2595967837E-08
    6.7250000000E+00     1.3303468242E-08
    6.7750000000E+00     1.5817971676E-08
    6.8250000000E+00     2.0421288845E-08
    6.8750000000E+00     2.7640290402E-08
    6.9250000000E+00     3.8298737224E-08
    6.9750000000E+00     5.3598207607E-08
    7.0250000000E+00     7.5234670157E-08
    7.0750000000E+00     1.0556001135E-07
    7.1250000000E+00     1.4780114769E-07
    7.1750000000E+00     2.0635341461E-07
    7.2250000000E+00     2.8716993279E-07
    7.2750000000E+00     3.9827484312E-07
    7.3250000000E+00     5.5043594385E-07
    7.3750000000E+00     7.5804166561E-07
    7.4250000000E+00     1.0402388326E-06
    7.4750000000E+00     1.4224016709E-06
    7.5250000000E+00     1.9380194747E-06
    7.5750000000E+00     2.6311106940E-06
    7.6250000000E+00     3.5592954769E-06
    7.6750000000E+00     4.7976873899E-06
    7.7250000000E+00     6.4437987018E-06
    7.7750000000E+00     8.6236927280E-06
    7.8250000000E+00     1.1499661768E-05
    7.8750000000E+00     1.5279760480E-05
    7.9250000000E+00     2.0229582343E-05
    7.9750000000E+00     2.6686731207E-05
    8.0250000000E+00     3.5078510528E-05
    8.0750000000E+00     4.5943429201E-05
    8.1250000000E+00     5.9957203866E-05
    8.1750000000E+00     7.7964021616E-05
    8.2250000000E+00     1.0101391201E-04
    8.2750000000E+00     1.3040716026E-04
    8.3250000000E+00     1.6774677055E-04
    8.3750000000E+00     2.1500005540E-04
    8.4250000000E+00     2.7457047735E-04
    8.4750000000E+00     3.4938089743E-04
    8.5250000000E+00     4.4296938234E-04
    8.5750000000E+00     5.5959868070E-04
    8.6250000000E+00     7.0438038910E-04
    8.6750000000E+00     8.8341468007E-04
    8.7250000000E+00     1.1039462469E-03
    8.7750000000E+00     1.3745368239E-03
    8.8250000000E+00     1.7052542548E-03
    8.8750000000E+00     2.1078775984E-03
    8.9250000000E+00     2.5961171726E-03
    8.9750000000E+00     3.1858477392E-03
    9.0250000000E+00     3.8953522257E-03
    9.0750000000E+00     4.7455724614E-03
    9.1250000000E+00     5.7603623952E-03
    9.1750000000E+00     6.9667381601E-03
    9.2250000000E+00     8.3951181890E-03
    9.2750000000E+00     1.0079545388E-02
    9.3250000000E+00     1.2057882178E-02
    9.3750000000E+00     1.4371968058E-02
    9.4250000000E+00     1.7067728304E-02
    9.4750000000E+00     2.0195221484E-02
    9.5250000000E+00     2.3808612832E-02
    9.5750000000E+00     2.7966060067E-02
    9.6250000000E+00     3.2729498265E-02
    9.6750000000E+00     3.8164310705E-02
    9.7250000000E+00     4.4338873529E-02
    9.7750000000E+00     5.1323963431E-02
    9.8250000000E+00     5.9192019595E-02
    9.8750000000E+00     6.8016253717E-02
    9.9250000000E+00     7.7869605170E-02
    9.9750000000E+00     8.8823542228E-02
