#t= 4.200000
    2.5000000000E-02     5.7577287063E-05
    7.5000000000E-02     7.6451154801E-05
    1.2500000000E-01     1.0108850749E-04
    1.7500000000E-01     1.3310788243E-04
    2.2500000000E-01     1.7453775723E-04
    2.7500000000E-01     2.2790717848E-04
    3.2500000000E-01     2.9635276507E-04
    3.7500000000E-01     3.8374408665E-04
    4.2500000000E-01     4.9482941529E-04
    4.7500000000E-01     6.3540376776E-04
    5.2500000000E-01     8.1250097713E-04
    5.7500000000E-01     1.0346112344E-03
    6.2500000000E-01     1.3119251003E-03
    6.7500000000E-01     1.6566043843E-03
    7.2500000000E-01     2.0830794985E-03
    7.7500000000E-01     2.6083719073E-03
    8.2500000000E-01     3.2524390880E-03
    8.7500000000E-01     4.0385379987E-03
    9.2500000000E-01     4.9936014109E-03
    9.7500000000E-01     6.1486196252E-03
    1.0250000000E+00     7.5390180782E-03
    1.0750000000E+00     9.2050192038E-03
    1.1250000000E+00     1.1191974699E-02
    1.1750000000E+00     1.3550652137E-02
    1.2250000000E+00     1.6337457752E-02
    1.2750000000E+00     1.9614575335E-02
    1.3250000000E+00     2.3449999605E-02
    1.3750000000E+00     2.7917441336E-02
    1.4250000000E+00     3.3096081047E-02
    1.4750000000E+00     3.9070148364E-02
    1.5250000000E+00     4.5928305360E-02
    1.5750000000E+00     5.3762814398E-02
    1.6250000000E+00     6.2668474403E-02
    1.6750000000E+00     7.2741313997E-02
    1.7250000000E+00     8.4077035809E-02
    1.7750000000E+00     9.6769213194E-02
    1.8250000000E+00     1.1090724880E-01
    1.8750000000E+00     1.2657411343E-01
    1.9250000000E+00     1.4384389366E-01
    1.9750000000E+00     1.6277918675E-01
    2.0250000000E+00     1.8342839211E-01
    2.0750000000E+00     2.0582295850E-01
    2.1250000000E+00     2.2997465570E-01
    2.1750000000E+00     2.5587294750E-01
    2.2250000000E+00     2.8348254932E-01
    2.2750000000E+00     3.1274125809E-01
    2.3250000000E+00     3.4355814362E-01
    2.3750000000E+00     3.7581218921E-01
    2.4250000000E+00     4.0935146486E-01
    2.4750000000E+00     4.4399290804E-01
    2.5250000000E+00     4.7952277555E-01
    2.5750000000E+00     5.1569781504E-01
    2.6250000000E+00     5.5224718656E-01
    2.6750000000E+00     5.8887514428E-01
    2.7250000000E+00     6.2526446522E-01
    2.7750000000E+00     6.6108058855E-01
    2.8250000000E+00     6.9597640392E-01
    2.8750000000E+00     7.2959760399E-01
    2.9250000000E+00     7.6158849348E-01
    2.9750000000E+00     7.9159812712E-01
    3.0250000000E+00     8.1928663245E-01
    3.0750000000E+00     8.4433156069E-01
    3.1250000000E+00     8.6643410153E-01
    3.1750000000E+00     8.8532499542E-01
    3.2250000000E+00     9.0076998053E-01
    3.2750000000E+00     9.1257462052E-01
    3.3250000000E+00     9.2058837451E-01
    3.3750000000E+00     9.2470778999E-01
    3.4250000000E+00     9.2487872428E-01
    3.4750000000E+00     9.2109752779E-01
    3.5250000000E+00     9.1341115289E-01
    3.5750000000E+00     9.0191618443E-01
    3.6250000000E+00     8.8675681964E-01
    3.6750000000E+00     8.6812185662E-01
    3.7250000000E+00     8.4624077936E-01
    3.7750000000E+00     8.2137905277E-01
    3.8250000000E+00     7.9383276271E-01
    3.8750000000E+00     7.6392275222E-01
    3.9250000000E+00     7.3198841628E-01
    3.9750000000E+00     6.9838132223E-01
    4.0250000000E+00     6.6345882290E-01
    4.0750000000E+00     6.2757782264E-01
    4.1250000000E+00     5.9108884577E-01
    4.1750000000E+00     5.5433054081E-01
    4.2250000000E+00     5.1762473445E-01
    4.2750000000E+00     4.8127212720E-01
    4.3250000000E+00     4.4554869845E-01
    4.3750000000E+00     4.1070286387E-01
    4.4250000000E+00     3.7695340371E-01
    4.4750000000E+00     3.4448815676E-01
    4.5250000000E+00     3.1346345320E-01
    4.5750000000E+00     2.8400424053E-01
    4.6250000000E+00     2.5620484053E-01
    4.6750000000E+00     2.3013026271E-01
    4.7250000000E+00     2.0581799040E-01
    4.7750000000E+00     1.8328015022E-01
    4.8250000000E+00     1.6250597361E-01
    4.8750000000E+00     1.4346445976E-01
    4.9250000000E+00     1.2610715386E-01
    4.9750000000E+00     1.1037096008E-01
    5.0250000000E+00     9.6180917484E-02
    5.0750000000E+00     8.3452876192E-02
    5.1250000000E+00     7.2096021633E-02
    5.1750000000E+00     6.2015205632E-02
    5.2250000000E+00     5.3113053643E-02
    5.2750000000E+00     4.5291827872E-02
    5.3250000000E+00     3.8455035581E-02
    5.3750000000E+00     3.2508780458E-02
    5.4250000000E+00     2.7362862394E-02
    5.4750000000E+00     2.2931637193E-02
    5.5250000000E+00     1.9134652627E-02
    5.5750000000E+00     1.5897080929E-02
    5.6250000000E+00     1.3149970181E-02
    5.6750000000E+00     1.0830338447E-02
    5.7250000000E+00     8.8811348443E-03
    5.7750000000E+00     7.2510912797E-03
    5.8250000000E+00     5.8944874887E-03
    5.8750000000E+00     4.7708503650E-03
    5.9250000000E+00     3.8446065800E-03
    5.9750000000E+00     3.0847052743E-03
    6.0250000000E+00     2.4642252649E-03
    6.0750000000E+00     1.9599788811E-03
    6.1250000000E+00     1.5521222722E-03
    6.1750000000E+00     1.2237799125E-03
    6.2250000000E+00     9.6068908665E-04
    6.2750000000E+00     7.5086841951E-04
    6.3250000000E+00     5.8431301870E-04
    6.3750000000E+00     4.5271754497E-04
    6.4250000000E+00     3.4922749255E-04
    6.4750000000E+00     2.6821814828E-04
    6.5250000000E+00     2.0510007815E-04
    6.5750000000E+00     1.5614954433E-04
    6.6250000000E+00     1.1836195878E-04
    6.6750000000E+00     8.9326309428E-05
    6.7250000000E+00     6.7118425753E-05
    6.7750000000E+00     5.0210963270E-05
    6.8250000000E+00     3.7398059131E-05
    6.8750000000E+00     2.7732728017E-05
    6.9250000000E+00     2.0475213414E-05
    6.9750000000E+00     1.5050672192E-05
    7.0250000000E+00     1.1014740510E-05
    7.0750000000E+00     8.0256987980E-06
    7.1250000000E+00     5.8221173596E-06
    7.1750000000E+00     4.2050180664E-06
    7.2250000000E+00     3.0237291601E-06
    7.2750000000E+00     2.1647379066E-06
    7.3250000000E+00     1.5429592936E-06
    7.3750000000E+00     1.0949382561E-06
    7.4250000000E+00     7.7358868832E-07
    7.4750000000E+00     5.4414572700E-07
    7.5250000000E+00     3.8106959327E-07
    7.5750000000E+00     2.6569091416E-07
    7.6250000000E+00     1.8443015128E-07
    7.6750000000E+00     1.2745876254E-07
    7.7250000000E+00     8.7698146893E-08
    7.7750000000E+00     6.0075311843E-08
    7.8250000000E+00     4.0972483470E-08
    7.8750000000E+00     2.7822362900E-08
    7.9250000000E+00     1.8812120924E-08
    7.9750000000E+00     1.2668109682E-08
    8.0250000000E+00     8.5001564534E-09
    8.0750000000E+00     5.6896035561E-09
    8.1250000000E+00     3.8093099464E-09
    8.1750000000E+00     2.5669099479E-09
    8.2250000000E+00     1.7649548376E-09
    8.2750000000E+00     1.2733213741E-09
    8.3250000000E+00     1.0105992776E-09
    8.3750000000E+00     9.3217985297E-10
    8.4250000000E+00     1.0235506460E-09
    8.4750000000E+00     1.2979297481E-09
    8.5250000000E+00     1.7979097719E-09
    8.5750000000E+00     2.6012798844E-09
    8.6250000000E+00     3.8317055443E-09
    8.6750000000E+00     5.6755212836E-09
    8.7250000000E+00     8.4065879795E-09
    8.7750000000E+00     1.2422047072E-08
    8.8250000000E+00     1.8292947437E-08
    8.8750000000E+00     2.6835221147E-08
    8.9250000000E+00     3.9208460311E-08
    8.9750000000E+00     5.7052545979E-08
    9.0250000000E+00     8.2675585434E-08
    9.0750000000E+00     1.1931105364E-07
    9.1250000000E+00     1.7146778832E-07
    9.1750000000E+00     2.4540389786E-07
    9.2250000000E+00     3.4976511960E-07
    9.2750000000E+00     4.9644020657E-07
    9.3250000000E+00     7.0170110534E-07
    9.3750000000E+00     9.8771469505E-07
    9.4250000000E+00     1.3845364665E-06
    9.4750000000E+00     1.9327256101E-06
    9.5250000000E+00     2.6867565257E-06
    9.5750000000E+00     3.7194448210E-06
    9.6250000000E+00     5.1276575379E-06
    9.6750000000E+00     7.0396387641E-06
    9.7250000000E+00     9.6243540406E-06
    9.7750000000E+00     1.3103341045E-05
    9.8250000000E+00     1.7765650675E-05
    9.8750000000E+00     2.3986572335E-05
    9.9250000000E+00     3.2250959866E-05
    9.9750000000E+00     4.3182109524E-05
