#t= 3.520000
    2.5000000000E-02     1.0000000000E+00
    7.5000000000E-02     1.0000000000E+00
    1.2500000000E-01     1.0000000000E+00
    1.7500000000E-01     1.0000000000E+00
    2.2500000000E-01     1.0000000000E+00
    2.7500000000E-01     1.0000000000E+00
    3.2500000000E-01     1.0000000000E+00
    3.7500000000E-01     1.0000000000E+00
    4.2500000000E-01     1.0000000000E+00
    4.7500000000E-01     1.0000000000E+00
    5.2500000000E-01     1.0000000000E+00
    5.7500000000E-01     1.0000000000E+00
    6.2500000000E-01     1.0000000000E+00
    6.7500000000E-01     1.0000000000E+00
    7.2500000000E-01     1.0000000000E+00
    7.7500000000E-01     1.0000000000E+00
    8.2500000000E-01     1.0000000000E+00
    8.7500000000E-01     1.0000000000E+00
    9.2500000000E-01     1.0000000000E+00
    9.7500000000E-01     1.0000000000E+00
    1.0250000000E+00     1.0000000000E+00
    1.0750000000E+00     1.0000000000E+00
    1.1250000000E+00     1.0000000000E+00
    1.1750000000E+00     1.0000000000E+00
    1.2250000000E+00     1.0000000000E+00
    1.2750000000E+00     1.0000000000E+00
    1.3250000000E+00     1.0000000000E+00
    1.3750000000E+00     1.0000000000E+00
    1.4250000000E+00     1.0000000000E+00
    1.4750000000E+00     1.0000000000E+00
    1.5250000000E+00     1.0000000000E+00
    1.5750000000E+00     1.0000000000E+00
    1.6250000000E+00     1.0000000000E+00
    1.6750000000E+00     1.0000000000E+00
    1.7250000000E+00     1.0000000000E+00
    1.7750000000E+00     1.0000000000E+00
    1.8250000000E+00     1.0000000000E+00
    1.8750000000E+00     1.0000000000E+00
    1.9250000000E+00     1.0000000000E+00
    1.9750000000E+00     1.0000000000E+00
    2.0250000000E+00     1.0000000000E+00
    2.0750000000E+00     1.0000000000E+00
    2.1250000000E+00     1.0000000000E+00
    2.1750000000E+00     1.0000000000E+00
    2.2250000000E+00     1.0000000000E+00
    2.2750000000E+00     1.0000000000E+00
    2.3250000000E+00     1.0000000000E+00
    2.3750000000E+00     1.0000000000E+00
    2.4250000000E+00     1.0000000000E+00
    2.4750000000E+00     1.0000000000E+00
    2.5250000000E+00     1.0000000000E+00
    2.5750000000E+00     1.0000000000E+00
    2.6250000000E+00     1.0000000000E+00
    2.6750000000E+00     1.0000000000E+00
    2.7250000000E+00     1.0000000000E+00
    2.7750000000E+00     1.0000000000E+00
    2.8250000000E+00     1.0000000000E+00
    2.8750000000E+00     1.0000000000E+00
    2.9250000000E+00     1.0000000000E+00
    2.9750000000E+00     1.0000000000E+00
    3.0250000000E+00     1.0000000000E+00
    3.0750000000E+00     1.0000000000E+00
    3.1250000000E+00     1.0000000000E+00
    3.1750000000E+00     1.0000000000E+00
    3.2250000000E+00     1.0000000000E+00
    3.2750000000E+00     1.0000000000E+00
    3.3250000000E+00     1.0000000000E+00
    3.3750000000E+00     1.0000000000E+00
    3.4250000000E+00     1.0000000000E+00
    3.4750000000E+00     1.0000000000E+00
    3.5250000000E+00     1.0000000000E+00
    3.5750000000E+00     1.0000000000E+00
    3.6250000000E+00     1.0000000000E+00
    3.6750000000E+00     1.0000000000E+00
    3.7250000000E+00     1.0000000000E+00
    3.7750000000E+00     1.0000000000E+00
    3.8250000000E+00     1.0000000000E+00
    3.8750000000E+00     1.0000000000E+00
    3.9250000000E+00     1.0000000000E+00
    3.9750000000E+00     1.0000000000E+00
    4.0250000000E+00     1.0000000000E+00
    4.0750000000E+00     1.0000000000E+00
    4.1250000000E+00     1.0000000000E+00
    4.1750000000E+00     1.0000000000E+00
    4.2250000000E+00     1.0000000000E+00
    4.2750000000E+00     1.0000000000E+00
    4.3250000000E+00     1.0000000000E+00
    4.3750000000E+00     1.0000000000E+00
    4.4250000000E+00     1.0000000000E+00
    4.4750000000E+00     1.0000000000E+00
    4.5250000000E+00     1.0000000000E+00
    4.5750000000E+00     1.0000000000E+00
    4.6250000000E+00     1.0000000000E+00
    4.6750000000E+00     1.0000000000E+00
    4.7250000000E+00     1.0000000000E+00
    4.7750000000E+00     1.0000000000E+00
    4.8250000000E+00     1.0000000000E+00
    4.8750000000E+00     1.0000000000E+00
    4.9250000000E+00     1.0000000000E+00
    4.9750000000E+00     1.0000000000E+00
    5.0250000000E+00     1.0000000000E+00
    5.0750000000E+00     9.9999999999E-01
    5.1250000000E+00     9.9999999998E-01
    5.1750000000E+00     9.9999999994E-01
    5.2250000000E+00     9.9999999982E-01
    5.2750000000E+00     9.9999999949E-01
    5.3250000000E+00     9.9999999861E-01
    5.3750000000E+00     9.9999999631E-01
    5.4250000000E+00     9.9999999045E-01
    5.4750000000E+00     9.9999997584E-01
    5.5250000000E+00     9.9999994026E-01
    5.5750000000E+00     9.9999985572E-01
    5.6250000000E+00     9.9999965965E-01
    5.6750000000E+00     9.9999921590E-01
    5.7250000000E+00     9.9999823604E-01
    5.7750000000E+00     9.9999612537E-01
    5.8250000000E+00     9.9999169119E-01
    5.8750000000E+00     9.9998260751E-01
    5.9250000000E+00     9.9996446612E-01
    5.9750000000E+00     9.9992915266E-01
    6.0250000000E+00     9.9986216930E-01
    6.0750000000E+00     9.9973839231E-01
    6.1250000000E+00     9.9951562976E-01
    6.1750000000E+00     9.9912528370E-01
    6.2250000000E+00     9.9845950306E-01
    6.2750000000E+00     9.9735454331E-01
    6.3250000000E+00     9.9557074090E-01
    6.3750000000E+00     9.9277064439E-01
    6.4250000000E+00     9.8849841207E-01
    6.4750000000E+00     9.8216541754E-01
    6.5250000000E+00     9.7304871569E-01
    6.5750000000E+00     9.6031000446E-01
    6.6250000000E+00     9.4304222446E-01
    6.6750000000E+00     9.2034827569E-01
    6.7250000000E+00     8.9145115151E-01
    6.7750000000E+00     8.5582741132E-01
    6.8250000000E+00     8.1334753874E-01
    6.8750000000E+00     7.6439941447E-01
    6.9250000000E+00     7.0996739972E-01
    6.9750000000E+00     6.5164163793E-01
    7.0250000000E+00     5.9154123935E-01
    7.0750000000E+00     5.3215019780E-01
    7.1250000000E+00     4.7608323625E-01
    7.1750000000E+00     4.2581570847E-01
    7.2250000000E+00     3.8342227847E-01
    7.2750000000E+00     3.5036974048E-01
    7.3250000000E+00     3.2739912501E-01
    7.3750000000E+00     3.1451352272E-01
    7.4250000000E+00     3.1106586927E-01
    7.4750000000E+00     3.1592132865E-01
    7.5250000000E+00     3.2765695113E-01
    7.5750000000E+00     3.4475940225E-01
    7.6250000000E+00     3.6578896521E-01
    7.6750000000E+00     3.8949129750E-01
    7.7250000000E+00     4.1485301012E-01
    7.7750000000E+00     4.4110899305E-01
    7.8250000000E+00     4.6771619652E-01
    7.8750000000E+00     4.9431001211E-01
    7.9250000000E+00     5.2065679629E-01
    7.9750000000E+00     5.4661147779E-01
    8.0250000000E+00     5.7208447768E-01
    8.0750000000E+00     5.9701855390E-01
    8.1250000000E+00     6.2137407792E-01
    8.1750000000E+00     6.4512047803E-01
    8.2250000000E+00     6.6823168378E-01
    8.2750000000E+00     6.9068390591E-01
    8.3250000000E+00     7.1245465103E-01
    8.3750000000E+00     7.3352232902E-01
    8.4250000000E+00     7.5386611883E-01
    8.4750000000E+00     7.7346593595E-01
    8.5250000000E+00     7.9230243599E-01
    8.5750000000E+00     8.1035702926E-01
    8.6250000000E+00     8.2761189798E-01
    8.6750000000E+00     8.4405001369E-01
    8.7250000000E+00     8.5965515393E-01
    8.7750000000E+00     8.7441191832E-01
    8.8250000000E+00     8.8830574372E-01
    8.8750000000E+00     9.0132291859E-01
    8.9250000000E+00     9.1345059656E-01
    8.9750000000E+00     9.2467680908E-01
    9.0250000000E+00     9.3499047722E-01
    9.0750000000E+00     9.4438142265E-01
    9.1250000000E+00     9.5284037763E-01
    9.1750000000E+00     9.6035899419E-01
    9.2250000000E+00     9.6692985237E-01
    9.2750000000E+00     9.7254646752E-01
    9.3250000000E+00     9.7720329673E-01
    9.3750000000E+00     9.8089574427E-01
    9.4250000000E+00     9.8362016613E-01
    9.4750000000E+00     9.8537387363E-01
    9.5250000000E+00     9.8615513610E-01
    9.5750000000E+00     9.8596318250E-01
    9.6250000000E+00     9.8479820228E-01
    9.6750000000E+00     9.8266134513E-01
    9.7250000000E+00     9.7955471986E-01
    9.7750000000E+00     9.7548139236E-01
    9.8250000000E+00     9.7044538249E-01
    9.8750000000E+00     9.6445166019E-01
    9.9250000000E+00     9.5750614054E-01
    9.9750000000E+00     9.4961567793E-01
