#t= 1.560000
    2.5000000000E-02     1.0000000000E+00
    7.5000000000E-02     1.0000000000E+00
    1.2500000000E-01     1.0000000000E+00
    1.7500000000E-01     1.0000000000E+00
    2.2500000000E-01     1.0000000000E+00
    2.7500000000E-01     1.0000000000E+00
    3.2500000000E-01     1.0000000000E+00
    3.7500000000E-01     1.0000000000E+00
    4.2500000000E-01     1.0000000000E+00
    4.7500000000E-01     1.0000000000E+00
    5.2500000000E-01     1.0000000000E+00
    5.7500000000E-01     1.0000000000E+00
    6.2500000000E-01     1.0000000000E+00
    6.7500000000E-01     1.0000000000E+00
    7.2500000000E-01     1.0000000000E+00
    7.7500000000E-01     1.0000000000E+00
    8.2500000000E-01     1.0000000000E+00
    8.7500000000E-01     1.0000000000E+00
    9.2500000000E-01     1.0000000000E+00
    9.7500000000E-01     1.0000000000E+00
    1.0250000000E+00     1.0000000000E+00
    1.0750000000E+00     1.0000000000E+00
    1.1250000000E+00     1.0000000000E+00
    1.1750000000E+00     1.0000000000E+00
    1.2250000000E+00     1.0000000000E+00
    1.2750000000E+00     1.0000000000E+00
    1.3250000000E+00     1.0000000000E+00
    1.3750000000E+00     1.0000000000E+00
    1.4250000000E+00     1.0000000000E+00
    1.4750000000E+00     1.0000000000E+00
    1.5250000000E+00     1.0000000000E+00
    1.5750000000E+00     1.0000000000E+00
    1.6250000000E+00     1.0000000000E+00
    1.6750000000E+00     1.0000000000E+00
    1.7250000000E+00     1.0000000000E+00
    1.7750000000E+00     9.9999999999E-01
    1.8250000000E+00     9.9999999996E-01
    1.8750000000E+00     9.9999999982E-01
    1.9250000000E+00     9.9999999923E-01
    1.9750000000E+00     9.9999999681E-01
    2.0250000000E+00     9.9999998737E-01
    2.0750000000E+00     9.9999995240E-01
    2.1250000000E+00     9.9999982926E-01
    2.1750000000E+00     9.9999941725E-01
    2.2250000000E+00     9.9999810760E-01
    2.2750000000E+00     9.9999415384E-01
    2.3250000000E+00     9.9998282190E-01
    2.3750000000E+00     9.9995200165E-01
    2.4250000000E+00     9.9987250173E-01
    2.4750000000E+00     9.9967813586E-01
    2.5250000000E+00     9.9922806785E-01
    2.5750000000E+00     9.9824183826E-01
    2.6250000000E+00     9.9619865912E-01
    2.6750000000E+00     9.9220110595E-01
    2.7250000000E+00     9.8482361531E-01
    2.7750000000E+00     9.7199902613E-01
    2.8250000000E+00     9.5103350421E-01
    2.8750000000E+00     9.1886007211E-01
    2.9250000000E+00     8.7261243879E-01
    2.9750000000E+00     8.1049944134E-01
    3.0250000000E+00     7.3279529811E-01
    3.0750000000E+00     6.4259548877E-01
    3.1250000000E+00     5.4592950087E-01
    3.1750000000E+00     4.5096396876E-01
    3.2250000000E+00     3.6637280469E-01
    3.2750000000E+00     2.9935524694E-01
    3.3250000000E+00     2.5401966732E-01
    3.3750000000E+00     2.3074535495E-01
    3.4250000000E+00     2.2670652914E-01
    3.4750000000E+00     2.3722535329E-01
    3.5250000000E+00     2.5731172701E-01
    3.5750000000E+00     2.8280146474E-01
    3.6250000000E+00     3.1083210629E-01
    3.6750000000E+00     3.3975490012E-01
    3.7250000000E+00     3.6876927130E-01
    3.7750000000E+00     3.9754369071E-01
    3.8250000000E+00     4.2595401960E-01
    3.8750000000E+00     4.5394871685E-01
    3.9250000000E+00     4.8149594117E-01
    3.9750000000E+00     5.0856801517E-01
    4.0250000000E+00     5.3513819394E-01
    4.0750000000E+00     5.6118025591E-01
    4.1250000000E+00     5.8666850073E-01
    4.1750000000E+00     6.1157777457E-01
    4.2250000000E+00     6.3588349498E-01
    4.2750000000E+00     6.5956167515E-01
    4.3250000000E+00     6.8258894758E-01
    4.3750000000E+00     7.0494258712E-01
    4.4250000000E+00     7.2660053344E-01
    4.4750000000E+00     7.4754141276E-01
    4.5250000000E+00     7.6774455896E-01
    4.5750000000E+00     7.8719003396E-01
    4.6250000000E+00     8.0585864745E-01
    4.6750000000E+00     8.2373197574E-01
    4.7250000000E+00     8.4079238002E-01
    4.7750000000E+00     8.5702302373E-01
    4.8250000000E+00     8.7240788918E-01
    4.8750000000E+00     8.8693179338E-01
    4.9250000000E+00     9.0058040298E-01
    4.9750000000E+00     9.1334024845E-01
    5.0250000000E+00     9.2519873736E-01
    5.0750000000E+00     9.3614416682E-01
    5.1250000000E+00     9.4616573500E-01
    5.1750000000E+00     9.5525355184E-01
    5.2250000000E+00     9.6339864876E-01
    5.2750000000E+00     9.7059298751E-01
    5.3250000000E+00     9.7682946818E-01
    5.3750000000E+00     9.8210193609E-01
    5.4250000000E+00     9.8640518796E-01
    5.4750000000E+00     9.8973497700E-01
    5.5250000000E+00     9.9208801711E-01
    5.5750000000E+00     9.9346198612E-01
    5.6250000000E+00     9.9385552809E-01
    5.6750000000E+00     9.9326825465E-01
    5.7250000000E+00     9.9170074536E-01
    5.7750000000E+00     9.8915454716E-01
    5.8250000000E+00     9.8563217285E-01
    5.8750000000E+00     9.8113709858E-01
    5.9250000000E+00     9.7567376045E-01
    5.9750000000E+00     9.6924755011E-01
    6.0250000000E+00     9.6186480946E-01
    6.0750000000E+00     9.5353282436E-01
    6.1250000000E+00     9.4425981749E-01
    6.1750000000E+00     9.3405494019E-01
    6.2250000000E+00     9.2292826342E-01
    6.2750000000E+00     9.1089076789E-01
    6.3250000000E+00     8.9795433315E-01
    6.3750000000E+00     8.8413172588E-01
    6.4250000000E+00     8.6943658735E-01
    6.4750000000E+00     8.5388341987E-01
    6.5250000000E+00     8.3748757255E-01
    6.5750000000E+00     8.2026522611E-01
    6.6250000000E+00     8.0223337691E-01
    6.6750000000E+00     7.8340982024E-01
    6.7250000000E+00     7.6381313265E-01
    6.7750000000E+00     7.4346265371E-01
    6.8250000000E+00     7.2237846690E-01
    6.8750000000E+00     7.0058137975E-01
    6.9250000000E+00     6.7809290336E-01
    6.9750000000E+00     6.5493523114E-01
    7.0250000000E+00     6.3113121692E-01
    7.0750000000E+00     6.0670435239E-01
    7.1250000000E+00     5.8167874391E-01
    7.1750000000E+00     5.5607908874E-01
    7.2250000000E+00     5.2993065064E-01
    7.2750000000E+00     5.0325923497E-01
    7.3250000000E+00     4.7609116320E-01
    7.3750000000E+00     4.4845324692E-01
    7.4250000000E+00     4.2037276144E-01
    7.4750000000E+00     3.9187741879E-01
    7.5250000000E+00     3.6299534044E-01
    7.5750000000E+00     3.3375502951E-01
    7.6250000000E+00     3.0418534266E-01
    7.6750000000E+00     2.7431546161E-01
    7.7250000000E+00     2.4417486431E-01
    7.7750000000E+00     2.1379329591E-01
    7.8250000000E+00     1.8320073933E-01
    7.8750000000E+00     1.5242738573E-01
    7.9250000000E+00     1.2150360472E-01
    7.9750000000E+00     9.0459914310E-02
    8.0250000000E+00     5.9326950890E-02
    8.0750000000E+00     2.8135438931E-02
    8.1250000000E+00    -3.0838393090E-03
    8.1750000000E+00    -3.4300074172E-02
    8.2250000000E+00    -6.5482459003E-02
    8.2750000000E+00    -9.6600220552E-02
    8.3250000000E+00    -1.2762264935E-01
    8.3750000000E+00    -1.5851912999E-01
    8.4250000000E+00    -1.8925917140E-01
    8.4750000000E+00    -2.1981243685E-01
    8.5250000000E+00    -2.5014877397E-01
    8.5750000000E+00    -2.8023824444E-01
    8.6250000000E+00    -3.1005115360E-01
    8.6750000000E+00    -3.3955807971E-01
    8.7250000000E+00    -3.6872990299E-01
    8.7750000000E+00    -3.9753783437E-01
    8.8250000000E+00    -4.2595344390E-01
    8.8750000000E+00    -4.5394868881E-01
    8.9250000000E+00    -4.8149594117E-01
    8.9750000000E+00    -5.0856801517E-01
    9.0250000000E+00    -5.3513819394E-01
    9.0750000000E+00    -5.6118025591E-01
    9.1250000000E+00    -5.8666850073E-01
    9.1750000000E+00    -6.1157777457E-01
    9.2250000000E+00    -6.3588349498E-01
    9.2750000000E+00    -6.5956167515E-01
    9.3250000000E+00    -6.8258894758E-01
    9.3750000000E+00    -7.0494258712E-01
    9.4250000000E+00    -7.2660053344E-01
    9.4750000000E+00    -7.4754141276E-01
    9.5250000000E+00    -7.6774455896E-01
    9.5750000000E+00    -7.8719003396E-01
    9.6250000000E+00    -8.0585864745E-01
    9.6750000000E+00    -8.2373197574E-01
    9.7250000000E+00    -8.4079238002E-01
    9.7750000000E+00    -8.5702302373E-01
    9.8250000000E+00    -8.7240788918E-01
    9.8750000000E+00    -8.8693179338E-01
    9.9250000000E+00    -9.0058040298E-01
    9.9750000000E+00    -9.1334024845E-01
