#t= 0.080000
    2.5000000000E-02     9.9842513171E-01
    7.5000000000E-02     9.7327747764E-01
    1.2500000000E-01     8.2294410363E-01
    1.7500000000E-01     4.2545339575E-01
    2.2500000000E-01     4.0814476820E-02
    2.7500000000E-01     7.2168996102E-02
    3.2500000000E-01     1.0345229330E-01
    3.7500000000E-01     1.3463349557E-01
    4.2500000000E-01     1.6568183084E-01
    4.7500000000E-01     1.9656665814E-01
    5.2500000000E-01     2.2725749788E-01
    5.7500000000E-01     2.5772406191E-01
    6.2500000000E-01     2.8793628341E-01
    6.7500000000E-01     3.1786434656E-01
    7.2500000000E-01     3.4747871597E-01
    7.7500000000E-01     3.7675016584E-01
    8.2500000000E-01     4.0564980879E-01
    8.7500000000E-01     4.3414912434E-01
    9.2500000000E-01     4.6221998713E-01
    9.7500000000E-01     4.8983469460E-01
    1.0250000000E+00     5.1696599435E-01
    1.0750000000E+00     5.4358711109E-01
    1.1250000000E+00     5.6967177298E-01
    1.1750000000E+00     5.9519423760E-01
    1.2250000000E+00     6.2012931737E-01
    1.2750000000E+00     6.4445240438E-01
    1.3250000000E+00     6.6813949466E-01
    1.3750000000E+00     6.9116721193E-01
    1.4250000000E+00     7.1351283061E-01
    1.4750000000E+00     7.3515429826E-01
    1.5250000000E+00     7.5607025739E-01
    1.5750000000E+00     7.7624006644E-01
    1.6250000000E+00     7.9564382027E-01
    1.6750000000E+00     8.1426236971E-01
    1.7250000000E+00     8.3207734050E-01
    1.7750000000E+00     8.4907115141E-01
    1.8250000000E+00     8.6522703160E-01
    1.8750000000E+00     8.8052903717E-01
    1.9250000000E+00     8.9496206689E-01
    1.9750000000E+00     9.0851187710E-01
    2.0250000000E+00     9.2116509577E-01
    2.0750000000E+00     9.3290923571E-01
    2.1250000000E+00     9.4373270686E-01
    2.1750000000E+00     9.5362482777E-01
    2.2250000000E+00     9.6257583611E-01
    2.2750000000E+00     9.7057689831E-01
    2.3250000000E+00     9.7762011829E-01
    2.3750000000E+00     9.8369854524E-01
    2.4250000000E+00     9.8880618050E-01
    2.4750000000E+00     9.9293798343E-01
    2.5250000000E+00     9.9608987645E-01
    2.5750000000E+00     9.9825874902E-01
    2.6250000000E+00     9.9944246073E-01
    2.6750000000E+00     9.9963984340E-01
    2.7250000000E+00     9.9885070222E-01
    2.7750000000E+00     9.9707581600E-01
    2.8250000000E+00     9.9431693632E-01
    2.8750000000E+00     9.9057678588E-01
    2.9250000000E+00     9.8585905574E-01
    2.9750000000E+00     9.8016840173E-01
    3.0250000000E+00     9.7351043985E-01
    3.0750000000E+00     9.6589174070E-01
    3.1250000000E+00     9.5731982302E-01
    3.1750000000E+00     9.4780314625E-01
    3.2250000000E+00     9.3735110220E-01
    3.2750000000E+00     9.2597400578E-01
    3.3250000000E+00     9.1368308482E-01
    3.3750000000E+00     9.0049046896E-01
    3.4250000000E+00     8.8640917772E-01
    3.4750000000E+00     8.7145310764E-01
    3.5250000000E+00     8.5563701856E-01
    3.5750000000E+00     8.3897651904E-01
    3.6250000000E+00     8.2148805099E-01
    3.6750000000E+00     8.0318887341E-01
    3.7250000000E+00     7.8409704539E-01
    3.7750000000E+00     7.6423140824E-01
    3.8250000000E+00     7.4361156696E-01
    3.8750000000E+00     7.2225787085E-01
    3.9250000000E+00     7.0019139341E-01
    3.9750000000E+00     6.7743391160E-01
    4.0250000000E+00     6.5400788431E-01
    4.0750000000E+00     6.2993643020E-01
    4.1250000000E+00     6.0524330489E-01
    4.1750000000E+00     5.7995287750E-01
    4.2250000000E+00     5.5409010664E-01
    4.2750000000E+00     5.2768051575E-01
    4.3250000000E+00     5.0075016789E-01
    4.3750000000E+00     4.7332564007E-01
    4.4250000000E+00     4.4543399699E-01
    4.4750000000E+00     4.1710276434E-01
    4.5250000000E+00     3.8835990161E-01
    4.5750000000E+00     3.5923377455E-01
    4.6250000000E+00     3.2975312712E-01
    4.6750000000E+00     2.9994705317E-01
    4.7250000000E+00     2.6984496769E-01
    4.7750000000E+00     2.3947657781E-01
    4.8250000000E+00     2.0887185345E-01
    4.8750000000E+00     1.7806099780E-01
    4.9250000000E+00     1.4707441743E-01
    4.9750000000E+00     1.1594269237E-01
    5.0250000000E+00     8.4696545878E-02
    5.0750000000E+00     5.3366814116E-02
    5.1250000000E+00     2.1984415751E-02
    5.1750000000E+00    -9.4196785774E-03
    5.2250000000E+00    -4.0814476820E-02
    5.2750000000E+00    -7.2168996102E-02
    5.3250000000E+00    -1.0345229330E-01
    5.3750000000E+00    -1.3463349557E-01
    5.4250000000E+00    -1.6568183084E-01
    5.4750000000E+00    -1.9656665814E-01
    5.5250000000E+00    -2.2725749788E-01
    5.5750000000E+00    -2.5772406191E-01
    5.6250000000E+00    -2.8793628341E-01
    5.6750000000E+00    -3.1786434656E-01
    5.7250000000E+00    -3.4747871597E-01
    5.7750000000E+00    -3.7675016584E-01
    5.8250000000E+00    -4.0564980879E-01
    5.8750000000E+00    -4.3414912434E-01
    5.9250000000E+00    -4.6221998713E-01
    5.9750000000E+00    -4.8983469460E-01
    6.0250000000E+00    -5.1696599435E-01
    6.0750000000E+00    -5.4358711109E-01
    6.1250000000E+00    -5.6967177298E-01
    6.1750000000E+00    -5.9519423760E-01
    6.2250000000E+00    -6.2012931737E-01
    6.2750000000E+00    -6.4445240438E-01
    6.3250000000E+00    -6.6813949466E-01
    6.3750000000E+00    -6.9116721193E-01
    6.4250000000E+00    -7.1351283061E-01
    6.4750000000E+00    -7.3515429826E-01
    6.5250000000E+00    -7.5607025739E-01
    6.5750000000E+00    -7.7624006644E-01
    6.6250000000E+00    -7.9564382027E-01
    6.6750000000E+00    -8.1426236971E-01
    6.7250000000E+00    -8.3207734050E-01
    6.7750000000E+00    -8.4907115141E-01
    6.8250000000E+00    -8.6522703160E-01
    6.8750000000E+00    -8.8052903717E-01
    6.9250000000E+00    -8.9496206689E-01
    6.9750000000E+00    -9.0851187710E-01
    7.0250000000E+00    -9.2116509577E-01
    7.0750000000E+00    -9.3290923571E-01
    7.1250000000E+00    -9.4373270686E-01
    7.1750000000E+00    -9.5362482777E-01
    7.2250000000E+00    -9.6257583611E-01
    7.2750000000E+00    -9.7057689831E-01
    7.3250000000E+00    -9.7762011829E-01
    7.3750000000E+00    -9.8369854524E-01
    7.4250000000E+00    -9.8880618050E-01
    7.4750000000E+00    -9.9293798343E-01
    7.5250000000E+00    -9.9608987645E-01
    7.5750000000E+00    -9.9825874902E-01
    7.6250000000E+00    -9.9944246073E-01
    7.6750000000E+00    -9.9963984340E-01
    7.7250000000E+00    -9.9885070222E-01
    7.7750000000E+00    -9.9707581600E-01
    7.8250000000E+00    -9.9431693632E-01
    7.8750000000E+00    -9.9057678588E-01
    7.9250000000E+00    -9.8585905574E-01
    7.9750000000E+00    -9.8016840173E-01
    8.0250000000E+00    -9.7351043985E-01
    8.0750000000E+00    -9.6589174070E-01
    8.1250000000E+00    -9.5731982302E-01
    8.1750000000E+00    -9.4780314625E-01
    8.2250000000E+00    -9.3735110220E-01
    8.2750000000E+00    -9.2597400578E-01
    8.3250000000E+00    -9.1368308482E-01
    8.3750000000E+00    -9.0049046896E-01
    8.4250000000E+00    -8.8640917772E-01
    8.4750000000E+00    -8.7145310764E-01
    8.5250000000E+00    -8.5563701856E-01
    8.5750000000E+00    -8.3897651904E-01
    8.6250000000E+00    -8.2148805099E-01
    8.6750000000E+00    -8.0318887341E-01
    8.7250000000E+00    -7.8409704539E-01
    8.7750000000E+00    -7.6423140824E-01
    8.8250000000E+00    -7.4361156696E-01
    8.8750000000E+00    -7.2225787085E-01
    8.9250000000E+00    -7.0019139341E-01
    8.9750000000E+00    -6.7743391160E-01
    9.0250000000E+00    -6.5400788431E-01
    9.0750000000E+00    -6.2993643020E-01
    9.1250000000E+00    -6.0524330489E-01
    9.1750000000E+00    -5.7995287750E-01
    9.2250000000E+00    -5.5409010664E-01
    9.2750000000E+00    -5.2768051575E-01
    9.3250000000E+00    -5.0075016789E-01
    9.3750000000E+00    -4.7332564007E-01
    9.4250000000E+00    -4.4543399699E-01
    9.4750000000E+00    -4.1710276434E-01
    9.5250000000E+00    -3.8835990161E-01
    9.5750000000E+00    -3.5923377455E-01
    9.6250000000E+00    -3.2975312712E-01
    9.6750000000E+00    -2.9994705317E-01
    9.7250000000E+00    -2.6984496769E-01
    9.7750000000E+00    -2.3947657781E-01
    9.8250000000E+00    -2.0887185345E-01
    9.8750000000E+00    -1.7806099780E-01
    9.9250000000E+00    -1.4707441743E-01
    9.9750000000E+00    -1.1594269237E-01
