#t= 2.080000
    2.5000000000E-02     1.0000000000E+00
    7.5000000000E-02     1.0000000000E+00
    1.2500000000E-01     1.0000000000E+00
    1.7500000000E-01     1.0000000000E+00
    2.2500000000E-01     1.0000000000E+00
    2.7500000000E-01     1.0000000000E+00
    3.2500000000E-01     1.0000000000E+00
    3.7500000000E-01     1.0000000000E+00
    4.2500000000E-01     1.0000000000E+00
    4.7500000000E-01     1.0000000000E+00
    5.2500000000E-01     1.0000000000E+00
    5.7500000000E-01     1.0000000000E+00
    6.2500000000E-01     1.0000000000E+00
    6.7500000000E-01     1.0000000000E+00
    7.2500000000E-01     1.0000000000E+00
    7.7500000000E-01     1.0000000000E+00
    8.2500000000E-01     1.0000000000E+00
    8.7500000000E-01     1.0000000000E+00
    9.2500000000E-01     1.0000000000E+00
    9.7500000000E-01     1.0000000000E+00
    1.0250000000E+00     1.0000000000E+00
    1.0750000000E+00     1.0000000000E+00
    1.1250000000E+00     1.0000000000E+00
    1.1750000000E+00     1.0000000000E+00
    1.2250000000E+00     1.0000000000E+00
    1.2750000000E+00     1.0000000000E+00
    1.3250000000E+00     1.0000000000E+00
    1.3750000000E+00     1.0000000000E+00
    1.4250000000E+00     1.0000000000E+00
    1.4750000000E+00     1.0000000000E+00
    1.5250000000E+00     1.0000000000E+00
    1.5750000000E+00     1.0000000000E+00
    1.6250000000E+00     1.0000000000E+00
    1.6750000000E+00     1.0000000000E+00
    1.7250000000E+00     1.0000000000E+00
    1.7750000000E+00     1.0000000000E+00
    1.8250000000E+00     1.0000000000E+00
    1.8750000000E+00     1.0000000000E+00
    1.9250000000E+00     1.0000000000E+00
    1.9750000000E+00     1.0000000000E+00
    2.0250000000E+00     1.0000000000E+00
    2.0750000000E+00     1.0000000000E+00
    2.1250000000E+00     1.0000000000E+00
    2.1750000000E+00     1.0000000000E+00
    2.2250000000E+00     1.0000000000E+00
    2.2750000000E+00     1.0000000000E+00
    2.3250000000E+00     1.0000000000E+00
    2.3750000000E+00     1.0000000000E+00
    2.4250000000E+00     1.0000000000E+00
    2.4750000000E+00     1.0000000000E+00
    2.5250000000E+00     1.0000000000E+00
    2.5750000000E+00     1.0000000000E+00
    2.6250000000E+00     9.9999999999E-01
    2.6750000000E+00     9.9999999997E-01
    2.7250000000E+00     9.9999999987E-01
    2.7750000000E+00     9.9999999953E-01
    2.8250000000E+00     9.9999999834E-01
    2.8750000000E+00     9.9999999432E-01
    2.9250000000E+00     9.9999998129E-01
    2.9750000000E+00     9.9999994071E-01
    3.0250000000E+00     9.9999981907E-01
    3.0750000000E+00     9.9999946844E-01
    3.1250000000E+00     9.9999849668E-01
    3.1750000000E+00     9.9999590815E-01
    3.2250000000E+00     9.9998928293E-01
    3.2750000000E+00     9.9997299597E-01
    3.3250000000E+00     9.9993455481E-01
    3.3750000000E+00     9.9984748357E-01
    3.4250000000E+00     9.9965831013E-01
    3.4750000000E+00     9.9926429203E-01
    3.5250000000E+00     9.9847800215E-01
    3.5750000000E+00     9.9697564327E-01
    3.6250000000E+00     9.9422917655E-01
    3.6750000000E+00     9.8942921784E-01
    3.7250000000E+00     9.8141651160E-01
    3.7750000000E+00     9.6865291767E-01
    3.8250000000E+00     9.4927344293E-01
    3.8750000000E+00     9.2126114000E-01
    3.9250000000E+00     8.8276825295E-01
    3.9750000000E+00     8.3256555121E-01
    4.0250000000E+00     7.7054309563E-01
    4.0750000000E+00     6.9812874530E-01
    4.1250000000E+00     6.1846438512E-01
    4.1750000000E+00     5.3621073014E-01
    4.2250000000E+00     4.5694703453E-01
    4.2750000000E+00     3.8626791389E-01
    4.3250000000E+00     3.2880294844E-01
    4.3750000000E+00     2.8743636997E-01
    4.4250000000E+00     2.6295026424E-01
    4.4750000000E+00     2.5417077827E-01
    4.5250000000E+00     2.5852441901E-01
    4.5750000000E+00     2.7278728268E-01
    4.6250000000E+00     2.9378397445E-01
    4.6750000000E+00     3.1886292425E-01
    4.7250000000E+00     3.4609300766E-01
    4.7750000000E+00     3.7423164642E-01
    4.8250000000E+00     4.0256687320E-01
    4.8750000000E+00     4.3073155969E-01
    4.9250000000E+00     4.5855066457E-01
    4.9750000000E+00     4.8594126403E-01
    5.0250000000E+00     5.1285843570E-01
    5.0750000000E+00     5.3927076678E-01
    5.1250000000E+00     5.6515111640E-01
    5.1750000000E+00     5.9047375633E-01
    5.2250000000E+00     6.1521367208E-01
    5.2750000000E+00     6.3934644629E-01
    5.3250000000E+00     6.6284826275E-01
    5.3750000000E+00     6.8569592800E-01
    5.4250000000E+00     7.0786689416E-01
    5.4750000000E+00     7.2933928115E-01
    5.5250000000E+00     7.5009189833E-01
    5.5750000000E+00     7.7010426536E-01
    5.6250000000E+00     7.8935663246E-01
    5.6750000000E+00     8.0782999986E-01
    5.7250000000E+00     8.2550613658E-01
    5.7750000000E+00     8.4236759841E-01
    5.8250000000E+00     8.5839774513E-01
    5.8750000000E+00     8.7358075690E-01
    5.9250000000E+00     8.8790164993E-01
    5.9750000000E+00     9.0134629123E-01
    6.0250000000E+00     9.1390141257E-01
    6.0750000000E+00     9.2555462355E-01
    6.1250000000E+00     9.3629442385E-01
    6.1750000000E+00     9.4611021460E-01
    6.2250000000E+00     9.5499230880E-01
    6.2750000000E+00     9.6293194088E-01
    6.3250000000E+00     9.6992127540E-01
    6.3750000000E+00     9.7595341471E-01
    6.4250000000E+00     9.8102240583E-01
    6.4750000000E+00     9.8512324628E-01
    6.5250000000E+00     9.8825188902E-01
    6.5750000000E+00     9.9040524646E-01
    6.6250000000E+00     9.9158119350E-01
    6.6750000000E+00     9.9177856961E-01
    6.7250000000E+00     9.9099718001E-01
    6.7750000000E+00     9.8923779584E-01
    6.8250000000E+00     9.8650215339E-01
    6.8750000000E+00     9.8279295243E-01
    6.9250000000E+00     9.7811385347E-01
    6.9750000000E+00     9.7246947423E-01
    7.0250000000E+00     9.6586538502E-01
    7.0750000000E+00     9.5830810329E-01
    7.1250000000E+00     9.4980508717E-01
    7.1750000000E+00     9.4036472809E-01
    7.2250000000E+00     9.2999634255E-01
    7.2750000000E+00     9.1871016291E-01
    7.3250000000E+00     9.0651732725E-01
    7.3750000000E+00     8.9342986844E-01
    7.4250000000E+00     8.7946070221E-01
    7.4750000000E+00     8.6462361444E-01
    7.5250000000E+00     8.4893324756E-01
    7.5750000000E+00     8.3240508605E-01
    7.6250000000E+00     8.1505544122E-01
    7.6750000000E+00     7.9690143508E-01
    7.7250000000E+00     7.7796098342E-01
    7.7750000000E+00     7.5825277821E-01
    7.8250000000E+00     7.3779626904E-01
    7.8750000000E+00     7.1661164403E-01
    7.9250000000E+00     6.9471980985E-01
    7.9750000000E+00     6.7214237109E-01
    8.0250000000E+00     6.4890160896E-01
    8.0750000000E+00     6.2502045928E-01
    8.1250000000E+00     6.0052248987E-01
    8.1750000000E+00     5.7543187726E-01
    8.2250000000E+00     5.4977338286E-01
    8.2750000000E+00     5.2357232851E-01
    8.3250000000E+00     4.9685457149E-01
    8.3750000000E+00     4.6964647898E-01
    8.4250000000E+00     4.4197490211E-01
    8.4750000000E+00     4.1386714936E-01
    8.5250000000E+00     3.8535095971E-01
    8.5750000000E+00     3.5645447518E-01
    8.6250000000E+00     3.2720621312E-01
    8.6750000000E+00     2.9763503803E-01
    8.7250000000E+00     2.6777013309E-01
    8.7750000000E+00     2.3764097136E-01
    8.8250000000E+00     2.0727728669E-01
    8.8750000000E+00     1.7670904435E-01
    8.9250000000E+00     1.4596641152E-01
    8.9750000000E+00     1.1507972747E-01
    9.0250000000E+00     8.4079473621E-02
    9.0750000000E+00     5.2996243482E-02
    9.1250000000E+00     2.1860712449E-02
    9.1750000000E+00    -9.2963924685E-03
    9.2250000000E+00    -4.0444322969E-02
    9.2750000000E+00    -7.1552339805E-02
    9.3250000000E+00    -1.0258974312E-01
    9.3750000000E+00    -1.3352590275E-01
    9.4250000000E+00    -1.6433028843E-01
    9.4750000000E+00    -1.9497249995E-01
    9.5250000000E+00    -2.2542229716E-01
    9.5750000000E+00    -2.5564962977E-01
    9.6250000000E+00    -2.8562466707E-01
    9.6750000000E+00    -3.1531782730E-01
    9.7250000000E+00    -3.4469980691E-01
    9.7750000000E+00    -3.7374160942E-01
    9.8250000000E+00    -4.0241457409E-01
    9.8750000000E+00    -4.3069040415E-01
    9.9250000000E+00    -4.5854119479E-01
    9.9750000000E+00    -4.8593946062E-01
