#t= 6.880000
    2.5000000000E-02     2.5274452281E-01
    7.5000000000E-02     2.2833345955E-01
    1.2500000000E-01     2.0546198213E-01
    1.7500000000E-01     1.8414783247E-01
    2.2500000000E-01     1.6438950127E-01
    2.7500000000E-01     1.4616822734E-01
    3.2500000000E-01     1.2945011005E-01
    3.7500000000E-01     1.1418827568E-01
    4.2500000000E-01     1.0032504363E-01
    4.7500000000E-01     8.7794044174E-02
    5.2500000000E-01     7.6522246439E-02
    5.7500000000E-01     6.6431862349E-02
    6.2500000000E-01     5.7442099699E-02
    6.7500000000E-01     4.9470744732E-02
    7.2500000000E-01     4.2435561528E-02
    7.7500000000E-01     3.6255501854E-02
    8.2500000000E-01     3.0851724908E-02
    8.7500000000E-01     2.6148431260E-02
    9.2500000000E-01     2.2073519519E-02
    9.7500000000E-01     1.8559077470E-02
    1.0250000000E+00     1.5541721930E-02
    1.0750000000E+00     1.2962803261E-02
    1.1250000000E+00     1.0768491402E-02
    1.1750000000E+00     8.9097606298E-03
    1.2250000000E+00     7.3422900321E-03
    1.2750000000E+00     6.0262959649E-03
    1.3250000000E+00     4.9263117609E-03
    1.3750000000E+00     4.0109286336E-03
    1.4250000000E+00     3.2525102553E-03
    1.4750000000E+00     2.6268919121E-03
    1.5250000000E+00     2.1130735382E-03
    1.5750000000E+00     1.6929143592E-03
    1.6250000000E+00     1.3508353728E-03
    1.6750000000E+00     1.0735345049E-03
    1.7250000000E+00     8.4971801728E-04
    1.7750000000E+00     6.6985063000E-04
    1.8250000000E+00     5.2592585860E-04
    1.8750000000E+00     4.1125725979E-04
    1.9250000000E+00     3.2029061647E-04
    1.9750000000E+00     2.4843656989E-04
    2.0250000000E+00     1.9192280857E-04
    2.0750000000E+00     1.4766463584E-04
    2.1250000000E+00     1.1315254703E-04
    2.1750000000E+00     8.6355336660E-05
    2.2250000000E+00     6.5637211899E-05
    2.2750000000E+00     4.9687397302E-05
    2.3250000000E+00     3.7460764402E-05
    2.3750000000E+00     2.8128098122E-05
    2.4250000000E+00     2.1034710112E-05
    2.4750000000E+00     1.5666219465E-05
    2.5250000000E+00     1.1620437416E-05
    2.5750000000E+00     8.5844094426E-06
    2.6250000000E+00     6.3157820213E-06
    2.6750000000E+00     4.6277691794E-06
    2.7250000000E+00     3.3770942837E-06
    2.7750000000E+00     2.4543739136E-06
    2.8250000000E+00     1.7764927730E-06
    2.8750000000E+00     1.2805912777E-06
    2.9250000000E+00     9.1935099060E-07
    2.9750000000E+00     6.5731799430E-07
    3.0250000000E+00     4.6805123017E-07
    3.0750000000E+00     3.3192257290E-07
    3.1250000000E+00     2.3442872753E-07
    3.1750000000E+00     1.6490272581E-07
    3.2250000000E+00     1.1553561670E-07
    3.2750000000E+00     8.0637596465E-08
    3.3250000000E+00     5.6082952591E-08
    3.3750000000E+00     3.8895377162E-08
    3.4250000000E+00     2.6939947287E-08
    3.4750000000E+00     1.8695812150E-08
    3.5250000000E+00     1.3089745749E-08
    3.5750000000E+00     9.3755419566E-09
    3.6250000000E+00     7.0480140060E-09
    3.6750000000E+00     5.7833405816E-09
    3.7250000000E+00     5.3998651790E-09
    3.7750000000E+00     5.8353642396E-09
    3.8250000000E+00     7.1383893052E-09
    3.8750000000E+00     9.4726781728E-09
    3.9250000000E+00     1.3134927372E-08
    3.9750000000E+00     1.8587524850E-08
    4.0250000000E+00     2.6509258602E-08
    4.0750000000E+00     3.7868649942E-08
    4.1250000000E+00     5.4026525024E-08
    4.1750000000E+00     7.6876866566E-08
    4.2250000000E+00     1.0903803181E-07
    4.2750000000E+00     1.5411026187E-07
    4.3250000000E+00     2.1702025323E-07
    4.3750000000E+00     3.0447966494E-07
    4.4250000000E+00     4.2559208810E-07
    4.4750000000E+00     5.9265255226E-07
    4.5250000000E+00     8.2219548253E-07
    4.5750000000E+00     1.1363616058E-06
    4.6250000000E+00     1.5646721458E-06
    4.6750000000E+00     2.1463203134E-06
    4.7250000000E+00     2.9331162058E-06
    4.7750000000E+00     3.9932524368E-06
    4.8250000000E+00     5.4160948040E-06
    4.8750000000E+00     7.3182457404E-06
    4.9250000000E+00     9.8511788284E-06
    4.9750000000E+00     1.3210800836E-05
    5.0250000000E+00     1.7649363977E-05
    5.0750000000E+00     2.3490225616E-05
    5.1250000000E+00     3.1146035310E-05
    5.1750000000E+00     4.1141019469E-05
    5.2250000000E+00     5.4138130955E-05
    5.2750000000E+00     7.0971933063E-05
    5.3250000000E+00     9.2688192072E-05
    5.3750000000E+00     1.2059125667E-04
    5.4250000000E+00     1.5630040169E-04
    5.4750000000E+00     2.0181640210E-04
    5.5250000000E+00     2.5959967472E-04
    5.5750000000E+00     3.3266137084E-04
    5.6250000000E+00     4.2466881452E-04
    5.6750000000E+00     5.4006664641E-04
    5.7250000000E+00     6.8421494203E-04
    5.7750000000E+00     8.6354541068E-04
    5.8250000000E+00     1.0857365365E-03
    5.8750000000E+00     1.3599081802E-03
    5.9250000000E+00     1.6968357072E-03
    5.9750000000E+00     2.1091831353E-03
    6.0250000000E+00     2.6117540879E-03
    6.0750000000E+00     3.2217584962E-03
    6.1250000000E+00     3.9590920143E-03
    6.1750000000E+00     4.8466239893E-03
    6.2250000000E+00     5.9104885876E-03
    6.2750000000E+00     7.1803723255E-03
    6.3250000000E+00     8.6897898227E-03
    6.3750000000E+00     1.0476338117E-02
    6.4250000000E+00     1.2581918410E-02
    6.4750000000E+00     1.5052912697E-02
    6.5250000000E+00     1.7940301442E-02
    6.5750000000E+00     2.1299707395E-02
    6.6250000000E+00     2.5191349807E-02
    6.6750000000E+00     2.9679892926E-02
    6.7250000000E+00     3.4834172640E-02
    6.7750000000E+00     4.0726785750E-02
    6.8250000000E+00     4.7433527563E-02
    6.8750000000E+00     5.5032665394E-02
    6.9250000000E+00     6.3604038246E-02
    6.9750000000E+00     7.3227976380E-02
    7.0250000000E+00     8.3984038708E-02
    7.0750000000E+00     9.5949570920E-02
    7.1250000000E+00     1.0919809296E-01
    7.1750000000E+00     1.2379753066E-01
    7.2250000000E+00     1.3980831313E-01
    7.2750000000E+00     1.5728136430E-01
    7.3250000000E+00     1.7625602415E-01
    7.3750000000E+00     1.9675794179E-01
    7.4250000000E+00     2.1879698892E-01
    7.4750000000E+00     2.4236524745E-01
    7.5250000000E+00     2.6743512963E-01
    7.5750000000E+00     2.9395769190E-01
    7.6250000000E+00     3.2186120486E-01
    7.6750000000E+00     3.5105004129E-01
    7.7250000000E+00     3.8140394136E-01
    7.7750000000E+00     4.1277770938E-01
    7.8250000000E+00     4.4500138907E-01
    7.8750000000E+00     4.7788095539E-01
    7.9250000000E+00     5.1119954916E-01
    7.9750000000E+00     5.4471926788E-01
    8.0250000000E+00     5.7818351131E-01
    8.0750000000E+00     6.1131986465E-01
    8.1250000000E+00     6.4384348585E-01
    8.1750000000E+00     6.7546094739E-01
    8.2250000000E+00     7.0587446678E-01
    8.2750000000E+00     7.3478644577E-01
    8.3250000000E+00     7.6190422512E-01
    8.3750000000E+00     7.8694495133E-01
    8.4250000000E+00     8.0964044414E-01
    8.4750000000E+00     8.2974194859E-01
    8.5250000000E+00     8.4702465510E-01
    8.5750000000E+00     8.6129187285E-01
    8.6250000000E+00     8.7237874876E-01
    8.6750000000E+00     8.8015543377E-01
    8.7250000000E+00     8.8452961157E-01
    8.7750000000E+00     8.8544832098E-01
    8.8250000000E+00     8.8289902179E-01
    8.8750000000E+00     8.7690987403E-01
    8.9250000000E+00     8.6754922210E-01
    8.9750000000E+00     8.5492429703E-01
    9.0250000000E+00     8.3917917120E-01
    9.0750000000E+00     8.2049202011E-01
    9.1250000000E+00     7.9907176400E-01
    9.1750000000E+00     7.7515417800E-01
    9.2250000000E+00     7.4899757188E-01
    9.2750000000E+00     7.2087815035E-01
    9.3250000000E+00     6.9108517023E-01
    9.3750000000E+00     6.5991601280E-01
    9.4250000000E+00     6.2767128811E-01
    9.4750000000E+00     5.9465008270E-01
    9.5250000000E+00     5.6114545348E-01
    9.5750000000E+00     5.2744025980E-01
    9.6250000000E+00     4.9380341159E-01
    9.6750000000E+00     4.6048659679E-01
    9.7250000000E+00     4.2772153455E-01
    9.7750000000E+00     3.9571778421E-01
    9.8250000000E+00     3.6466112316E-01
    9.8750000000E+00     3.3471249090E-01
    9.9250000000E+00     3.0600748168E-01
    9.9750000000E+00     2.7865635514E-01
