#t= 0.440000
    2.5000000000E-02     4.5113725347E-08
    7.5000000000E-02     2.9921140209E-08
    1.2500000000E-01     1.9747167103E-08
    1.7500000000E-01     1.2968465086E-08
    2.2500000000E-01     8.4747982267E-09
    2.7500000000E-01     5.5109576184E-09
    3.2500000000E-01     3.5660020619E-09
    3.7500000000E-01     2.2961107184E-09
    4.2500000000E-01     1.4711626874E-09
    4.7500000000E-01     9.3796220566E-10
    5.2500000000E-01     5.9507067086E-10
    5.7500000000E-01     3.7568529130E-10
    6.2500000000E-01     2.3606947702E-10
    6.7500000000E-01     1.4780449200E-10
    7.2500000000E-01     9.2672348403E-11
    7.7500000000E-01     5.9340996536E-11
    8.2500000000E-01     4.1238413504E-11
    8.7500000000E-01     3.5143878692E-11
    9.2500000000E-01     4.0216283576E-11
    9.7500000000E-01     5.7475522951E-11
    1.0250000000E+00     8.9974901906E-11
    1.0750000000E+00     1.4379211399E-10
    1.1250000000E+00     2.2966796401E-10
    1.1750000000E+00     3.6517263546E-10
    1.2250000000E+00     5.7779274818E-10
    1.2750000000E+00     9.0974966536E-10
    1.3250000000E+00     1.4254355316E-09
    1.3750000000E+00     2.2225370766E-09
    1.4250000000E+00     3.4484672704E-09
    1.4750000000E+00     5.3244991484E-09
    1.5250000000E+00     8.1810090894E-09
    1.5750000000E+00     1.2508647328E-08
    1.6250000000E+00     1.9032203832E-08
    1.6750000000E+00     2.8816615459E-08
    1.7250000000E+00     4.3418210499E-08
    1.7750000000E+00     6.5099226044E-08
    1.8250000000E+00     9.7130267837E-08
    1.8750000000E+00     1.4421422529E-07
    1.9250000000E+00     2.1307685037E-07
    1.9750000000E+00     3.1328455616E-07
    2.0250000000E+00     4.5836996458E-07
    2.0750000000E+00     6.6737151164E-07
    2.1250000000E+00     9.6692640214E-07
    2.1750000000E+00     1.3940980336E-06
    2.2250000000E+00     2.0001715606E-06
    2.2750000000E+00     2.8557166646E-06
    2.3250000000E+00     4.0572971416E-06
    2.3750000000E+00     5.7363050936E-06
    2.4250000000E+00     8.0705158116E-06
    2.4750000000E+00     1.1299100298E-05
    2.5250000000E+00     1.5741997927E-05
    2.5750000000E+00     2.1824743581E-05
    2.6250000000E+00     3.0110062460E-05
    2.6750000000E+00     4.1337791067E-05
    2.7250000000E+00     5.6474952404E-05
    2.7750000000E+00     7.6778102482E-05
    2.8250000000E+00     1.0387036649E-04
    2.8750000000E+00     1.3983588535E-04
    2.9250000000E+00     1.8733468167E-04
    2.9750000000E+00     2.4974120864E-04
    3.0250000000E+00     3.3131004109E-04
    3.0750000000E+00     4.3737227367E-04
    3.1250000000E+00     5.7456617239E-04
    3.1750000000E+00     7.5110543947E-04
    3.2250000000E+00     9.7708805418E-04
    3.2750000000E+00     1.2648479947E-03
    3.3250000000E+00     1.6293511797E-03
    3.3750000000E+00     2.0886356456E-03
    3.4250000000E+00     2.6642942561E-03
    3.4750000000E+00     3.3819960906E-03
    3.5250000000E+00     4.2720400641E-03
    3.5750000000E+00     5.3699312871E-03
    3.6250000000E+00     6.7169672214E-03
    3.6750000000E+00     8.3608168673E-03
    3.7250000000E+00     1.0356072139E-02
    3.7750000000E+00     1.2764746366E-02
    3.8250000000E+00     1.5656690692E-02
    3.8750000000E+00     1.9109895205E-02
    3.9250000000E+00     2.3210638248E-02
    3.9750000000E+00     2.8053444709E-02
    4.0250000000E+00     3.3740812605E-02
    4.0750000000E+00     4.0382667159E-02
    4.1250000000E+00     4.8095503228E-02
    4.1750000000E+00     5.7001180596E-02
    4.2250000000E+00     6.7225342588E-02
    4.2750000000E+00     7.8895436785E-02
    4.3250000000E+00     9.2138327514E-02
    4.3750000000E+00     1.0707750304E-01
    4.4250000000E+00     1.2382989593E-01
    4.4750000000E+00     1.4250235261E-01
    4.5250000000E+00     1.6318780681E-01
    4.5750000000E+00     1.8596123149E-01
    4.6250000000E+00     2.1087546299E-01
    4.6750000000E+00     2.3795701023E-01
    4.7250000000E+00     2.6720197781E-01
    4.7750000000E+00     2.9857224563E-01
    4.8250000000E+00     3.3199205700E-01
    4.8750000000E+00     3.6734517128E-01
    4.9250000000E+00     4.0447273562E-01
    4.9750000000E+00     4.4317202190E-01
    5.0250000000E+00     4.8319615997E-01
    5.0750000000E+00     5.2425497586E-01
    5.1250000000E+00     5.6601701508E-01
    5.1750000000E+00     6.0811279581E-01
    5.2250000000E+00     6.5013929721E-01
    5.2750000000E+00     6.9166564433E-01
    5.3250000000E+00     7.3223990602E-01
    5.3750000000E+00     7.7139687639E-01
    5.4250000000E+00     8.0866666754E-01
    5.4750000000E+00     8.4358390183E-01
    5.5250000000E+00     8.7569725910E-01
    5.5750000000E+00     9.0457910955E-01
    5.6250000000E+00     9.2983494724E-01
    5.6750000000E+00     9.5111233501E-01
    5.7250000000E+00     9.6810907803E-01
    5.7750000000E+00     9.8058036128E-01
    5.8250000000E+00     9.8834461563E-01
    5.8750000000E+00     9.9128791599E-01
    5.9250000000E+00     9.8936676265E-01
    5.9750000000E+00     9.8260915103E-01
    6.0250000000E+00     9.7111389286E-01
    6.0750000000E+00     9.5504821195E-01
    6.1250000000E+00     9.3464369632E-01
    6.1750000000E+00     9.1019074351E-01
    6.2250000000E+00     8.8203168548E-01
    6.2750000000E+00     8.5055282034E-01
    6.3250000000E+00     8.1617561005E-01
    6.3750000000E+00     7.7934732392E-01
    6.4250000000E+00     7.4053141696E-01
    6.4750000000E+00     7.0019793041E-01
    6.5250000000E+00     6.5881418845E-01
    6.5750000000E+00     6.1683604278E-01
    6.6250000000E+00     5.7469988483E-01
    6.6750000000E+00     5.3281560818E-01
    6.7250000000E+00     4.9156066037E-01
    6.7750000000E+00     4.5127527887E-01
    6.8250000000E+00     4.1225895962E-01
    6.8750000000E+00     3.7476816282E-01
    6.9250000000E+00     3.3901521945E-01
    6.9750000000E+00     3.0516836576E-01
    7.0250000000E+00     2.7335280272E-01
    7.0750000000E+00     2.4365265324E-01
    7.1250000000E+00     2.1611367349E-01
    7.1750000000E+00     1.9074656462E-01
    7.2250000000E+00     1.6753072791E-01
    7.2750000000E+00     1.4641830985E-01
    7.3250000000E+00     1.2733839130E-01
    7.3750000000E+00     1.1020118812E-01
    7.4250000000E+00     9.4902146495E-02
    7.4750000000E+00     8.1325834309E-02
    7.5250000000E+00     6.9349549682E-02
    7.5750000000E+00     5.8846587361E-02
    7.6250000000E+00     4.9689122920E-02
    7.6750000000E+00     4.1750692603E-02
    7.7250000000E+00     3.4908262713E-02
    7.7750000000E+00     2.9043896344E-02
    7.8250000000E+00     2.4046036658E-02
    7.8750000000E+00     1.9810434881E-02
    7.9250000000E+00     1.6240757625E-02
    7.9750000000E+00     1.3248912308E-02
    8.0250000000E+00     1.0755131499E-02
    8.0750000000E+00     8.6878572451E-03
    8.1250000000E+00     6.9834652101E-03
    8.1750000000E+00     5.5858659860E-03
    8.2250000000E+00     4.4460176728E-03
    8.2750000000E+00     3.5213799415E-03
    8.3250000000E+00     2.7753356263E-03
    8.3750000000E+00     2.1766016443E-03
    8.4250000000E+00     1.6986468869E-03
    8.4750000000E+00     1.3191308259E-03
    8.5250000000E+00     1.0193730155E-03
    8.5750000000E+00     7.8386052413E-04
    8.6250000000E+00     5.9979763137E-04
    8.6750000000E+00     4.5669986855E-04
    8.7250000000E+00     3.4603267466E-04
    8.7750000000E+00     2.6089353124E-04
    8.8250000000E+00     1.9573540397E-04
    8.8750000000E+00     1.4612860279E-04
    8.9250000000E+00     1.0855772737E-04
    8.9750000000E+00     8.0250143170E-05
    9.0250000000E+00     5.9032387343E-05
    9.0750000000E+00     4.3210991604E-05
    9.1250000000E+00     3.1474393432E-05
    9.1750000000E+00     2.2812855707E-05
    9.2250000000E+00     1.6453601793E-05
    9.2750000000E+00     1.1808677246E-05
    9.3250000000E+00     8.4333545980E-06
    9.3750000000E+00     5.9931922086E-06
    9.4250000000E+00     4.2381340025E-06
    9.4750000000E+00     2.9822887693E-06
    9.5250000000E+00     2.0882530792E-06
    9.5750000000E+00     1.4550398720E-06
    9.6250000000E+00     1.0088460146E-06
    9.6750000000E+00     6.9603806945E-07
    9.7250000000E+00     4.7785829142E-07
    9.7750000000E+00     3.2645488956E-07
    9.8250000000E+00     2.2192439666E-07
    9.8750000000E+00     1.5012210145E-07
    9.9250000000E+00     1.0105128456E-07
    9.9750000000E+00     6.7685642777E-08
