#t= 1.000000
    2.5000000000E-02     1.0000000000E+00
    7.5000000000E-02     1.0000000000E+00
    1.2500000000E-01     1.0000000000E+00
    1.7500000000E-01     1.0000000000E+00
    2.2500000000E-01     1.0000000000E+00
    2.7500000000E-01     1.0000000000E+00
    3.2500000000E-01     1.0000000000E+00
    3.7500000000E-01     1.0000000000E+00
    4.2500000000E-01     1.0000000000E+00
    4.7500000000E-01     1.0000000000E+00
    5.2500000000E-01     1.0000000000E+00
    5.7500000000E-01     1.0000000000E+00
    6.2500000000E-01     1.0000000000E+00
    6.7500000000E-01     1.0000000000E+00
    7.2500000000E-01     1.0000000000E+00
    7.7500000000E-01     1.0000000000E+00
    8.2500000000E-01     1.0000000000E+00
    8.7500000000E-01     1.0000000000E+00
    9.2500000000E-01     9.9999999998E-01
    9.7500000000E-01     9.9999999989E-01
    1.0250000000E+00     9.9999999932E-01
    1.0750000000E+00     9.9999999606E-01
    1.1250000000E+00     9.9999997889E-01
    1.1750000000E+00     9.9999989531E-01
    1.2250000000E+00     9.9999951952E-01
    1.2750000000E+00     9.9999795770E-01
    1.3250000000E+00     9.9999195700E-01
    1.3750000000E+00     9.9997064658E-01
    1.4250000000E+00     9.9990072189E-01
    1.4750000000E+00     9.9968886955E-01
    1.5250000000E+00     9.9909676690E-01
    1.5750000000E+00     9.9757204822E-01
    1.6250000000E+00     9.9396013688E-01
    1.6750000000E+00     9.8610409147E-01
    1.7250000000E+00     9.7045212390E-01
    1.7750000000E+00     9.4196896715E-01
    1.8250000000E+00     8.9479056166E-01
    1.8750000000E+00     8.2396946725E-01
    1.9250000000E+00     7.2814118050E-01
    1.9750000000E+00     6.1208157260E-01
    2.0250000000E+00     4.8747570821E-01
    2.0750000000E+00     3.7057569957E-01
    2.1250000000E+00     2.7707939017E-01
    2.1750000000E+00     2.1661102703E-01
    2.2250000000E+00     1.8990796114E-01
    2.2750000000E+00     1.9023826584E-01
    2.3250000000E+00     2.0775616445E-01
    2.3750000000E+00     2.3381365531E-01
    2.4250000000E+00     2.6300569820E-01
    2.4750000000E+00     2.9287267317E-01
    2.5250000000E+00     3.2261779220E-01
    2.5750000000E+00     3.5205902307E-01
    2.6250000000E+00     3.8115281420E-01
    2.6750000000E+00     4.0987045351E-01
    2.7250000000E+00     4.3818360017E-01
    2.7750000000E+00     4.6606431252E-01
    2.8250000000E+00     4.9348507567E-01
    2.8750000000E+00     5.2041882862E-01
    2.9250000000E+00     5.4683899102E-01
    2.9750000000E+00     5.7271948935E-01
    3.0250000000E+00     5.9803478270E-01
    3.0750000000E+00     6.2275988791E-01
    3.1250000000E+00     6.4687040431E-01
    3.1750000000E+00     6.7034253771E-01
    3.2250000000E+00     6.9315312396E-01
    3.2750000000E+00     7.1527965176E-01
    3.3250000000E+00     7.3670028490E-01
    3.3750000000E+00     7.5739388380E-01
    3.4250000000E+00     7.7734002638E-01
    3.4750000000E+00     7.9651902821E-01
    3.5250000000E+00     8.1491196191E-01
    3.5750000000E+00     8.3250067590E-01
    3.6250000000E+00     8.4926781223E-01
    3.6750000000E+00     8.6519682376E-01
    3.7250000000E+00     8.8027199049E-01
    3.7750000000E+00     8.9447843503E-01
    3.8250000000E+00     9.0780213735E-01
    3.8750000000E+00     9.2022994856E-01
    3.9250000000E+00     9.3174960392E-01
    3.9750000000E+00     9.4234973490E-01
    4.0250000000E+00     9.5201988047E-01
    4.0750000000E+00     9.6075049736E-01
    4.1250000000E+00     9.6853296950E-01
    4.1750000000E+00     9.7535961653E-01
    4.2250000000E+00     9.8122370137E-01
    4.2750000000E+00     9.8611943689E-01
    4.3250000000E+00     9.9004199157E-01
    4.3750000000E+00     9.9298749434E-01
    4.4250000000E+00     9.9495303834E-01
    4.4750000000E+00     9.9593668381E-01
    4.5250000000E+00     9.9593746002E-01
    4.5750000000E+00     9.9495536619E-01
    4.6250000000E+00     9.9299137154E-01
    4.6750000000E+00     9.9004741429E-01
    4.7250000000E+00     9.8612639978E-01
    4.7750000000E+00     9.8123219756E-01
    4.8250000000E+00     9.7536963763E-01
    4.8750000000E+00     9.6854450562E-01
    4.9250000000E+00     9.6076353713E-01
    4.9750000000E+00     9.5203441101E-01
    5.0250000000E+00     9.4236574187E-01
    5.0750000000E+00     9.3176707152E-01
    5.1250000000E+00     9.2024885956E-01
    5.1750000000E+00     9.0782247308E-01
    5.2250000000E+00     8.9450017543E-01
    5.2750000000E+00     8.8029511409E-01
    5.3250000000E+00     8.6522130775E-01
    5.3750000000E+00     8.4929363245E-01
    5.4250000000E+00     8.3252780686E-01
    5.4750000000E+00     8.1494037685E-01
    5.5250000000E+00     7.9654869906E-01
    5.5750000000E+00     7.7737092389E-01
    5.6250000000E+00     7.5742597746E-01
    5.6750000000E+00     7.3673354304E-01
    5.7250000000E+00     7.1531404156E-01
    5.7750000000E+00     6.9318861148E-01
    5.8250000000E+00     6.7037908793E-01
    5.8750000000E+00     6.4690798115E-01
    5.9250000000E+00     6.2279845430E-01
    5.9750000000E+00     5.9807430057E-01
    6.0250000000E+00     5.7275991971E-01
    6.0750000000E+00     5.4688029396E-01
    6.1250000000E+00     5.2046096338E-01
    6.1750000000E+00     4.9352800067E-01
    6.2250000000E+00     4.6610798541E-01
    6.2750000000E+00     4.3822797784E-01
    6.3250000000E+00     4.0991549217E-01
    6.3750000000E+00     3.8119846939E-01
    6.4250000000E+00     3.5210524974E-01
    6.4750000000E+00     3.2266454473E-01
    6.5250000000E+00     2.9290540876E-01
    6.5750000000E+00     2.6285721052E-01
    6.6250000000E+00     2.3254960395E-01
    6.6750000000E+00     2.0201249899E-01
    6.7250000000E+00     1.7127603209E-01
    6.7750000000E+00     1.4037053642E-01
    6.8250000000E+00     1.0932651198E-01
    6.8750000000E+00     7.8174595474E-02
    6.9250000000E+00     4.6945530078E-02
    6.9750000000E+00     1.5670135111E-02
    7.0250000000E+00    -1.5620724387E-02
    7.0750000000E+00    -4.6896168116E-02
    7.1250000000E+00    -7.8125330989E-02
    7.1750000000E+00    -1.0927739359E-01
    7.2250000000E+00    -1.4032161260E-01
    7.2750000000E+00    -1.7122735112E-01
    7.3250000000E+00    -2.0196410892E-01
    7.3750000000E+00    -2.3250155252E-01
    7.4250000000E+00    -2.6280954516E-01
    7.4750000000E+00    -2.9285817651E-01
    7.5250000000E+00    -3.2261779220E-01
    7.5750000000E+00    -3.5205902307E-01
    7.6250000000E+00    -3.8115281420E-01
    7.6750000000E+00    -4.0987045351E-01
    7.7250000000E+00    -4.3818360017E-01
    7.7750000000E+00    -4.6606431252E-01
    7.8250000000E+00    -4.9348507567E-01
    7.8750000000E+00    -5.2041882862E-01
    7.9250000000E+00    -5.4683899102E-01
    7.9750000000E+00    -5.7271948935E-01
    8.0250000000E+00    -5.9803478270E-01
    8.0750000000E+00    -6.2275988791E-01
    8.1250000000E+00    -6.4687040431E-01
    8.1750000000E+00    -6.7034253771E-01
    8.2250000000E+00    -6.9315312396E-01
    8.2750000000E+00    -7.1527965176E-01
    8.3250000000E+00    -7.3670028490E-01
    8.3750000000E+00    -7.5739388380E-01
    8.4250000000E+00    -7.7734002638E-01
    8.4750000000E+00    -7.9651902821E-01
    8.5250000000E+00    -8.1491196191E-01
    8.5750000000E+00    -8.3250067590E-01
    8.6250000000E+00    -8.4926781223E-01
    8.6750000000E+00    -8.6519682376E-01
    8.7250000000E+00    -8.8027199049E-01
    8.7750000000E+00    -8.9447843503E-01
    8.8250000000E+00    -9.0780213735E-01
    8.8750000000E+00    -9.2022994856E-01
    8.9250000000E+00    -9.3174960392E-01
    8.9750000000E+00    -9.4234973490E-01
    9.0250000000E+00    -9.5201988047E-01
    9.0750000000E+00    -9.6075049736E-01
    9.1250000000E+00    -9.6853296950E-01
    9.1750000000E+00    -9.7535961653E-01
    9.2250000000E+00    -9.8122370137E-01
    9.2750000000E+00    -9.8611943689E-01
    9.3250000000E+00    -9.9004199157E-01
    9.3750000000E+00    -9.9298749434E-01
    9.4250000000E+00    -9.9495303834E-01
    9.4750000000E+00    -9.9593668381E-01
    9.5250000000E+00    -9.9593746002E-01
    9.5750000000E+00    -9.9495536619E-01
    9.6250000000E+00    -9.9299137154E-01
    9.6750000000E+00    -9.9004741429E-01
    9.7250000000E+00    -9.8612639978E-01
    9.7750000000E+00    -9.8123219756E-01
    9.8250000000E+00    -9.7536963763E-01
    9.8750000000E+00    -9.6854450562E-01
    9.9250000000E+00    -9.6076353713E-01
    9.9750000000E+00    -9.5203441101E-01
