#t= 0.040000
    2.5000000000E-02     9.6062829269E-01
    7.5000000000E-02     6.4691059957E-01
    1.2500000000E-01     2.8265111136E-02
    1.7500000000E-01     5.9644411531E-02
    2.2500000000E-01     9.0964850092E-02
    2.7500000000E-01     1.2219551733E-01
    3.2500000000E-01     1.5330559234E-01
    3.7500000000E-01     1.8426437325E-01
    4.2500000000E-01     2.1504130746E-01
    4.7500000000E-01     2.4560602187E-01
    5.2500000000E-01     2.7592835278E-01
    5.7500000000E-01     3.0597837572E-01
    6.2500000000E-01     3.3572643495E-01
    6.7500000000E-01     3.6514317272E-01
    7.2500000000E-01     3.9419955826E-01
    7.7500000000E-01     4.2286691643E-01
    8.2500000000E-01     4.5111695601E-01
    8.7500000000E-01     4.7892179761E-01
    9.2500000000E-01     5.0625400123E-01
    9.7500000000E-01     5.3308659326E-01
    1.0250000000E+00     5.5939309319E-01
    1.0750000000E+00     5.8514753967E-01
    1.1250000000E+00     6.1032451617E-01
    1.1750000000E+00     6.3489917606E-01
    1.2250000000E+00     6.5884726712E-01
    1.2750000000E+00     6.8214515547E-01
    1.3250000000E+00     7.0476984890E-01
    1.3750000000E+00     7.2669901959E-01
    1.4250000000E+00     7.4791102607E-01
    1.4750000000E+00     7.6838493467E-01
    1.5250000000E+00     7.8810054011E-01
    1.5750000000E+00     8.0703838546E-01
    1.6250000000E+00     8.2517978136E-01
    1.6750000000E+00     8.4250682445E-01
    1.7250000000E+00     8.5900241501E-01
    1.7750000000E+00     8.7465027390E-01
    1.8250000000E+00     8.8943495857E-01
    1.8750000000E+00     9.0334187831E-01
    1.9250000000E+00     9.1635730868E-01
    1.9750000000E+00     9.2846840503E-01
    2.0250000000E+00     9.3966321515E-01
    2.0750000000E+00     9.4993069112E-01
    2.1250000000E+00     9.5926070019E-01
    2.1750000000E+00     9.6764403477E-01
    2.2250000000E+00     9.7507242150E-01
    2.2750000000E+00     9.8153852948E-01
    2.3250000000E+00     9.8703597743E-01
    2.3750000000E+00     9.9155934003E-01
    2.4250000000E+00     9.9510415328E-01
    2.4750000000E+00     9.9766691888E-01
    2.5250000000E+00     9.9924510767E-01
    2.5750000000E+00     9.9983716218E-01
    2.6250000000E+00     9.9944249813E-01
    2.6750000000E+00     9.9806150499E-01
    2.7250000000E+00     9.9569554564E-01
    2.7750000000E+00     9.9234695501E-01
    2.8250000000E+00     9.8801903773E-01
    2.8750000000E+00     9.8271606495E-01
    2.9250000000E+00     9.7644327006E-01
    2.9750000000E+00     9.6920684355E-01
    3.0250000000E+00     9.6101392690E-01
    3.0750000000E+00     9.5187260553E-01
    3.1250000000E+00     9.4179190082E-01
    3.1750000000E+00     9.3078176120E-01
    3.2250000000E+00     9.1885305236E-01
    3.2750000000E+00     9.0601754649E-01
    3.3250000000E+00     8.9228791069E-01
    3.3750000000E+00     8.7767769445E-01
    3.4250000000E+00     8.6220131629E-01
    3.4750000000E+00     8.4587404952E-01
    3.5250000000E+00     8.2871200719E-01
    3.5750000000E+00     8.1073212616E-01
    3.6250000000E+00     7.9195215040E-01
    3.6750000000E+00     7.7239061349E-01
    3.7250000000E+00     7.5206682029E-01
    3.7750000000E+00     7.3100082793E-01
    3.8250000000E+00     7.0921342602E-01
    3.8750000000E+00     6.8672611608E-01
    3.9250000000E+00     6.6356109037E-01
    3.9750000000E+00     6.3974120997E-01
    4.0250000000E+00     6.1528998224E-01
    4.0750000000E+00     5.9023153758E-01
    4.1250000000E+00     5.6459060566E-01
    4.1750000000E+00     5.3839249097E-01
    4.2250000000E+00     5.1166304789E-01
    4.2750000000E+00     4.8442865515E-01
    4.3250000000E+00     4.5671618982E-01
    4.3750000000E+00     4.2855300076E-01
    4.4250000000E+00     3.9996688162E-01
    4.4750000000E+00     3.7098604345E-01
    4.5250000000E+00     3.4163908685E-01
    4.5750000000E+00     3.1195497372E-01
    4.6250000000E+00     2.8196299869E-01
    4.6750000000E+00     2.5169276023E-01
    4.7250000000E+00     2.2117413139E-01
    4.7750000000E+00     1.9043723040E-01
    4.8250000000E+00     1.5951239084E-01
    4.8750000000E+00     1.2843013182E-01
    4.9250000000E+00     9.7221127760E-02
    4.9750000000E+00     6.5916178185E-02
    5.0250000000E+00     3.4546177301E-02
    5.0750000000E+00     3.1420835114E-03
    5.1250000000E+00    -2.8265111136E-02
    5.1750000000E+00    -5.9644411531E-02
    5.2250000000E+00    -9.0964850092E-02
    5.2750000000E+00    -1.2219551733E-01
    5.3250000000E+00    -1.5330559234E-01
    5.3750000000E+00    -1.8426437325E-01
    5.4250000000E+00    -2.1504130746E-01
    5.4750000000E+00    -2.4560602187E-01
    5.5250000000E+00    -2.7592835278E-01
    5.5750000000E+00    -3.0597837572E-01
    5.6250000000E+00    -3.3572643495E-01
    5.6750000000E+00    -3.6514317272E-01
    5.7250000000E+00    -3.9419955826E-01
    5.7750000000E+00    -4.2286691643E-01
    5.8250000000E+00    -4.5111695601E-01
    5.8750000000E+00    -4.7892179761E-01
    5.9250000000E+00    -5.0625400123E-01
    5.9750000000E+00    -5.3308659326E-01
    6.0250000000E+00    -5.5939309319E-01
    6.0750000000E+00    -5.8514753967E-01
    6.1250000000E+00    -6.1032451617E-01
    6.1750000000E+00    -6.3489917606E-01
    6.2250000000E+00    -6.5884726712E-01
    6.2750000000E+00    -6.8214515547E-01
    6.3250000000E+00    -7.0476984890E-01
    6.3750000000E+00    -7.2669901959E-01
    6.4250000000E+00    -7.4791102607E-01
    6.4750000000E+00    -7.6838493467E-01
    6.5250000000E+00    -7.8810054011E-01
    6.5750000000E+00    -8.0703838546E-01
    6.6250000000E+00    -8.2517978136E-01
    6.6750000000E+00    -8.4250682445E-01
    6.7250000000E+00    -8.5900241501E-01
    6.7750000000E+00    -8.7465027390E-01
    6.8250000000E+00    -8.8943495857E-01
    6.8750000000E+00    -9.0334187831E-01
    6.9250000000E+00    -9.1635730868E-01
    6.9750000000E+00    -9.2846840503E-01
    7.0250000000E+00    -9.3966321515E-01
    7.0750000000E+00    -9.4993069112E-01
    7.1250000000E+00    -9.5926070019E-01
    7.1750000000E+00    -9.6764403477E-01
    7.2250000000E+00    -9.7507242150E-01
    7.2750000000E+00    -9.8153852948E-01
    7.3250000000E+00    -9.8703597743E-01
    7.3750000000E+00    -9.9155934003E-01
    7.4250000000E+00    -9.9510415328E-01
    7.4750000000E+00    -9.9766691888E-01
    7.5250000000E+00    -9.9924510767E-01
    7.5750000000E+00    -9.9983716218E-01
    7.6250000000E+00    -9.9944249813E-01
    7.6750000000E+00    -9.9806150499E-01
    7.7250000000E+00    -9.9569554564E-01
    7.7750000000E+00    -9.9234695501E-01
    7.8250000000E+00    -9.8801903773E-01
    7.8750000000E+00    -9.8271606495E-01
    7.9250000000E+00    -9.7644327006E-01
    7.9750000000E+00    -9.6920684355E-01
    8.0250000000E+00    -9.6101392690E-01
    8.0750000000E+00    -9.5187260553E-01
    8.1250000000E+00    -9.4179190082E-01
    8.1750000000E+00    -9.3078176120E-01
    8.2250000000E+00    -9.1885305236E-01
    8.2750000000E+00    -9.0601754649E-01
    8.3250000000E+00    -8.9228791069E-01
    8.3750000000E+00    -8.7767769445E-01
    8.4250000000E+00    -8.6220131629E-01
    8.4750000000E+00    -8.4587404952E-01
    8.5250000000E+00    -8.2871200719E-01
    8.5750000000E+00    -8.1073212616E-01
    8.6250000000E+00    -7.9195215040E-01
    8.6750000000E+00    -7.7239061349E-01
    8.7250000000E+00    -7.5206682029E-01
    8.7750000000E+00    -7.3100082793E-01
    8.8250000000E+00    -7.0921342602E-01
    8.8750000000E+00    -6.8672611608E-01
    8.9250000000E+00    -6.6356109037E-01
    8.9750000000E+00    -6.3974120997E-01
    9.0250000000E+00    -6.1528998224E-01
    9.0750000000E+00    -5.9023153758E-01
    9.1250000000E+00    -5.6459060566E-01
    9.1750000000E+00    -5.3839249097E-01
    9.2250000000E+00    -5.1166304789E-01
    9.2750000000E+00    -4.8442865515E-01
    9.3250000000E+00    -4.5671618982E-01
    9.3750000000E+00    -4.2855300076E-01
    9.4250000000E+00    -3.9996688162E-01
    9.4750000000E+00    -3.7098604345E-01
    9.5250000000E+00    -3.4163908685E-01
    9.5750000000E+00    -3.1195497372E-01
    9.6250000000E+00    -2.8196299869E-01
    9.6750000000E+00    -2.5169276023E-01
    9.7250000000E+00    -2.2117413139E-01
    9.7750000000E+00    -1.9043723040E-01
    9.8250000000E+00    -1.5951239084E-01
    9.8750000000E+00    -1.2843013182E-01
    9.9250000000E+00    -9.7221127760E-02
    9.9750000000E+00    -6.5916178185E-02
