#t= 1.480000
    2.5000000000E-02     1.0000000000E+00
    7.5000000000E-02     1.0000000000E+00
    1.2500000000E-01     1.0000000000E+00
    1.7500000000E-01     1.0000000000E+00
    2.2500000000E-01     1.0000000000E+00
    2.7500000000E-01     1.0000000000E+00
    3.2500000000E-01     1.0000000000E+00
    3.7500000000E-01     1.0000000000E+00
    4.2500000000E-01     1.0000000000E+00
    4.7500000000E-01     1.0000000000E+00
    5.2500000000E-01     1.0000000000E+00
    5.7500000000E-01     1.0000000000E+00
    6.2500000000E-01     1.0000000000E+00
    6.7500000000E-01     1.0000000000E+00
    7.2500000000E-01     1.0000000000E+00
    7.7500000000E-01     1.0000000000E+00
    8.2500000000E-01     1.0000000000E+00
    8.7500000000E-01     1.0000000000E+00
    9.2500000000E-01     1.0000000000E+00
    9.7500000000E-01     1.0000000000E+00
    1.0250000000E+00     1.0000000000E+00
    1.0750000000E+00     1.0000000000E+00
    1.1250000000E+00     1.0000000000E+00
    1.1750000000E+00     1.0000000000E+00
    1.2250000000E+00     1.0000000000E+00
    1.2750000000E+00     1.0000000000E+00
    1.3250000000E+00     1.0000000000E+00
    1.3750000000E+00     1.0000000000E+00
    1.4250000000E+00     1.0000000000E+00
    1.4750000000E+00     1.0000000000E+00
    1.5250000000E+00     1.0000000000E+00
    1.5750000000E+00     1.0000000000E+00
    1.6250000000E+00     1.0000000000E+00
    1.6750000000E+00     9.9999999998E-01
    1.7250000000E+00     9.9999999991E-01
    1.7750000000E+00     9.9999999956E-01
    1.8250000000E+00     9.9999999809E-01
    1.8750000000E+00     9.9999999201E-01
    1.9250000000E+00     9.9999996839E-01
    1.9750000000E+00     9.9999988122E-01
    2.0250000000E+00     9.9999957638E-01
    2.0750000000E+00     9.9999856620E-01
    2.1250000000E+00     9.9999539466E-01
    2.1750000000E+00     9.9998596485E-01
    2.2250000000E+00     9.9995942454E-01
    2.2750000000E+00     9.9988875371E-01
    2.3250000000E+00     9.9971083390E-01
    2.3750000000E+00     9.9928764828E-01
    2.4250000000E+00     9.9833752101E-01
    2.4750000000E+00     9.9632591486E-01
    2.5250000000E+00     9.9231431258E-01
    2.5750000000E+00     9.8478875018E-01
    2.6250000000E+00     9.7152835449E-01
    2.6750000000E+00     9.4961930387E-01
    2.7250000000E+00     9.1574460637E-01
    2.7750000000E+00     8.6684566115E-01
    2.8250000000E+00     8.0112680159E-01
    2.8750000000E+00     7.1917175481E-01
    2.9250000000E+00     6.2474473148E-01
    2.9750000000E+00     5.2479621210E-01
    3.0250000000E+00     4.2839726151E-01
    3.0750000000E+00     3.4476744440E-01
    3.1250000000E+00     2.8104027605E-01
    3.1750000000E+00     2.4063215244E-01
    3.2250000000E+00     2.2285728078E-01
    3.2750000000E+00     2.2384977805E-01
    3.3250000000E+00     2.3825497739E-01
    3.3750000000E+00     2.6089360812E-01
    3.4250000000E+00     2.8779809330E-01
    3.4750000000E+00     3.1647254505E-01
    3.5250000000E+00     3.4561381211E-01
    3.5750000000E+00     3.7465458062E-01
    3.6250000000E+00     4.0338376353E-01
    3.6750000000E+00     4.3172518601E-01
    3.7250000000E+00     4.5964174806E-01
    3.7750000000E+00     4.8710476766E-01
    3.8250000000E+00     5.1408707366E-01
    3.8750000000E+00     5.4056203779E-01
    3.9250000000E+00     5.6650353245E-01
    3.9750000000E+00     5.9188595651E-01
    4.0250000000E+00     6.1668426060E-01
    4.0750000000E+00     6.4087397177E-01
    4.1250000000E+00     6.6443121771E-01
    4.1750000000E+00     6.8733275026E-01
    4.2250000000E+00     7.0955596836E-01
    4.2750000000E+00     7.3107894039E-01
    4.3250000000E+00     7.5188042576E-01
    4.3750000000E+00     7.7193989594E-01
    4.4250000000E+00     7.9123755463E-01
    4.4750000000E+00     8.0975435738E-01
    4.5250000000E+00     8.2747203035E-01
    4.5750000000E+00     8.4437308832E-01
    4.6250000000E+00     8.6044085200E-01
    4.6750000000E+00     8.7565946444E-01
    4.7250000000E+00     8.9001390671E-01
    4.7750000000E+00     9.0349001270E-01
    4.8250000000E+00     9.1607448314E-01
    4.8750000000E+00     9.2775489865E-01
    4.9250000000E+00     9.3851973209E-01
    4.9750000000E+00     9.4835835986E-01
    5.0250000000E+00     9.5726107243E-01
    5.0750000000E+00     9.6521908389E-01
    5.1250000000E+00     9.7222454065E-01
    5.1750000000E+00     9.7827052917E-01
    5.2250000000E+00     9.8335108278E-01
    5.2750000000E+00     9.8746118759E-01
    5.3250000000E+00     9.9059678743E-01
    5.3750000000E+00     9.9275478784E-01
    5.4250000000E+00     9.9393305912E-01
    5.4750000000E+00     9.9413043848E-01
    5.5250000000E+00     9.9334673112E-01
    5.5750000000E+00     9.9158271046E-01
    5.6250000000E+00     9.8884011738E-01
    5.6750000000E+00     9.8512165849E-01
    5.7250000000E+00     9.8043100346E-01
    5.7750000000E+00     9.7477278139E-01
    5.8250000000E+00     9.6815257628E-01
    5.8750000000E+00     9.6057692146E-01
    5.9250000000E+00     9.5205329319E-01
    5.9750000000E+00     9.4259010326E-01
    6.0250000000E+00     9.3219669070E-01
    6.0750000000E+00     9.2088331256E-01
    6.1250000000E+00     9.0866113376E-01
    6.1750000000E+00     8.9554221613E-01
    6.2250000000E+00     8.8153950645E-01
    6.2750000000E+00     8.6666682371E-01
    6.3250000000E+00     8.5093884544E-01
    6.3750000000E+00     8.3437109328E-01
    6.4250000000E+00     8.1697991757E-01
    6.4750000000E+00     7.9878248133E-01
    6.5250000000E+00     7.7979674321E-01
    6.5750000000E+00     7.6004143985E-01
    6.6250000000E+00     7.3953606736E-01
    6.6750000000E+00     7.1830086205E-01
    6.7250000000E+00     6.9635678051E-01
    6.7750000000E+00     6.7372547890E-01
    6.8250000000E+00     6.5042929158E-01
    6.8750000000E+00     6.2649120908E-01
    6.9250000000E+00     6.0193485539E-01
    6.9750000000E+00     5.7678446467E-01
    7.0250000000E+00     5.5106485733E-01
    7.0750000000E+00     5.2480141550E-01
    7.1250000000E+00     4.9802005803E-01
    7.1750000000E+00     4.7074721489E-01
    7.2250000000E+00     4.4300980108E-01
    7.2750000000E+00     4.1483519009E-01
    7.3250000000E+00     3.8625118685E-01
    7.3750000000E+00     3.5728600031E-01
    7.4250000000E+00     3.2796821564E-01
    7.4750000000E+00     2.9832676593E-01
    7.5250000000E+00     2.6839090371E-01
    7.5750000000E+00     2.3819017208E-01
    7.6250000000E+00     2.0775437551E-01
    7.6750000000E+00     1.7711355045E-01
    7.7250000000E+00     1.4629793570E-01
    7.7750000000E+00     1.1533794255E-01
    7.8250000000E+00     8.4264124775E-02
    7.8750000000E+00     5.3107148483E-02
    7.9250000000E+00     2.1897761846E-02
    7.9750000000E+00    -9.3332352371E-03
    8.0250000000E+00    -4.0555021544E-02
    8.0750000000E+00    -7.1736784941E-02
    8.1250000000E+00    -1.0284775279E-01
    8.1750000000E+00    -1.3385722233E-01
    8.2250000000E+00    -1.6473459095E-01
    8.2750000000E+00    -1.9544938641E-01
    8.3250000000E+00    -2.2597129693E-01
    8.3750000000E+00    -2.5627020106E-01
    8.4250000000E+00    -2.8631619744E-01
    8.4750000000E+00    -3.1607963431E-01
    8.5250000000E+00    -3.4553113873E-01
    8.5750000000E+00    -3.7464164564E-01
    8.6250000000E+00    -4.0338242647E-01
    8.6750000000E+00    -4.3172511755E-01
    8.7250000000E+00    -4.5964174806E-01
    8.7750000000E+00    -4.8710476766E-01
    8.8250000000E+00    -5.1408707366E-01
    8.8750000000E+00    -5.4056203779E-01
    8.9250000000E+00    -5.6650353245E-01
    8.9750000000E+00    -5.9188595651E-01
    9.0250000000E+00    -6.1668426060E-01
    9.0750000000E+00    -6.4087397177E-01
    9.1250000000E+00    -6.6443121771E-01
    9.1750000000E+00    -6.8733275026E-01
    9.2250000000E+00    -7.0955596836E-01
    9.2750000000E+00    -7.3107894039E-01
    9.3250000000E+00    -7.5188042576E-01
    9.3750000000E+00    -7.7193989594E-01
    9.4250000000E+00    -7.9123755463E-01
    9.4750000000E+00    -8.0975435738E-01
    9.5250000000E+00    -8.2747203035E-01
    9.5750000000E+00    -8.4437308832E-01
    9.6250000000E+00    -8.6044085200E-01
    9.6750000000E+00    -8.7565946444E-01
    9.7250000000E+00    -8.9001390671E-01
    9.7750000000E+00    -9.0349001270E-01
    9.8250000000E+00    -9.1607448314E-01
    9.8750000000E+00    -9.2775489865E-01
    9.9250000000E+00    -9.3851973209E-01
    9.9750000000E+00    -9.4835835986E-01
