#t= 4.080000
    2.5000000000E-02     2.0902295669E-04
    7.5000000000E-02     2.7233603503E-04
    1.2500000000E-01     3.5333753054E-04
    1.7500000000E-01     4.5650689430E-04
    2.2500000000E-01     5.8732325819E-04
    2.7500000000E-01     7.5245185874E-04
    3.2500000000E-01     9.5995588088E-04
    3.7500000000E-01     1.2195349011E-03
    4.2500000000E-01     1.5427905506E-03
    4.7500000000E-01     1.9435192774E-03
    5.2500000000E-01     2.4380311452E-03
    5.7500000000E-01     3.0454924508E-03
    6.2500000000E-01     3.7882885617E-03
    6.7500000000E-01     4.6924017755E-03
    7.2500000000E-01     5.7877971876E-03
    7.7500000000E-01     7.1088075553E-03
    8.2500000000E-01     8.6945059950E-03
    8.7500000000E-01     1.0589053109E-02
    9.2500000000E-01     1.2842002876E-02
    9.7500000000E-01     1.5508549438E-02
    1.0250000000E+00     1.8649694931E-02
    1.0750000000E+00     2.2332316755E-02
    1.1250000000E+00     2.6629111465E-02
    1.1750000000E+00     3.1618391743E-02
    1.2250000000E+00     3.7383712997E-02
    1.2750000000E+00     4.4013307084E-02
    1.3250000000E+00     5.1599302594E-02
    1.3750000000E+00     6.0236714252E-02
    1.4250000000E+00     7.0022188300E-02
    1.4750000000E+00     8.1052496277E-02
    1.5250000000E+00     9.3422776428E-02
    1.5750000000E+00     1.0722452995E-01
    1.6250000000E+00     1.2254338835E-01
    1.6750000000E+00     1.3945667793E-01
    1.7250000000E+00     1.5803081806E-01
    1.7750000000E+00     1.7831860031E-01
    1.8250000000E+00     2.0035640611E-01
    1.8750000000E+00     2.2416143041E-01
    1.9250000000E+00     2.4972898758E-01
    1.9750000000E+00     2.7702998269E-01
    2.0250000000E+00     3.0600863650E-01
    2.0750000000E+00     3.3658055463E-01
    2.1250000000E+00     3.6863123104E-01
    2.1750000000E+00     4.0201507176E-01
    2.2250000000E+00     4.3655501764E-01
    2.2750000000E+00     4.7204283374E-01
    2.3250000000E+00     5.0824011881E-01
    2.3750000000E+00     5.4488007036E-01
    2.4250000000E+00     5.8167002047E-01
    2.4750000000E+00     6.1829473498E-01
    2.5250000000E+00     6.5442044422E-01
    2.5750000000E+00     6.8969954875E-01
    2.6250000000E+00     7.2377591897E-01
    2.6750000000E+00     7.5629068435E-01
    2.7250000000E+00     7.8688838651E-01
    2.7750000000E+00     8.1522335332E-01
    2.8250000000E+00     8.4096613683E-01
    2.8750000000E+00     8.6380984938E-01
    2.9250000000E+00     8.8347622884E-01
    2.9750000000E+00     8.9972126586E-01
    3.0250000000E+00     9.1234023475E-01
    3.0750000000E+00     9.2117198298E-01
    3.1250000000E+00     9.2610235393E-01
    3.1750000000E+00     9.2706664129E-01
    3.2250000000E+00     9.2405100139E-01
    3.2750000000E+00     9.1709278032E-01
    3.3250000000E+00     9.0627974526E-01
    3.3750000000E+00     8.9174824203E-01
    3.4250000000E+00     8.7368033289E-01
    3.4750000000E+00     8.5229999872E-01
    3.5250000000E+00     8.2786851629E-01
    3.5750000000E+00     8.0067914407E-01
    3.6250000000E+00     7.7105126775E-01
    3.6750000000E+00     7.3932416863E-01
    3.7250000000E+00     7.0585058462E-01
    3.7750000000E+00     6.7099023375E-01
    3.8250000000E+00     6.3510346493E-01
    3.8750000000E+00     5.9854519001E-01
    3.9250000000E+00     5.6165923592E-01
    3.9750000000E+00     5.2477323626E-01
    4.0250000000E+00     4.8819415979E-01
    4.0750000000E+00     4.5220454872E-01
    4.1250000000E+00     4.1705951484E-01
    4.1750000000E+00     3.8298451609E-01
    4.2250000000E+00     3.5017391213E-01
    4.2750000000E+00     3.1879027507E-01
    4.3250000000E+00     2.8896441162E-01
    4.3750000000E+00     2.6079603578E-01
    4.4250000000E+00     2.3435501833E-01
    4.4750000000E+00     2.0968312880E-01
    4.5250000000E+00     1.8679617997E-01
    4.5750000000E+00     1.6568648211E-01
    4.6250000000E+00     1.4632551459E-01
    4.6750000000E+00     1.2866672654E-01
    4.7250000000E+00     1.1264838371E-01
    4.7750000000E+00     9.8196387295E-02
    4.8250000000E+00     8.5226999626E-02
    4.8750000000E+00     7.3649422291E-02
    4.9250000000E+00     6.3368183259E-02
    4.9750000000E+00     5.4285300428E-02
    5.0250000000E+00     4.6302199692E-02
    5.0750000000E+00     3.9321375456E-02
    5.1250000000E+00     3.3247790414E-02
    5.1750000000E+00     2.7990019161E-02
    5.2250000000E+00     2.3461146641E-02
    5.2750000000E+00     1.9579437612E-02
    5.3250000000E+00     1.6268797126E-02
    5.3750000000E+00     1.3459044681E-02
    5.4250000000E+00     1.1086026117E-02
    5.4750000000E+00     9.0915878780E-03
    5.5250000000E+00     7.4234378231E-03
    5.5750000000E+00     6.0349157353E-03
    5.6250000000E+00     4.8846950510E-03
    5.6750000000E+00     3.9364353394E-03
    5.7250000000E+00     3.1584028144E-03
    5.7750000000E+00     2.5230737992E-03
    5.8250000000E+00     2.0067336765E-03
    5.8750000000E+00     1.5890815435E-03
    5.9250000000E+00     1.2528486151E-03
    5.9750000000E+00     9.8343642522E-04
    6.0250000000E+00     7.6857910182E-04
    6.0750000000E+00     5.9803245267E-04
    6.1250000000E+00     4.6329129615E-04
    6.1750000000E+00     3.5733540577E-04
    6.2250000000E+00     2.7440358866E-04
    6.2750000000E+00     2.0979477300E-04
    6.3250000000E+00     1.5969451153E-04
    6.3750000000E+00     1.2102499611E-04
    6.4250000000E+00     9.1316495386E-05
    6.4750000000E+00     6.8598050780E-05
    6.5250000000E+00     5.1305273610E-05
    6.5750000000E+00     3.8203156235E-05
    6.6250000000E+00     2.8321926815E-05
    6.6750000000E+00     2.0904124075E-05
    6.7250000000E+00     1.5361233505E-05
    6.7750000000E+00     1.1238399271E-05
    6.8250000000E+00     8.1858990768E-06
    6.8750000000E+00     5.9362364175E-06
    6.9250000000E+00     4.2858619563E-06
    6.9750000000E+00     3.0806805606E-06
    7.0250000000E+00     2.2046313071E-06
    7.0750000000E+00     1.5707439622E-06
    7.1250000000E+00     1.1141772044E-06
    7.1750000000E+00     7.8683178677E-07
    7.2250000000E+00     5.5320692016E-07
    7.2750000000E+00     3.8723154337E-07
    7.3250000000E+00     2.6985510206E-07
    7.3750000000E+00     1.8722626511E-07
    7.4250000000E+00     1.2932390307E-07
    7.4750000000E+00     8.8933806969E-08
    7.5250000000E+00     6.0888099058E-08
    7.5750000000E+00     4.1503031530E-08
    7.6250000000E+00     2.8165717873E-08
    7.6750000000E+00     1.9032013545E-08
    7.7250000000E+00     1.2806869127E-08
    7.7750000000E+00     8.5855327588E-09
    7.8250000000E+00     5.7394044667E-09
    7.8750000000E+00     3.8344912913E-09
    7.9250000000E+00     2.5735618953E-09
    7.9750000000E+00     1.7554800603E-09
    8.0250000000E+00     1.2469901127E-09
    8.0750000000E+00     9.6357843030E-10
    8.1250000000E+00     8.5705861246E-10
    8.1750000000E+00     9.0831525886E-10
    8.2250000000E+00     1.1242666808E-09
    8.2750000000E+00     1.5386318266E-09
    8.3250000000E+00     2.2165647186E-09
    8.3750000000E+00     3.2637002278E-09
    8.4250000000E+00     4.8406873219E-09
    8.4750000000E+00     7.1849228833E-09
    8.5250000000E+00     1.0642001182E-08
    8.5750000000E+00     1.5710433218E-08
    8.6250000000E+00     2.3104554905E-08
    8.6750000000E+00     3.3842343546E-08
    8.7250000000E+00     4.9367236007E-08
    8.7750000000E+00     7.1716161483E-08
    8.8250000000E+00     1.0375008082E-07
    8.8750000000E+00     1.4946862759E-07
    8.9250000000E+00     2.1443729726E-07
    8.9750000000E+00     3.0636442369E-07
    9.0250000000E+00     4.3587638788E-07
    9.0750000000E+00     6.1755368399E-07
    9.1250000000E+00     8.7130827722E-07
    9.1750000000E+00     1.2242048867E-06
    9.2250000000E+00     1.7128562750E-06
    9.2750000000E+00     2.3865562869E-06
    9.3250000000E+00     3.3113553056E-06
    9.3750000000E+00     4.5753321025E-06
    9.4250000000E+00     6.2953748995E-06
    9.4750000000E+00     8.6258539847E-06
    9.5250000000E+00     1.1769649461E-05
    9.5750000000E+00     1.5992091567E-05
    9.6250000000E+00     2.1638478032E-05
    9.6750000000E+00     2.9155953340E-05
    9.7250000000E+00     3.9120668040E-05
    9.7750000000E+00     5.2271281157E-05
    9.8250000000E+00     6.9550023098E-05
    9.8750000000E+00     9.2152696513E-05
    9.9250000000E+00     1.2158915349E-04
    9.9750000000E+00     1.5975594229E-04
