#t= 4.120000
    2.5000000000E-02     1.3729987804E-04
    7.5000000000E-02     1.8002459061E-04
    1.2500000000E-01     2.3505572471E-04
    1.7500000000E-01     3.0562334796E-04
    2.2500000000E-01     3.9571115605E-04
    2.7500000000E-01     5.1020592932E-04
    3.2500000000E-01     6.5506971527E-04
    3.7500000000E-01     8.3753646752E-04
    4.2500000000E-01     1.0663345541E-03
    4.7500000000E-01     1.3519360840E-03
    5.2500000000E-01     1.7068333669E-03
    5.7500000000E-01     2.1458420020E-03
    6.2500000000E-01     2.6864290596E-03
    6.7500000000E-01     3.3490635792E-03
    7.2500000000E-01     4.1575851351E-03
    7.7500000000E-01     5.1395845386E-03
    8.2500000000E-01     6.3267888576E-03
    8.7500000000E-01     7.7554408781E-03
    9.2500000000E-01     9.4666609467E-03
    9.7500000000E-01     1.1506776888E-02
    1.0250000000E+00     1.3927605458E-02
    1.0750000000E+00     1.6786666688E-02
    1.1250000000E+00     2.0147310576E-02
    1.1750000000E+00     2.4078734062E-02
    1.2250000000E+00     2.8655865215E-02
    1.2750000000E+00     3.3959091158E-02
    1.3250000000E+00     4.0073806689E-02
    1.3750000000E+00     4.7089761934E-02
    1.4250000000E+00     5.5100189753E-02
    1.4750000000E+00     6.4200697228E-02
    1.5250000000E+00     7.4487910378E-02
    1.5750000000E+00     8.6057867273E-02
    1.6250000000E+00     9.9004162033E-02
    1.6750000000E+00     1.1341585056E-01
    1.7250000000E+00     1.2937513820E-01
    1.7750000000E+00     1.4695487966E-01
    1.8250000000E+00     1.6621593190E-01
    1.8750000000E+00     1.8720441137E-01
    1.9250000000E+00     2.0994891715E-01
    1.9750000000E+00     2.3445779080E-01
    2.0250000000E+00     2.6071649197E-01
    2.0750000000E+00     2.8868517479E-01
    2.1250000000E+00     3.1829655408E-01
    2.1750000000E+00     3.4945415176E-01
    2.2250000000E+00     3.8203101153E-01
    2.2750000000E+00     4.1586896492E-01
    2.3250000000E+00     4.5077852284E-01
    2.3750000000E+00     4.8653945443E-01
    2.4250000000E+00     5.2290209937E-01
    2.4750000000E+00     5.5958944098E-01
    2.5250000000E+00     5.9629994606E-01
    2.5750000000E+00     6.3271115449E-01
    2.6250000000E+00     6.6848397666E-01
    2.6750000000E+00     7.0326763264E-01
    2.7250000000E+00     7.3670514259E-01
    2.7750000000E+00     7.6843925580E-01
    2.8250000000E+00     7.9811868590E-01
    2.8750000000E+00     8.2540450389E-01
    2.9250000000E+00     8.4997652852E-01
    2.9750000000E+00     8.7153954747E-01
    3.0250000000E+00     8.8982920092E-01
    3.0750000000E+00     9.0461736459E-01
    3.1250000000E+00     9.1571687895E-01
    3.1750000000E+00     9.2298548801E-01
    3.2250000000E+00     9.2632887178E-01
    3.2750000000E+00     9.2570268209E-01
    3.3250000000E+00     9.2111352040E-01
    3.3750000000E+00     9.1261882757E-01
    3.4250000000E+00     9.0032568773E-01
    3.4750000000E+00     8.8438858137E-01
    3.5250000000E+00     8.6500615329E-01
    3.5750000000E+00     8.4241709016E-01
    3.6250000000E+00     8.1689522724E-01
    3.6750000000E+00     7.8874402463E-01
    3.7250000000E+00     7.5829056871E-01
    3.7750000000E+00     7.2587926435E-01
    3.8250000000E+00     6.9186538756E-01
    3.8750000000E+00     6.5660866598E-01
    3.9250000000E+00     6.2046704780E-01
    3.9750000000E+00     5.8379080655E-01
    4.0250000000E+00     5.4691711299E-01
    4.0750000000E+00     5.1016518429E-01
    4.1250000000E+00     4.7383209845E-01
    4.1750000000E+00     4.3818933657E-01
    4.2250000000E+00     4.0348009113E-01
    4.2750000000E+00     3.6991735318E-01
    4.3250000000E+00     3.3768276825E-01
    4.3750000000E+00     3.0692622920E-01
    4.4250000000E+00     2.7776615562E-01
    4.4750000000E+00     2.5029039392E-01
    4.5250000000E+00     2.2455766015E-01
    4.5750000000E+00     2.0059943931E-01
    4.6250000000E+00     1.7842225004E-01
    4.6750000000E+00     1.5801018228E-01
    4.7250000000E+00     1.3932761718E-01
    4.7750000000E+00     1.2232204326E-01
    4.8250000000E+00     1.0692688949E-01
    4.8750000000E+00     9.3064304641E-02
    4.9250000000E+00     8.0647822224E-02
    4.9750000000E+00     6.9584860926E-02
    5.0250000000E+00     5.9779021410E-02
    5.0750000000E+00     5.1132151194E-02
    5.1250000000E+00     4.3546159565E-02
    5.1750000000E+00     3.6924573991E-02
    5.2250000000E+00     3.1173837862E-02
    5.2750000000E+00     2.6204356693E-02
    5.3250000000E+00     2.1931305771E-02
    5.3750000000E+00     1.8275216939E-02
    5.4250000000E+00     1.5162365503E-02
    5.4750000000E+00     1.2524980468E-02
    5.5250000000E+00     1.0301302349E-02
    5.5750000000E+00     8.4355129748E-03
    5.6250000000E+00     6.8775610441E-03
    5.6750000000E+00     5.5829059005E-03
    5.7250000000E+00     4.5122002538E-03
    5.7750000000E+00     3.6309304698E-03
    5.8250000000E+00     2.9090307640E-03
    5.8750000000E+00     2.3204852697E-03
    5.9250000000E+00     1.8429295915E-03
    5.9750000000E+00     1.4572612017E-03
    6.0250000000E+00     1.1472659338E-03
    6.0750000000E+00     8.9926592283E-04
    6.1250000000E+00     7.0179266186E-04
    6.1750000000E+00     5.4528740070E-04
    6.2250000000E+00     4.2182990293E-04
    6.2750000000E+00     3.2489559898E-04
    6.3250000000E+00     2.4914040457E-04
    6.3750000000E+00     1.9021189825E-04
    6.4250000000E+00     1.4458514595E-04
    6.4750000000E+00     1.0942119807E-04
    6.5250000000E+00     8.2446144241E-05
    6.5750000000E+00     6.1848566304E-05
    6.6250000000E+00     4.6193262178E-05
    6.6750000000E+00     3.4349201535E-05
    6.7250000000E+00     2.5429802206E-05
    6.7750000000E+00     1.8743770100E-05
    6.8250000000E+00     1.3754913173E-05
    6.8750000000E+00     1.0049512695E-05
    6.9250000000E+00     7.3100055410E-06
    6.9750000000E+00     5.2938943556E-06
    7.0250000000E+00     3.8169546837E-06
    7.0750000000E+00     2.7399473355E-06
    7.1250000000E+00     1.9581691926E-06
    7.1750000000E+00     1.3932861127E-06
    7.2250000000E+00     9.8698785942E-07
    7.2750000000E+00     6.9608781972E-07
    7.3250000000E+00     4.8876072686E-07
    7.3750000000E+00     3.4167087102E-07
    7.4250000000E+00     2.3779262628E-07
    7.4750000000E+00     1.6476581093E-07
    7.5250000000E+00     1.1366164016E-07
    7.5750000000E+00     7.8061949420E-08
    7.6250000000E+00     5.3375982202E-08
    7.6750000000E+00     3.6336250440E-08
    7.7250000000E+00     2.4628578538E-08
    7.7750000000E+00     1.6622108100E-08
    7.8250000000E+00     1.1173342903E-08
    7.8750000000E+00     7.4847300466E-09
    7.9250000000E+00     5.0031985477E-09
    7.9750000000E+00     3.3478334353E-09
    8.0250000000E+00     2.2587128368E-09
    8.0750000000E+00     1.5610872119E-09
    8.1250000000E+00     1.1407011143E-09
    8.1750000000E+00     9.2728156174E-10
    8.2250000000E+00     8.8414906204E-10
    8.2750000000E+00     1.0026323766E-09
    8.3250000000E+00     1.3005554489E-09
    8.3750000000E+00     1.8245730881E-09
    8.4250000000E+00     2.6566129857E-09
    8.4750000000E+00     3.9251850041E-09
    8.5250000000E+00     5.8228952559E-09
    8.5750000000E+00     8.6322083521E-09
    8.6250000000E+00     1.2762401582E-08
    8.6750000000E+00     1.8801828571E-08
    8.7250000000E+00     2.7591154514E-08
    8.7750000000E+00     4.0325261851E-08
    8.8250000000E+00     5.8694205952E-08
    8.8750000000E+00     8.5077114316E-08
    8.9250000000E+00     1.2280750445E-07
    8.9750000000E+00     1.7653443373E-07
    9.0250000000E+00     2.5271154134E-07
    9.0750000000E+00     3.6025582264E-07
    9.1250000000E+00     5.1143039821E-07
    9.1750000000E+00     7.2302120193E-07
    9.2250000000E+00     1.0178971122E-06
    9.2750000000E+00     1.4270673870E-06
    9.3250000000E+00     1.9923802400E-06
    9.3750000000E+00     2.7700430055E-06
    9.4250000000E+00     3.8351886644E-06
    9.4750000000E+00     5.2877666728E-06
    9.5250000000E+00     7.2600991893E-06
    9.5750000000E+00     9.9265180405E-06
    9.6250000000E+00     1.3515584078E-05
    9.6750000000E+00     1.8325489707E-05
    9.7250000000E+00     2.4743357731E-05
    9.7750000000E+00     3.3269275157E-05
    9.8250000000E+00     4.4546038439E-05
    9.8750000000E+00     5.9395735192E-05
    9.9250000000E+00     7.8864443807E-05
    9.9750000000E+00     1.0427649258E-04
