#t= 2.720000
    2.5000000000E-02     1.0000000000E+00
    7.5000000000E-02     1.0000000000E+00
    1.2500000000E-01     1.0000000000E+00
    1.7500000000E-01     1.0000000000E+00
    2.2500000000E-01     1.0000000000E+00
    2.7500000000E-01     1.0000000000E+00
    3.2500000000E-01     1.0000000000E+00
    3.7500000000E-01     1.0000000000E+00
    4.2500000000E-01     1.0000000000E+00
    4.7500000000E-01     1.0000000000E+00
    5.2500000000E-01     1.0000000000E+00
    5.7500000000E-01     1.0000000000E+00
    6.2500000000E-01     1.0000000000E+00
    6.7500000000E-01     1.0000000000E+00
    7.2500000000E-01     1.0000000000E+00
    7.7500000000E-01     1.0000000000E+00
    8.2500000000E-01     1.0000000000E+00
    8.7500000000E-01     1.0000000000E+00
    9.2500000000E-01     1.0000000000E+00
    9.7500000000E-01     1.0000000000E+00
    1.0250000000E+00     1.0000000000E+00
    1.0750000000E+00     1.0000000000E+00
    1.1250000000E+00     1.0000000000E+00
    1.1750000000E+00     1.0000000000E+00
    1.2250000000E+00     1.0000000000E+00
    1.2750000000E+00     1.0000000000E+00
    1.3250000000E+00     1.0000000000E+00
    1.3750000000E+00     1.0000000000E+00
    1.4250000000E+00     1.0000000000E+00
    1.4750000000E+00     1.0000000000E+00
    1.5250000000E+00     1.0000000000E+00
    1.5750000000E+00     1.0000000000E+00
    1.6250000000E+00     1.0000000000E+00
    1.6750000000E+00     1.0000000000E+00
    1.7250000000E+00     1.0000000000E+00
    1.7750000000E+00     1.0000000000E+00
    1.8250000000E+00     1.0000000000E+00
    1.8750000000E+00     1.0000000000E+00
    1.9250000000E+00     1.0000000000E+00
    1.9750000000E+00     1.0000000000E+00
    2.0250000000E+00     1.0000000000E+00
    2.0750000000E+00     1.0000000000E+00
    2.1250000000E+00     1.0000000000E+00
    2.1750000000E+00     1.0000000000E+00
    2.2250000000E+00     1.0000000000E+00
    2.2750000000E+00     1.0000000000E+00
    2.3250000000E+00     1.0000000000E+00
    2.3750000000E+00     1.0000000000E+00
    2.4250000000E+00     1.0000000000E+00
    2.4750000000E+00     1.0000000000E+00
    2.5250000000E+00     1.0000000000E+00
    2.5750000000E+00     1.0000000000E+00
    2.6250000000E+00     1.0000000000E+00
    2.6750000000E+00     1.0000000000E+00
    2.7250000000E+00     1.0000000000E+00
    2.7750000000E+00     1.0000000000E+00
    2.8250000000E+00     1.0000000000E+00
    2.8750000000E+00     1.0000000000E+00
    2.9250000000E+00     1.0000000000E+00
    2.9750000000E+00     1.0000000000E+00
    3.0250000000E+00     1.0000000000E+00
    3.0750000000E+00     1.0000000000E+00
    3.1250000000E+00     1.0000000000E+00
    3.1750000000E+00     1.0000000000E+00
    3.2250000000E+00     1.0000000000E+00
    3.2750000000E+00     1.0000000000E+00
    3.3250000000E+00     1.0000000000E+00
    3.3750000000E+00     1.0000000000E+00
    3.4250000000E+00     1.0000000000E+00
    3.4750000000E+00     1.0000000000E+00
    3.5250000000E+00     1.0000000000E+00
    3.5750000000E+00     1.0000000000E+00
    3.6250000000E+00     1.0000000000E+00
    3.6750000000E+00     1.0000000000E+00
    3.7250000000E+00     9.9999999999E-01
    3.7750000000E+00     9.9999999995E-01
    3.8250000000E+00     9.9999999984E-01
    3.8750000000E+00     9.9999999949E-01
    3.9250000000E+00     9.9999999843E-01
    3.9750000000E+00     9.9999999532E-01
    4.0250000000E+00     9.9999998646E-01
    4.0750000000E+00     9.9999996198E-01
    4.1250000000E+00     9.9999989635E-01
    4.1750000000E+00     9.9999972573E-01
    4.2250000000E+00     9.9999929552E-01
    4.2750000000E+00     9.9999824387E-01
    4.3250000000E+00     9.9999575209E-01
    4.3750000000E+00     9.9999003085E-01
    4.4250000000E+00     9.9997730495E-01
    4.4750000000E+00     9.9994989089E-01
    4.5250000000E+00     9.9989271608E-01
    4.5750000000E+00     9.9977730924E-01
    4.6250000000E+00     9.9955194175E-01
    4.6750000000E+00     9.9912633421E-01
    4.7250000000E+00     9.9834937598E-01
    4.7750000000E+00     9.9697895558E-01
    4.8250000000E+00     9.9464464275E-01
    4.8750000000E+00     9.9080689256E-01
    4.9250000000E+00     9.8472064386E-01
    4.9750000000E+00     9.7541604532E-01
    5.0250000000E+00     9.6171313134E-01
    5.0750000000E+00     9.4228837240E-01
    5.1250000000E+00     9.1580663087E-01
    5.1750000000E+00     8.8112037285E-01
    5.2250000000E+00     8.3751928922E-01
    5.2750000000E+00     7.8499121131E-01
    5.3250000000E+00     7.2443611794E-01
    5.3750000000E+00     6.5776765539E-01
    5.4250000000E+00     5.8784809077E-01
    5.4750000000E+00     5.1823492741E-01
    5.5250000000E+00     4.5276453067E-01
    5.5750000000E+00     3.9504642519E-01
    5.6250000000E+00     3.4797434555E-01
    5.6750000000E+00     3.1336295840E-01
    5.7250000000E+00     2.9178868661E-01
    5.7750000000E+00     2.8265826614E-01
    5.8250000000E+00     2.8446834911E-01
    5.8750000000E+00     2.9517446565E-01
    5.9250000000E+00     3.1257198063E-01
    5.9750000000E+00     3.3460700989E-01
    6.0250000000E+00     3.5957143967E-01
    6.0750000000E+00     3.8617705403E-01
    6.1250000000E+00     4.1353482306E-01
    6.1750000000E+00     4.4107933884E-01
    6.2250000000E+00     4.6847619945E-01
    6.2750000000E+00     4.9553829012E-01
    6.3250000000E+00     5.2216294949E-01
    6.3750000000E+00     5.4829121939E-01
    6.4250000000E+00     5.7388463139E-01
    6.4750000000E+00     5.9891352076E-01
    6.5250000000E+00     6.2335182821E-01
    6.5750000000E+00     6.4717506864E-01
    6.6250000000E+00     6.7035964556E-01
    6.6750000000E+00     6.9288266160E-01
    6.7250000000E+00     7.1472188649E-01
    6.7750000000E+00     7.3585576721E-01
    6.8250000000E+00     7.5626344713E-01
    6.8750000000E+00     7.7592478633E-01
    6.9250000000E+00     7.9482038145E-01
    6.9750000000E+00     8.1293158481E-01
    7.0250000000E+00     8.3024052284E-01
    7.0750000000E+00     8.4673011371E-01
    7.1250000000E+00     8.6238408419E-01
    7.1750000000E+00     8.7718698569E-01
    7.2250000000E+00     8.9112420955E-01
    7.2750000000E+00     9.0418200139E-01
    7.3250000000E+00     9.1634747476E-01
    7.3750000000E+00     9.2760862381E-01
    7.4250000000E+00     9.3795433513E-01
    7.4750000000E+00     9.4737439877E-01
    7.5250000000E+00     9.5585951826E-01
    7.5750000000E+00     9.6340131980E-01
    7.6250000000E+00     9.6999236055E-01
    7.6750000000E+00     9.7562613595E-01
    7.7250000000E+00     9.8029708615E-01
    7.7750000000E+00     9.8400060147E-01
    7.8250000000E+00     9.8673302700E-01
    7.8750000000E+00     9.8849166616E-01
    7.9250000000E+00     9.8927478339E-01
    7.9750000000E+00     9.8908160584E-01
    8.0250000000E+00     9.8791232416E-01
    8.0750000000E+00     9.8576809229E-01
    8.1250000000E+00     9.8265102633E-01
    8.1750000000E+00     9.7856420244E-01
    8.2250000000E+00     9.7351165382E-01
    8.2750000000E+00     9.6749836674E-01
    8.3250000000E+00     9.6053027558E-01
    8.3750000000E+00     9.5261425700E-01
    8.4250000000E+00     9.4375812316E-01
    8.4750000000E+00     9.3397061399E-01
    8.5250000000E+00     9.2326138859E-01
    8.5750000000E+00     9.1164101566E-01
    8.6250000000E+00     8.9912096311E-01
    8.6750000000E+00     8.8571358673E-01
    8.7250000000E+00     8.7143211797E-01
    8.7750000000E+00     8.5629065092E-01
    8.8250000000E+00     8.4030412837E-01
    8.8750000000E+00     8.2348832711E-01
    8.9250000000E+00     8.0585984228E-01
    8.9750000000E+00     7.8743607109E-01
    9.0250000000E+00     7.6823519556E-01
    9.0750000000E+00     7.4827616464E-01
    9.1250000000E+00     7.2757867549E-01
    9.1750000000E+00     7.0616315402E-01
    9.2250000000E+00     6.8405073478E-01
    9.2750000000E+00     6.6126324005E-01
    9.3250000000E+00     6.3782315834E-01
    9.3750000000E+00     6.1375362218E-01
    9.4250000000E+00     5.8907838529E-01
    9.4750000000E+00     5.6382179916E-01
    9.5250000000E+00     5.3800878898E-01
    9.5750000000E+00     5.1166482908E-01
    9.6250000000E+00     4.8481591776E-01
    9.6750000000E+00     4.5748855167E-01
    9.7250000000E+00     4.2970969962E-01
    9.7750000000E+00     4.0150677596E-01
    9.8250000000E+00     3.7290761360E-01
    9.8750000000E+00     3.4394043644E-01
    9.9250000000E+00     3.1463383160E-01
    9.9750000000E+00     2.8501672115E-01
