#t= 0.880000
    2.5000000000E-02     3.2513310194E-05
    7.5000000000E-02     2.3638132124E-05
    1.2500000000E-01     1.7102278212E-05
    1.7500000000E-01     1.2313554118E-05
    2.2500000000E-01     8.8226962494E-06
    2.7500000000E-01     6.2908232289E-06
    3.2500000000E-01     4.4637687693E-06
    3.7500000000E-01     3.1519821794E-06
    4.2500000000E-01     2.2148967074E-06
    4.7500000000E-01     1.5488546554E-06
    5.2500000000E-01     1.0778420461E-06
    5.7500000000E-01     7.4642581177E-07
    6.2500000000E-01     5.1440484902E-07
    6.7500000000E-01     3.5278502352E-07
    7.2500000000E-01     2.4076963438E-07
    7.7500000000E-01     1.6352327582E-07
    8.2500000000E-01     1.1052067839E-07
    8.7500000000E-01     7.4335010895E-08
    9.2500000000E-01     4.9754112881E-08
    9.7500000000E-01     3.3139815164E-08
    1.0250000000E+00     2.1966279256E-08
    1.0750000000E+00     1.4489321556E-08
    1.1250000000E+00     9.5109641112E-09
    1.1750000000E+00     6.2127775340E-09
    1.2250000000E+00     4.0386083460E-09
    1.2750000000E+00     2.6125383841E-09
    1.3250000000E+00     1.6818255713E-09
    1.3750000000E+00     1.0774511810E-09
    1.4250000000E+00     6.8700359859E-10
    1.4750000000E+00     4.3615831109E-10
    1.5250000000E+00     2.7611703037E-10
    1.5750000000E+00     1.7515726215E-10
    1.6250000000E+00     1.1300208170E-10
    1.6750000000E+00     7.7115142004E-11
    1.7250000000E+00     6.0312654428E-11
    1.7750000000E+00     5.9304310021E-11
    1.8250000000E+00     7.3952667811E-11
    1.8750000000E+00     1.0717894995E-10
    1.9250000000E+00     1.6553825171E-10
    1.9750000000E+00     2.6055118614E-10
    2.0250000000E+00     4.1095336685E-10
    2.0750000000E+00     6.4616023345E-10
    2.1250000000E+00     1.0114685676E-09
    2.1750000000E+00     1.5758208998E-09
    2.2250000000E+00     2.4433416845E-09
    2.2750000000E+00     3.7703548863E-09
    2.3250000000E+00     5.7902943469E-09
    2.3750000000E+00     8.8499180652E-09
    2.4250000000E+00     1.3461636750E-08
    2.4750000000E+00     2.0378691975E-08
    2.5250000000E+00     3.0702544790E-08
    2.5750000000E+00     4.6035396021E-08
    2.6250000000E+00     6.8695556280E-08
    2.6750000000E+00     1.0201979971E-07
    2.7250000000E+00     1.5078535339E-07
    2.7750000000E+00     2.2179539666E-07
    2.8250000000E+00     3.2468661450E-07
    2.8750000000E+00     4.7303637283E-07
    2.9250000000E+00     6.8587155032E-07
    2.9750000000E+00     9.8971226150E-07
    3.0250000000E+00     1.4213231450E-06
    3.0750000000E+00     2.0313942903E-06
    3.1250000000E+00     2.8894351681E-06
    3.1750000000E+00     4.0902402170E-06
    3.2250000000E+00     5.7623762675E-06
    3.2750000000E+00     8.0792520075E-06
    3.3250000000E+00     1.1273460413E-05
    3.3750000000E+00     1.5655238386E-05
    3.4250000000E+00     2.1636065199E-05
    3.4750000000E+00     2.9758623356E-05
    3.5250000000E+00     4.0734571656E-05
    3.5750000000E+00     5.5491828531E-05
    3.6250000000E+00     7.5233329893E-05
    3.6750000000E+00     1.0150950326E-04
    3.7250000000E+00     1.3630697870E-04
    3.7750000000E+00     1.8215632388E-04
    3.8250000000E+00     2.4226182714E-04
    3.8750000000E+00     3.2065653713E-04
    3.9250000000E+00     4.2238587177E-04
    3.9750000000E+00     5.5372310277E-04
    4.0250000000E+00     7.2241986556E-04
    4.0750000000E+00     9.3799449933E-04
    4.1250000000E+00     1.2120604438E-03
    4.1750000000E+00     1.5586960640E-03
    4.2250000000E+00     1.9948560977E-03
    4.2750000000E+00     2.5408233880E-03
    4.3250000000E+00     3.2206976370E-03
    4.3750000000E+00     4.0629155898E-03
    4.4250000000E+00     5.1007943151E-03
    4.4750000000E+00     6.3730861273E-03
    4.5250000000E+00     7.9245302243E-03
    4.5750000000E+00     9.8063823912E-03
    4.6250000000E+00     1.2076900240E-02
    4.6750000000E+00     1.4801757583E-02
    4.7250000000E+00     1.8054357840E-02
    4.7750000000E+00     2.1916013117E-02
    4.8250000000E+00     2.6475952954E-02
    4.8750000000E+00     3.1831125085E-02
    4.9250000000E+00     3.8085750078E-02
    4.9750000000E+00     4.5350592821E-02
    5.0250000000E+00     5.3741916616E-02
    5.0750000000E+00     6.3380090571E-02
    5.1250000000E+00     7.4387827952E-02
    5.1750000000E+00     8.6888042547E-02
    5.2250000000E+00     1.0100132164E-01
    5.2750000000E+00     1.1684302792E-01
    5.3250000000E+00     1.3452005826E-01
    5.3750000000E+00     1.5412730432E-01
    5.4250000000E+00     1.7574387796E-01
    5.4750000000E+00     1.9942918247E-01
    5.5250000000E+00     2.2521892842E-01
    5.5750000000E+00     2.5312120890E-01
    5.6250000000E+00     2.8311276257E-01
    5.6750000000E+00     3.1513556327E-01
    5.7250000000E+00     3.4909388084E-01
    5.7750000000E+00     3.8485195842E-01
    5.8250000000E+00     4.2223244680E-01
    5.8750000000E+00     4.6101572474E-01
    5.9250000000E+00     5.0094021671E-01
    5.9750000000E+00     5.4170379539E-01
    6.0250000000E+00     5.8296632653E-01
    6.0750000000E+00     6.2435337857E-01
    6.1250000000E+00     6.6546108104E-01
    6.1750000000E+00     7.0586207398E-01
    6.2250000000E+00     7.4511244862E-01
    6.2750000000E+00     7.8275953821E-01
    6.3250000000E+00     8.1835037964E-01
    6.3750000000E+00     8.5144063256E-01
    6.4250000000E+00     8.8160371578E-01
    6.4750000000E+00     9.0843990181E-01
    6.5250000000E+00     9.3158510012E-01
    6.5750000000E+00     9.5071906081E-01
    6.6250000000E+00     9.6557274052E-01
    6.6750000000E+00     9.7593459428E-01
    6.7250000000E+00     9.8165558760E-01
    6.7750000000E+00     9.8265276295E-01
    6.8250000000E+00     9.7891124115E-01
    6.8750000000E+00     9.7048459055E-01
    6.9250000000E+00     9.5749355078E-01
    6.9750000000E+00     9.4012315391E-01
    7.0250000000E+00     9.1861833879E-01
    7.0750000000E+00     8.9327820394E-01
    7.1250000000E+00     8.6444908746E-01
    7.1750000000E+00     8.3251669761E-01
    7.2250000000E+00     7.9789754392E-01
    7.2750000000E+00     7.6102993413E-01
    7.3250000000E+00     7.2236480771E-01
    7.3750000000E+00     6.8235667175E-01
    7.4250000000E+00     6.4145488973E-01
    7.4750000000E+00     6.0009555043E-01
    7.5250000000E+00     5.5869411296E-01
    7.5750000000E+00     5.1763898771E-01
    7.6250000000E+00     4.7728617220E-01
    7.6750000000E+00     4.3795501917E-01
    7.7250000000E+00     3.9992517157E-01
    7.7750000000E+00     3.6343465913E-01
    7.8250000000E+00     3.2867911381E-01
    7.8750000000E+00     2.9581202934E-01
    7.9250000000E+00     2.6494596272E-01
    7.9750000000E+00     2.3615455528E-01
    8.0250000000E+00     2.0947523613E-01
    8.0750000000E+00     1.8491246351E-01
    8.1250000000E+00     1.6244135723E-01
    8.1750000000E+00     1.4201157954E-01
    8.2250000000E+00     1.2355132996E-01
    8.2750000000E+00     1.0697133223E-01
    8.3250000000E+00     9.2168706487E-02
    8.3750000000E+00     7.9030637230E-02
    8.4250000000E+00     6.7437765720E-02
    8.4750000000E+00     5.7267253689E-02
    8.5250000000E+00     4.8395483065E-02
    8.5750000000E+00     4.0700372755E-02
    8.6250000000E+00     3.4063308285E-02
    8.6750000000E+00     2.8370692731E-02
    8.7250000000E+00     2.3515137801E-02
    8.7750000000E+00     1.9396321998E-02
    8.8250000000E+00     1.5921548640E-02
    8.8750000000E+00     1.3006040228E-02
    8.9250000000E+00     1.0573007420E-02
    8.9750000000E+00     8.5535310662E-03
    9.0250000000E+00     6.8862944760E-03
    9.0750000000E+00     5.5172008461E-03
    9.1250000000E+00     4.3989076646E-03
    9.1750000000E+00     3.4903063199E-03
    9.2250000000E+00     2.7559712642E-03
    9.2750000000E+00     2.1655991291E-03
    9.3250000000E+00     1.6934543398E-03
    9.3750000000E+00     1.3178341370E-03
    9.4250000000E+00     1.0205626084E-03
    9.4750000000E+00     7.8652039383E-04
    9.5250000000E+00     6.0321420338E-04
    9.5750000000E+00     4.6038817963E-04
    9.6250000000E+00     3.4967743256E-04
    9.6750000000E+00     2.6430274828E-04
    9.7250000000E+00     1.9880448945E-04
    9.7750000000E+00     1.4881302004E-04
    9.8250000000E+00     1.1085255522E-04
    9.8750000000E+00     8.2175115256E-05
    9.9250000000E+00     6.0621206013E-05
    9.9750000000E+00     4.4503919372E-05
