#t= 6.240000
    2.5000000000E-02     4.8679989956E-03
    7.5000000000E-02     3.9538224221E-03
    1.2500000000E-01     3.1981717971E-03
    1.7500000000E-01     2.5763418986E-03
    2.2500000000E-01     2.0669092567E-03
    2.7500000000E-01     1.6514090442E-03
    3.2500000000E-01     1.3140211926E-03
    3.7500000000E-01     1.0412707530E-03
    4.2500000000E-01     8.2174616781E-04
    4.7500000000E-01     6.4583793081E-04
    5.2500000000E-01     5.0549909023E-04
    5.7500000000E-01     3.9402819952E-04
    6.2500000000E-01     3.0587462606E-04
    6.7500000000E-01     2.3646558636E-04
    7.2500000000E-01     1.8205386816E-04
    7.7500000000E-01     1.3958491075E-04
    8.2500000000E-01     1.0658172785E-04
    8.7500000000E-01     8.1046055983E-05
    9.2500000000E-01     6.1374078343E-05
    9.7500000000E-01     4.6285096625E-05
    1.0250000000E+00     3.4761585992E-05
    1.0750000000E+00     2.5999160866E-05
    1.1250000000E+00     1.9365091030E-05
    1.1750000000E+00     1.4364130461E-05
    1.2250000000E+00     1.0610548832E-05
    1.2750000000E+00     7.8053824638E-06
    1.3250000000E+00     5.7180438857E-06
    1.3750000000E+00     4.1715443066E-06
    1.4250000000E+00     3.0306895057E-06
    1.4750000000E+00     2.1927058331E-06
    1.5250000000E+00     1.5798388542E-06
    1.5750000000E+00     1.1335427030E-06
    1.6250000000E+00     8.0994386522E-07
    1.6750000000E+00     5.7631952770E-07
    1.7250000000E+00     4.0837859326E-07
    1.7750000000E+00     2.8817383749E-07
    1.8250000000E+00     2.0250735355E-07
    1.8750000000E+00     1.4171926063E-07
    1.9250000000E+00     9.8772458753E-08
    1.9750000000E+00     6.8564752822E-08
    2.0250000000E+00     4.7414623534E-08
    2.0750000000E+00     3.2678896113E-08
    2.1250000000E+00     2.2470076973E-08
    2.1750000000E+00     1.5448646788E-08
    2.2250000000E+00     1.0671501764E-08
    2.2750000000E+00     7.4823475746E-09
    2.3250000000E+00     5.4334435337E-09
    2.3750000000E+00     4.2308926327E-09
    2.4250000000E+00     3.6978624261E-09
    2.4750000000E+00     3.7518566121E-09
    2.5250000000E+00     4.3935670796E-09
    2.5750000000E+00     5.7060316735E-09
    2.6250000000E+00     7.8639014654E-09
    2.6750000000E+00     1.1153672712E-08
    2.7250000000E+00     1.6006850292E-08
    2.7750000000E+00     2.3049271197E-08
    2.8250000000E+00     3.3171326243E-08
    2.8750000000E+00     4.7625686101E-08
    2.9250000000E+00     6.8161492768E-08
    2.9750000000E+00     9.7206972323E-08
    3.0250000000E+00     1.3811624183E-07
    3.0750000000E+00     1.9550094086E-07
    3.1250000000E+00     2.7567347733E-07
    3.1750000000E+00     3.8723644770E-07
    3.2250000000E+00     5.4186253714E-07
    3.2750000000E+00     7.5532135035E-07
    3.3250000000E+00     1.0488246567E-06
    3.3750000000E+00     1.4507800072E-06
    3.4250000000E+00     1.9990652161E-06
    3.4750000000E+00     2.7439634711E-06
    3.5250000000E+00     3.7519315757E-06
    3.5750000000E+00     5.1104127882E-06
    3.6250000000E+00     6.9339516684E-06
    3.6750000000E+00     9.3719220106E-06
    3.7250000000E+00     1.2618240976E-05
    3.7750000000E+00     1.6923513446E-05
    3.8250000000E+00     2.2610130698E-05
    3.8750000000E+00     3.0090936693E-05
    3.9250000000E+00     3.9892173183E-05
    3.9750000000E+00     5.2681520333E-05
    4.0250000000E+00     6.9302161135E-05
    4.0750000000E+00     9.0813912739E-05
    4.1250000000E+00     1.1854258265E-04
    4.1750000000E+00     1.5413881764E-04
    4.2250000000E+00     1.9964781226E-04
    4.2750000000E+00     2.5759132466E-04
    4.3250000000E+00     3.3106350085E-04
    4.3750000000E+00     4.2384202457E-04
    4.4250000000E+00     5.4051607594E-04
    4.4750000000E+00     6.8663248591E-04
    4.5250000000E+00     8.6886129936E-04
    4.5750000000E+00     1.0951816942E-03
    4.6250000000E+00     1.3750888308E-03
    4.6750000000E+00     1.7198217107E-03
    4.7250000000E+00     2.1426114943E-03
    4.7750000000E+00     2.6589489520E-03
    4.8250000000E+00     3.2868687946E-03
    4.8750000000E+00     4.0472475467E-03
    4.9250000000E+00     4.9641103935E-03
    4.9750000000E+00     6.0649410596E-03
    5.0250000000E+00     7.3809872873E-03
    5.0750000000E+00     8.9475529070E-03
    5.1250000000E+00     1.0804265867E-02
    5.1750000000E+00     1.2995309974E-02
    5.2250000000E+00     1.5569606567E-02
    5.2750000000E+00     1.8580930925E-02
    5.3250000000E+00     2.2087947091E-02
    5.3750000000E+00     2.6154143930E-02
    5.4250000000E+00     3.0847654860E-02
    5.4750000000E+00     3.6240943802E-02
    5.5250000000E+00     4.2410340668E-02
    5.5750000000E+00     4.9435411138E-02
    5.6250000000E+00     5.7398147761E-02
    5.6750000000E+00     6.6381972467E-02
    5.7250000000E+00     7.6470544574E-02
    5.7750000000E+00     8.7746373176E-02
    5.8250000000E+00     1.0028923846E-01
    5.8750000000E+00     1.1417443286E-01
    5.9250000000E+00     1.2947084003E-01
    5.9750000000E+00     1.4623887690E-01
    6.0250000000E+00     1.6452833201E-01
    6.0750000000E+00     1.8437614049E-01
    6.1250000000E+00     2.0580414393E-01
    6.1750000000E+00     2.2881688933E-01
    6.2250000000E+00     2.5339952758E-01
    6.2750000000E+00     2.7951587573E-01
    6.3250000000E+00     3.0710671036E-01
    6.3750000000E+00     3.3608835967E-01
    6.4250000000E+00     3.6635166091E-01
    6.4750000000E+00     3.9776134548E-01
    6.5250000000E+00     4.3015590812E-01
    6.5750000000E+00     4.6334800757E-01
    6.6250000000E+00     4.9712543507E-01
    6.6750000000E+00     5.3125267389E-01
    6.7250000000E+00     5.6547305745E-01
    6.7750000000E+00     5.9951151761E-01
    6.8250000000E+00     6.3307789642E-01
    6.8750000000E+00     6.6587077720E-01
    6.9250000000E+00     6.9758177285E-01
    6.9750000000E+00     7.2790019243E-01
    7.0250000000E+00     7.5651799217E-01
    7.0750000000E+00     7.8313490389E-01
    7.1250000000E+00     8.0746362373E-01
    7.1750000000E+00     8.2923493755E-01
    7.2250000000E+00     8.4820265603E-01
    7.2750000000E+00     8.6414823384E-01
    7.3250000000E+00     8.7688495194E-01
    7.3750000000E+00     8.8626155144E-01
    7.4250000000E+00     8.9216522034E-01
    7.4750000000E+00     8.9452385063E-01
    7.5250000000E+00     8.9330750291E-01
    7.5750000000E+00     8.8852903667E-01
    7.6250000000E+00     8.8024388806E-01
    7.6750000000E+00     8.6854900008E-01
    7.7250000000E+00     8.5358093434E-01
    7.7750000000E+00     8.3551321551E-01
    7.8250000000E+00     8.1455298101E-01
    7.8750000000E+00     7.9093702611E-01
    7.9250000000E+00     7.6492735038E-01
    7.9750000000E+00     7.3680632243E-01
    8.0250000000E+00     7.0687158764E-01
    8.0750000000E+00     6.7543084710E-01
    8.1250000000E+00     6.4279663508E-01
    8.1750000000E+00     6.0928121775E-01
    8.2250000000E+00     5.7519172760E-01
    8.2750000000E+00     5.4082563642E-01
    8.3250000000E+00     5.0646665540E-01
    8.3750000000E+00     4.7238113475E-01
    8.4250000000E+00     4.3881501763E-01
    8.4750000000E+00     4.0599138469E-01
    8.5250000000E+00     3.7410860738E-01
    8.5750000000E+00     3.4333911049E-01
    8.6250000000E+00     3.1382872774E-01
    8.6750000000E+00     2.8569661983E-01
    8.7250000000E+00     2.5903571109E-01
    8.7750000000E+00     2.3391359127E-01
    8.8250000000E+00     2.1037382040E-01
    8.8750000000E+00     1.8843757009E-01
    8.9250000000E+00     1.6810553137E-01
    8.9750000000E+00     1.4936001924E-01
    9.0250000000E+00     1.3216720561E-01
    9.0750000000E+00     1.1647941620E-01
    9.1250000000E+00     1.0223743213E-01
    9.1750000000E+00     8.9372743540E-02
    9.2250000000E+00     7.7809709730E-02
    9.2750000000E+00     6.7467588349E-02
    9.3250000000E+00     5.8262404110E-02
    9.3750000000E+00     5.0108635440E-02
    9.4250000000E+00     4.2920705077E-02
    9.4750000000E+00     3.6614267607E-02
    9.5250000000E+00     3.1107293180E-02
    9.5750000000E+00     2.6320952120E-02
    9.6250000000E+00     2.2180309597E-02
    9.6750000000E+00     1.8614843179E-02
    9.7250000000E+00     1.5558798711E-02
    9.7750000000E+00     1.2951401815E-02
    9.8250000000E+00     1.0736943297E-02
    9.8750000000E+00     8.8647570976E-03
    9.9250000000E+00     7.2891090888E-03
    9.9750000000E+00     5.9690143071E-03
